0.470963 -0.881935 0.019603 1.4627 0.88215 0.470897 -0.00816885 2.35858 -0.00202661 0.0211401 0.999774 1.06084
0.469659 -0.882656 0.018395 1.87536 0.882846 0.469604 -0.00747049 3.14892 -0.00204446 0.0197485 0.999803 1.05311
0.468739 -0.88312 0.0195488 2.3053 0.883334 0.468683 -0.00763665 3.9288 -0.0024181 0.0208477 0.99978 1.06182
0.467254 -0.883883 0.0206016 2.72634 0.884117 0.467212 -0.00709699 4.72321 -0.00335241 0.0215303 0.999763 1.0661
0.466141 -0.884454 0.0212945 3.13942 0.8847 0.466119 -0.00631086 5.5384 -0.0043441 0.021781 0.999753 1.07834
0.46465 -0.88524 0.0212267 3.55183 0.885488 0.464608 -0.00716711 6.35299 -0.0035175 0.0221262 0.999749 1.07688
0.463219 -0.885986 0.0213676 3.97951 0.88624 0.463151 -0.00833064 7.14977 -0.00251559 0.0227957 0.999737 1.07134
0.462257 -0.886482 0.0216374 4.41916 0.886741 0.462197 -0.00800762 7.95515 -0.00290214 0.0228884 0.999734 1.07606
0.461991 -0.886615 0.0218712 4.84396 0.88687 0.461986 -0.0055593 8.77828 -0.00517524 0.0219653 0.999745 1.0597
0.463319 -0.885908 0.0224081 5.26758 0.886142 0.463412 -0.00119505 9.6402 -0.00932545 0.0204104 0.999748 1.07027
0.464699 -0.88513 0.0244833 5.69379 0.885383 0.464862 0.00109733 10.4686 -0.0123526 0.0211672 0.9997 1.06589
0.465884 -0.884467 0.0258848 6.11716 0.884738 0.466085 0.00196683 11.3089 -0.0138041 0.0219849 0.999663 1.06798
0.467829 -0.883465 0.0249991 6.56496 0.883735 0.467987 0.00054414 12.1412 -0.01218 0.021838 0.999687 1.06596
0.469171 -0.882807 0.0230319 7.00925 0.883069 0.469235 -0.00287141 12.9932 -0.00827248 0.021686 0.999731 1.08169
0.469813 -0.882567 0.0187351 7.45847 0.882759 0.469789 -0.00592272 13.8499 -0.00357437 0.0193212 0.999807 1.0836
0.470356 -0.882324 0.0164428 7.92858 0.882473 0.470327 -0.00583046 14.701 -0.00258913 0.0172527 0.999848 1.08739
0.470274 -0.88233 0.0183399 8.36655 0.882494 0.470319 -0.00204825 15.5434 -0.00681838 0.0171481 0.99983 1.08775
0.469438 -0.882636 0.0241177 8.8149 0.882879 0.469599 0.00118283 16.4247 -0.0123696 0.0207377 0.999709 1.08532
0.468566 -0.882759 0.0343864 9.28858 0.883324 0.468753 -0.00289996 17.2958 -0.0135588 0.0317332 0.999404 1.07214
0.467489 -0.883103 0.0397808 9.75698 0.883928 0.467548 -0.00838829 18.173 -0.0111917 0.0390848 0.999173 1.05425
0.466191 -0.883858 0.0382079 10.218 0.884658 0.46607 -0.0125692 19.0428 -0.00669822 0.0396606 0.999191 1.0526
0.464534 -0.884948 0.0327894 10.6643 0.885549 0.464356 -0.013323 19.9111 -0.00343579 0.0352256 0.999374 1.06431
0.46328 -0.885742 0.0288695 11.1311 0.886207 0.463142 -0.0116882 20.7869 -0.00301797 0.0309992 0.999515 1.06745
0.462437 -0.88624 0.0270492 11.6039 0.886635 0.462404 -0.0078248 21.6839 -0.005573 0.0276012 0.999604 1.07401
0.461246 -0.886874 0.0265678 12.0661 0.887235 0.461295 -0.00462836 22.5758 -0.0081508 0.0257067 0.999636 1.07809
0.460612 -0.887161 0.0279752 12.5219 0.887532 0.460741 -0.00203644 23.4855 -0.0110827 0.0257669 0.999607 1.07906
0.460654 -0.887113 0.0287828 12.9893 0.88746 0.460882 0.00146314 24.402 -0.0145634 0.0248696 0.999585 1.08826
0.459859 -0.887561 0.0276441 13.4455 0.887822 0.460157 0.00522966 25.3189 -0.0173623 0.0221381 0.999604 1.07218
0.45995 -0.887508 0.0278336 13.913 0.887767 0.460259 0.00558806 26.2255 -0.0177701 0.0221395 0.999597 1.05549
0.460146 -0.887359 0.0293053 14.3722 0.887702 0.460411 0.00263833 27.1129 -0.0158336 0.0248003 0.999567 1.05839
0.460317 -0.887305 0.0282471 14.8072 0.887658 0.460504 0.00014035 27.9718 -0.0131325 0.0250092 0.999601 1.04754
0.459867 -0.887651 0.0244725 15.2691 0.887902 0.460031 0.00125802 28.8631 -0.0123748 0.0211507 0.9997 1.06016
0.458717 -0.888157 0.0275082 15.7136 0.888479 0.458916 0.00103492 29.7521 -0.0135431 0.0239657 0.999621 1.05386
0.45789 -0.888502 0.0300143 16.1603 0.888887 0.458125 0.00108064 30.6475 -0.0147104 0.0261845 0.999549 1.05024
0.457382 -0.88873 0.0310103 16.6283 0.889167 0.457583 -0.000680667 31.5496 -0.0135849 0.0278846 0.999519 1.04885
0.457244 -0.889014 0.0241135 17.067 0.889297 0.457325 -0.00236183 32.4201 -0.00892801 0.022524 0.999707 1.04796
0.456988 -0.889268 0.0190941 17.509 0.889456 0.457008 -0.00354526 33.2832 -0.00557345 0.0186035 0.999811 1.06532
0.456449 -0.889568 0.0179757 17.9581 0.889727 0.456487 -0.00219986 34.1592 -0.00624873 0.0169976 0.999836 1.0691
0.456208 -0.889577 0.0229889 18.4078 0.889815 0.456322 -0.000328559 35.0249 -0.010198 0.0206057 0.999736 1.08207
0.456153 -0.88948 0.0273832 18.827 0.889806 0.456338 0.000576023 35.9068 -0.0130084 0.024103 0.999625 1.06076
0.456191 -0.8894 0.029292 19.2731 0.889782 0.456386 -3.85907e-05 36.7745 -0.0133341 0.0260811 0.999571 1.06375
0.455528 -0.889699 0.0305107 19.7265 0.89014 0.455683 -0.00204846 37.5986 -0.0120807 0.0280919 0.999532 1.07727
0.454794 -0.890072 0.0305802 20.1709 0.890519 0.454939 -0.00245391 38.4828 -0.0117279 0.0283482 0.999529 1.07682
0.453963 -0.890425 0.0325885 20.6106 0.890918 0.454162 -0.00143054 39.3481 -0.0135267 0.0296831 0.999468 1.09689
0.453092 -0.890728 0.0362192 21.0502 0.891284 0.453442 0.00165572 40.2038 -0.0178981 0.0315314 0.999343 1.09675
0.452795 -0.890764 0.038939 21.479 0.891345 0.453301 0.00480773 41.0632 -0.0219336 0.0325311 0.99923 1.08074
0.451978 -0.89118 0.0389313 21.8911 0.891797 0.452426 0.0030903 41.8992 -0.0203675 0.033322 0.999237 1.05384
0.450683 -0.891923 0.0368739 22.2955 0.892564 0.450917 -0.00219159 42.7269 -0.0146723 0.0339 0.999318 1.02441
0.450042 -0.892501 0.030082 22.7188 0.892972 0.450068 -0.00628677 43.5642 -0.00792799 0.0296917 0.999528 1.05549
0.449049 -0.893192 0.0237398 23.135 0.89349 0.449044 -0.00587726 44.403 -0.00541068 0.0238504 0.999701 1.0697
0.448358 -0.893638 0.019648 23.5372 0.893827 0.448407 -0.00204338 45.246 -0.00698425 0.018478 0.999805 1.07302
0.44717 -0.894173 0.0222435 23.9351 0.894388 0.447291 0.000554603 46.0049 -0.0104452 0.0196463 0.999753 1.06884
0.445802 -0.894856 0.0221941 24.3106 0.89506 0.445943 0.00155013 46.7775 -0.0112844 0.019174 0.999753 1.06629
0.444759 -0.895398 0.0212694 24.6873 0.895584 0.44489 0.00164022 47.5571 -0.0109312 0.0183191 0.999772 1.0737
0.443297 -0.896136 0.0207096 25.0671 0.896309 0.443427 0.00193954 48.3299 -0.0109213 0.0177024 0.999784 1.08783
0.442041 -0.896752 0.0208838 25.4363 0.896925 0.442178 0.00217985 49.0938 -0.0111891 0.0177676 0.99978 1.08085
0.441013 -0.897273 0.0202426 25.7846 0.897423 0.44116 0.00325232 49.8182 -0.0118484 0.0167318 0.99979 1.09429
0.43999 -0.897793 0.0193957 26.127 0.897895 0.440169 0.0059562 50.5372 -0.0138848 0.0147947 0.999794 1.10204
0.438434 -0.89856 0.0191281 26.4749 0.898595 0.438665 0.0100527 51.2532 -0.0174238 0.0127809 0.999767 1.08752
0.436874 -0.899339 0.01818 26.8087 0.899294 0.43713 0.0137105 51.9637 -0.0202774 0.0103594 0.999741 1.07667
0.435831 -0.899852 0.0178253 27.1309 0.899849 0.436054 0.0113236 52.6676 -0.0179624 0.0111049 0.999777 1.06236
0.434647 -0.900415 0.0183181 27.4242 0.900526 0.434783 0.00408294 53.3069 -0.0116408 0.0147213 0.999824 1.05773
0.4338 -0.900847 0.0170835 27.7363 0.900996 0.433819 -0.00280236 53.9485 -0.00488665 0.0166078 0.99985 1.08541
0.433475 -0.901087 0.0118721 28.0329 0.901164 0.43346 -0.0039507 54.5952 -0.00158615 0.0124112 0.999922 1.10099
0.432719 -0.901499 0.00725597 28.3471 0.901523 0.432732 0.000154956 55.2477 -0.00327958 0.00647437 0.999974 1.10149
0.431571 -0.902037 0.00876011 28.626 0.90205 0.431615 0.00386011 55.8548 -0.00726295 0.00623614 0.999954 1.10158
0.430364 -0.902562 0.0129954 28.9046 0.90263 0.430416 0.0013695 56.4277 -0.00682946 0.0111406 0.999914 1.09356
0.430471 -0.902448 0.0167871 29.1764 0.902597 0.430467 -0.00405029 56.9789 -0.00357109 0.0168955 0.999851 1.10289
0.431587 -0.901868 0.019127 29.431 0.902068 0.43143 -0.0119241 57.5122 0.00250197 0.0224002 0.999746 1.11105
0.433915 -0.900794 0.0169689 29.6776 0.900939 0.433724 -0.0138316 58.0429 0.0050996 0.0212896 0.99976 1.13028
0.437593 -0.899092 0.0121025 29.9283 0.899172 0.437531 -0.00753312 58.5661 0.00147775 0.0141787 0.999898 1.1169
0.44173 -0.897089 0.0103436 30.184 0.897146 0.441723 -0.00307335 59.0685 -0.00181192 0.0106373 0.999942 1.11454
0.446507 -0.894685 0.0130384 30.4445 0.894762 0.446543 -0.000205716 59.5586 -0.00563817 0.0117582 0.999915 1.13725
0.453639 -0.890937 0.021015 30.6802 0.891135 0.453738 -9.28586e-05 60.063 -0.00945255 0.0187693 0.999779 1.14841
0.462745 -0.886169 0.0239327 30.9049 0.886421 0.462881 0.000160675 60.5444 -0.0112204 0.0211401 0.999714 1.13578
0.475347 -0.879547 0.0210137 31.1591 0.879723 0.475483 0.00167261 60.9882 -0.0114628 0.0176912 0.999778 1.13824
0.491053 -0.87097 0.0166562 31.3984 0.871048 0.49118 0.00432074 61.4201 -0.0119444 0.0123867 0.999852 1.13219
0.512468 -0.858543 0.0167666 31.6745 0.858594 0.512619 0.00618159 61.788 -0.013902 0.0112278 0.99984 1.12326
0.535269 -0.844449 0.0198339 31.9461 0.844543 0.535459 0.00560143 62.1445 -0.0153504 0.0137523 0.999788 1.12746
0.561159 -0.827369 0.0236895 32.219 0.827521 0.561411 0.00523924 62.5089 -0.0176344 0.0166635 0.999706 1.11747
0.592685 -0.805027 0.0256165 32.3773 0.805177 0.593 0.00642732 62.8583 -0.0203647 0.0168164 0.999651 1.12331
0.624016 -0.780984 0.0258409 32.6089 0.781111 0.624351 0.00706126 63.1584 -0.0216486 0.0157783 0.999641 1.11716
0.65705 -0.753401 0.0259183 32.902 0.753501 0.657402 0.00771253 63.4506 -0.0228494 0.014462 0.999634 1.12081
0.69179 -0.721631 0.0259964 33.2386 0.721705 0.692154 0.00810733 63.7543 -0.023844 0.0131532 0.999629 1.11002
0.727746 -0.685374 0.0254686 33.5607 0.685424 0.7281 0.00807143 64.0501 -0.0240756 0.0115828 0.999643 1.10274
0.763668 -0.645143 0.0245173 33.8896 0.645182 0.763993 0.00731618 64.3127 -0.023451 0.010231 0.999673 1.11031
0.800634 -0.598675 0.02396 34.2344 0.598711 0.800939 0.00640978 64.5337 -0.0230279 0.00921323 0.999692 1.09166
0.835855 -0.548436 0.0237537 34.5718 0.548465 0.836153 0.00584492 64.7354 -0.0230673 0.00814255 0.999701 1.07985
0.869532 -0.493337 0.0230912 34.9142 0.493358 0.869811 0.00517204 64.9188 -0.0226365 0.00689499 0.99972 1.06267
0.899874 -0.435558 0.0227247 35.2808 0.435598 0.900135 0.00342502 65.0637 -0.0219471 0.00681673 0.999736 1.06256
0.926104 -0.376574 0.0228831 35.6305 0.37663 0.926362 0.00201005 65.1786 -0.021955 0.00675695 0.999736 1.0524
0.947998 -0.317338 0.024425 35.9915 0.317378 0.948296 0.00234015 65.2789 -0.0239048 0.0055335 0.999699 1.05394
0.966026 -0.257093 0.026401 36.3659 0.257052 0.966385 0.00497975 65.3758 -0.0267937 0.00197587 0.999639 1.02522
0.980096 -0.196582 0.0276979 36.7394 0.196492 0.980487 0.00594063 65.4329 -0.0283253 -0.000379967 0.999599 1.02286
0.99022 -0.13664 0.0281996 37.1245 0.136595 0.990621 0.00352873 65.4588 -0.0284173 0.000357694 0.999596 1.00924
0.996506 -0.0784932 0.0285642 37.4953 0.0785398 0.996911 -0.000509093 65.4747 -0.028436 0.00275074 0.999592 1.0096
0.999322 -0.0229762 0.02876 37.8556 0.0230236 0.999734 -0.00131294 65.4874 -0.0287222 0.00197421 0.999585 1.00307
0.999108 0.0311701 0.0284741 38.2326 -0.0312262 0.999511 0.00152803 65.4787 -0.0284126 -0.00241581 0.999593 1.00348
0.996278 0.081584 0.0278121 38.6189 -0.0817493 0.996641 0.00485571 65.4522 -0.0273225 -0.00711126 0.999602 0.989335
0.991584 0.127073 0.0247676 38.9803 -0.12713 0.991886 0.000733996 65.3979 -0.0244733 -0.00387651 0.999693 0.924941
0.985291 0.169366 0.0227386 39.3828 -0.169255 0.985549 -0.00675197 65.3259 -0.0235536 0.00280403 0.999719 0.895824
0.978125 0.206705 0.0233521 39.7762 -0.206458 0.978375 -0.0125538 65.2807 -0.025442 0.00745792 0.999648 0.909796
0.970246 0.24077 0.0255437 40.1471 -0.240449 0.970545 -0.0150253 65.2289 -0.0284089 0.00843628 0.999561 0.96055
0.962451 0.270216 0.0259254 40.5008 -0.270172 0.962798 -0.00523944 65.1387 -0.0263767 -0.00196161 0.99965 0.964864
0.95435 0.297716 0.0241195 40.88 -0.297844 0.954613 0.00181565 65.0216 -0.0224842 -0.00891659 0.999708 0.93858
0.946172 0.322985 0.0209734 41.257 -0.323142 0.94634 0.00447071 64.8938 -0.018404 -0.0110074 0.99977 0.936927
0.938282 0.345484 0.0163435 41.66 -0.345534 0.938406 0.000260966 64.7565 -0.0152467 -0.0058921 0.999866 0.931411
0.930486 0.366166 0.0108936 42.055 -0.366131 0.930549 -0.00509759 64.6023 -0.0120036 0.000754734 0.999928 0.925079
0.923277 0.384105 0.00473932 42.4483 -0.384068 0.923277 -0.00717058 64.4373 -0.00712996 0.00480021 0.999963 0.924045
0.91635 0.400373 0.00189642 42.8564 -0.400367 0.91635 -0.00297491 64.2396 -0.00292886 0.0019668 0.999994 0.961229
0.909684 0.415261 0.00575909 43.3013 -0.415269 0.909698 0.000323676 64.0335 -0.00510463 -0.00268602 0.999983 0.959104
0.90333 0.428809 0.0108773 43.7386 -0.428847 0.903376 0.00135715 63.8417 -0.00924435 -0.00589067 0.99994 0.95089
0.897485 0.440833 0.0136837 44.182 -0.440882 0.897565 0.000679182 63.6226 -0.0119826 -0.00664246 0.999906 0.936831
0.891828 0.452187 0.0130602 44.6312 -0.452191 0.891917 -0.00279608 63.3605 -0.0129129 -0.00341207 0.999911 0.916958
0.886697 0.462204 0.0116074 45.0865 -0.462169 0.886773 -0.00571861 63.1003 -0.0129363 -0.000293897 0.999916 0.912398
0.88287 0.469532 0.00900699 45.5503 -0.469453 0.882906 -0.00959504 62.8395 -0.0124575 0.00424282 0.999914 0.906869
0.879957 0.474995 0.00745849 46.0262 -0.474907 0.879967 -0.0110117 62.5881 -0.0117937 0.00614776 0.999912 0.893315
0.877624 0.479273 0.00857695 46.5333 -0.479214 0.877661 -0.00804325 62.3271 -0.0113826 0.00294875 0.999931 0.870723
0.874581 0.484775 0.0100655 47.0463 -0.484757 0.874638 -0.00432302 62.0378 -0.0108994 -0.00109851 0.99994 0.853344
0.872342 0.488799 0.00973778 47.5918 -0.488787 0.872395 -0.0037511 61.7307 -0.0103287 -0.00148746 0.999945 0.856007
0.870769 0.491601 0.00951323 48.1563 -0.491592 0.870819 -0.00338112 61.41 -0.00994646 -0.00173246 0.999949 0.830248
0.869292 0.494194 0.0101947 48.7152 -0.494194 0.869347 -0.00264798 61.0997 -0.0101713 -0.00273627 0.999944 0.795733
0.867815 0.49677 0.0107906 49.2872 -0.496779 0.867875 -0.00197928 60.7914 -0.0103481 -0.0036429 0.99994 0.764184
0.866618 0.498884 0.00941666 49.8555 -0.498862 0.866668 -0.00474571 60.4616 -0.0105287 -0.000584902 0.999944 0.748157
0.867258 0.497794 0.00805949 50.4529 -0.497749 0.867293 -0.00706438 60.1255 -0.0105065 0.00211504 0.999943 0.731991
0.868336 0.495956 0.004528 51.0786 -0.49586 0.868293 -0.0137794 59.7621 -0.0107656 0.00971991 0.999895 0.725376
0.870083 0.492893 0.00327094 51.7063 -0.492783 0.869998 -0.0163708 59.4129 -0.0109148 0.0126321 0.999861 0.719211
0.872316 0.488931 0.00323887 52.3374 -0.488828 0.872238 -0.0157691 59.0521 -0.010535 0.0121724 0.999871 0.716408
0.875002 0.484093 0.00509653 53.0112 -0.483975 0.87495 -0.0151943 58.6696 -0.0118147 0.0108284 0.999872 0.715188
0.876953 0.480539 0.00598324 53.6949 -0.480403 0.876904 -0.015855 58.2971 -0.0128657 0.0110297 0.999856 0.707987
0.878693 0.477328 0.00755374 54.4125 -0.477212 0.878688 -0.0132669 57.9285 -0.01297 0.00805276 0.999883 0.633323
0.880541 0.473891 0.00866632 55.1154 -0.473766 0.880552 -0.0132235 57.5778 -0.0138976 0.007538 0.999875 0.615865
0.882508 0.470211 0.00903085 55.8079 -0.470073 0.882517 -0.0139592 57.2213 -0.0145336 0.00807394 0.999862 0.592968
0.884201 0.467073 0.00567842 56.5122 -0.466934 0.884138 -0.0164737 56.8241 -0.0127149 0.0119146 0.999848 0.582693
0.885285 0.465023 0.004958 57.2257 -0.464924 0.885243 -0.0137863 56.4366 -0.0108 0.00989973 0.999893 0.577968
0.885176 0.465218 0.00601258 57.9595 -0.465196 0.885195 -0.00482798 56.0773 -0.00756837 0.00147659 0.99997 0.603117
0.884713 0.466047 0.0090962 58.7221 -0.466084 0.884737 0.00235977 55.7149 -0.00694798 -0.00632732 0.999956 0.626734
0.884566 0.466322 0.00929996 59.4688 -0.466364 0.884588 0.00287964 55.3382 -0.0068838 -0.0068844 0.999953 0.626626
0.884743 0.465991 0.00910822 60.1656 -0.466013 0.884778 0.000365784 54.9688 -0.0078883 -0.00456817 0.999959 0.587515
0.885062 0.46534 0.0111591 60.872 -0.465389 0.885104 0.00212748 54.5997 -0.00888694 -0.00707626 0.999935 0.59346
0.885086 0.465288 0.0114168 61.5935 -0.465336 0.885132 0.00185778 54.2232 -0.00924101 -0.00695696 0.999933 0.570616
0.884998 0.465492 0.00978864 62.3532 -0.465523 0.885035 0.00111176 53.8303 -0.00814577 -0.00554074 0.999952 0.547611
0.88472 0.466025 0.0095029 63.1004 -0.466066 0.884746 0.00259819 53.4707 -0.00719684 -0.00672766 0.999951 0.556418
0.883819 0.467708 0.0106166 63.8238 -0.467778 0.88383 0.00533701 53.0897 -0.00688708 -0.00968315 0.999929 0.566401
0.882179 0.470702 0.0141079 64.5577 -0.470838 0.882178 0.00858094 52.7273 -0.00840659 -0.0142125 0.999864 0.58777
0.879715 0.475153 0.0182308 65.2834 -0.475392 0.879689 0.0122178 52.3601 -0.0102321 -0.019415 0.999759 0.610593
0.876657 0.480637 0.021458 65.9977 -0.480954 0.876647 0.0131776 51.97 -0.0124774 -0.0218725 0.999683 0.611342
0.873273 0.486753 0.0215962 66.7019 -0.487038 0.873318 0.0105194 51.5791 -0.01374 -0.0197045 0.999711 0.640061
0.869082 0.494243 0.0204841 67.4077 -0.49448 0.869148 0.00846107 51.1911 -0.0136219 -0.0174823 0.999754 0.616705
0.864045 0.503024 0.0198147 68.1012 -0.503232 0.864122 0.00710103 50.7915 -0.0135504 -0.016107 0.999779 0.602829
0.858538 0.512312 0.0211989 68.8162 -0.512579 0.858586 0.0096602 50.3833 -0.013252 -0.0191597 0.999729 0.60422
0.85269 0.521921 0.0227669 69.5067 -0.522235 0.852734 0.0107386 49.9646 -0.0138094 -0.0210464 0.999683 0.601862
0.846651 0.531554 0.0251679 70.1813 -0.531933 0.846708 0.0115231 49.5447 -0.0151847 -0.0231437 0.999617 0.622887
0.840578 0.541026 0.0268176 70.8487 -0.541414 0.8407 0.00971359 49.1167 -0.0172902 -0.0226844 0.999593 0.62016
0.834628 0.550161 0.0268379 71.4828 -0.550521 0.834783 0.00801613 48.6952 -0.0179936 -0.0214653 0.999608 0.597454
0.828942 0.558683 0.0270151 72.1355 -0.559069 0.82907 0.00921674 48.2674 -0.0172482 -0.0227435 0.999593 0.600194
0.823253 0.567007 0.0275209 72.7813 -0.567456 0.823312 0.0122313 47.8366 -0.015723 -0.0256864 0.999546 0.594309
0.817509 0.575336 0.0258284 73.4087 -0.575742 0.817542 0.0121132 47.415 -0.0141467 -0.0247731 0.999593 0.585871
0.812458 0.582568 0.0229729 73.9954 -0.582878 0.8125 0.00989307 46.9703 -0.0129021 -0.0214281 0.999687 0.592223
0.806715 0.59051 0.0225809 74.5962 -0.590807 0.806757 0.00953674 46.5437 -0.0125857 -0.0210344 0.9997 0.595538
0.80142 0.597724 0.0212752 75.2077 -0.597974 0.801477 0.00783063 46.1019 -0.012371 -0.0189977 0.999743 0.574359
0.79656 0.604177 0.0215124 75.8021 -0.604405 0.796656 0.00577184 45.6422 -0.0136508 -0.0175998 0.999752 0.550552
0.79284 0.608999 0.0228917 76.3892 -0.609232 0.79298 0.00436054 45.1998 -0.0154971 -0.0174036 0.999728 0.543236
0.790792 0.61172 0.0211193 76.9348 -0.611839 0.790981 -0.00105933 44.7409 -0.017353 -0.0120839 0.999776 0.549772
0.788886 0.614189 0.0207485 77.49 -0.614231 0.78911 -0.00505493 44.3187 -0.0194775 -0.00875661 0.999772 0.546443
0.787163 0.616357 0.0218694 78.0508 -0.616389 0.787419 -0.00600713 43.905 -0.0209229 -0.00875145 0.999743 0.532136
0.78631 0.617492 0.0204881 78.601 -0.617502 0.786542 -0.00660683 43.4821 -0.0201944 -0.00745643 0.999768 0.532383
0.786937 0.616789 0.017382 79.089 -0.616763 0.787114 -0.00741863 43.086 -0.0182574 -0.00488261 0.999822 0.5066
0.789183 0.613943 0.0162667 79.5584 -0.613926 0.789336 -0.00659838 42.6842 -0.0168909 -0.00477919 0.999846 0.525163
0.791801 0.61059 0.015174 80.0499 -0.610545 0.791941 -0.00796641 42.2911 -0.0168811 -0.00295657 0.999853 0.519307
0.796186 0.604882 0.0143361 80.5257 -0.604837 0.796312 -0.00775051 41.9374 -0.0161042 -0.00250016 0.999867 0.531348
0.802329 0.596752 0.0124757 80.9925 -0.596685 0.802426 -0.00894189 41.6047 -0.0153469 -0.000269711 0.999882 0.544886
0.809817 0.586647 0.00642054 81.4547 -0.586529 0.809807 -0.0140208 41.2851 -0.0134246 0.00758844 0.999881 0.548511
0.820326 0.571896 -0.000751191 81.8917 -0.571788 0.820144 -0.0205202 40.9959 -0.0111193 0.0172628 0.999789 0.59986
0.831221 0.555905 -0.00654704 82.3152 -0.555891 0.830922 -0.0235347 40.7279 -0.00764295 0.0232019 0.999702 0.640068
0.843384 0.537256 -0.00780371 82.7701 -0.537292 0.843134 -0.0210285 40.4561 -0.00471811 0.021928 0.999749 0.676857
0.857067 0.515164 -0.00647722 83.2443 -0.515197 0.856918 -0.0162624 40.1833 -0.00282737 0.017275 0.999847 0.697337
0.87201 0.489471 -0.00401156 83.7446 -0.489484 0.87194 -0.0112525 39.9161 -0.00200991 0.0117759 0.999929 0.709677
0.889734 0.456475 -0.00223889 84.216 -0.456472 0.889676 -0.0105183 39.6816 -0.00280947 0.0103805 0.999943 0.711536
0.908869 0.417082 6.48799e-05 84.679 -0.417049 0.908799 -0.0124416 39.5277 -0.00524812 0.0112807 0.999923 0.706295
0.926799 0.375542 0.00338555 85.1348 -0.375464 0.926733 -0.0138658 39.3709 -0.00834468 0.0115796 0.999898 0.689904
0.94391 0.330112 0.00774649 85.6163 -0.330004 0.943896 -0.0125531 39.2743 -0.0114558 0.00929261 0.999891 0.700469
0.959489 0.28154 0.0108103 86.1087 -0.281422 0.959518 -0.0112551 39.187 -0.0135415 0.00775693 0.999878 0.698001
0.97345 0.228665 0.0103637 86.5992 -0.228538 0.973459 -0.0121384 39.1302 -0.0128642 0.00944763 0.999873 0.691928
0.985735 0.168166 0.006839 87.0922 -0.168056 0.985673 -0.0143414 39.1107 -0.00915276 0.0129875 0.999874 0.72461
0.994827 0.101553 0.00252196 87.5725 -0.101494 0.994684 -0.0174381 39.0819 -0.00427943 0.0170919 0.999845 0.749039
0.999467 0.0325786 -0.00194169 88.0405 -0.0326108 0.999271 -0.019864 39.0944 0.00129313 0.0199167 0.999801 0.781483
0.999271 -0.037714 -0.00590581 88.5072 0.0375956 0.999112 -0.0190137 39.1472 0.00661764 0.0187778 0.999802 0.804648
0.994113 -0.107935 -0.00947392 88.971 0.107763 0.99403 -0.017064 39.2341 0.0112592 0.0159426 0.99981 0.81643
0.983862 -0.178564 -0.0114449 89.4213 0.178357 0.983817 -0.0170904 39.3553 0.0143114 0.0147733 0.999788 0.803639
0.968819 -0.247508 -0.0114235 89.8818 0.247277 0.968768 -0.0185056 39.5069 0.015647 0.0151038 0.999763 0.786089
0.949317 -0.31421 -0.00828418 90.3301 0.314018 0.949231 -0.0187854 39.681 0.0137662 0.0152319 0.999789 0.780899
0.925433 -0.378903 -0.00244897 90.7686 0.378809 0.925314 -0.0172896 39.8829 0.00881716 0.0150727 0.999847 0.779012
0.897477 -0.441044 0.00389391 91.2097 0.441052 0.897367 -0.0143231 40.1075 0.00282286 0.0145721 0.99989 0.781559
0.866617 -0.498903 0.00841346 91.6392 0.498972 0.866536 -0.0119862 40.3693 -0.00131064 0.0145855 0.999893 0.792791
0.834391 -0.551031 0.0125178 92.0197 0.551133 0.834389 -0.00685169 40.6386 -0.00666924 0.012616 0.999898 0.80085
0.80308 -0.5957 0.014249 92.3439 0.595781 0.803145 -0.00186133 40.9164 -0.0103352 0.00998409 0.999897 0.797278
0.776567 -0.629909 0.0126472 92.679 0.629911 0.776656 0.00427422 41.1723 -0.0125149 0.00464739 0.999911 0.83025
0.758265 -0.651901 0.00766477 93.0617 0.651865 0.758304 0.00689743 41.4649 -0.0103087 -0.000233681 0.999947 0.852688
0.740017 -0.672575 0.00410884 93.4271 0.672549 0.740027 0.00618237 41.7509 -0.00719876 -0.00181167 0.999972 0.841484
0.722959 -0.690864 0.0061512 93.7674 0.690856 0.722983 0.00360939 42.0585 -0.00694081 0.00164015 0.999975 0.854581
0.709506 -0.704614 0.0109916 94.1148 0.704628 0.70957 0.00312178 42.4046 -0.00999894 0.00553005 0.999935 0.907446
0.702496 -0.71162 0.00978819 94.4834 0.71163 0.702548 0.00302634 42.7627 -0.00903028 0.00483958 0.999947 0.936514
0.695671 -0.718335 0.00616581 94.7746 0.718308 0.695698 0.00616178 43.1461 -0.00871576 0.000142383 0.999962 0.953302
0.690676 -0.723158 0.00303653 95.0902 0.723099 0.690664 0.0105709 43.529 -0.00974166 -0.00510537 0.99994 0.980866
0.687928 -0.725779 -0.000926852 95.4575 0.725751 0.687889 0.0096947 43.946 -0.00639864 -0.00734192 0.999953 0.9826
0.686479 -0.72714 -0.00364132 95.805 0.727143 0.686444 0.00759297 44.332 -0.00302159 -0.00786018 0.999965 0.999793
0.688019 -0.725684 -0.00357672 96.1787 0.725692 0.688004 0.00457263 44.7284 -0.000857488 -0.00574165 0.999983 1.031
0.690723 -0.723109 -0.00386639 96.5779 0.723112 0.69073 -0.000737852 45.1418 0.00320418 -0.00228618 0.999992 1.04473
0.694263 -0.719697 -0.00595966 96.9665 0.71969 0.694286 -0.00360354 45.5538 0.00673117 -0.00178731 0.999976 1.07119
0.697641 -0.71638 -0.00989211 97.343 0.716404 0.697684 -0.00140225 45.9739 0.00790611 -0.00610848 0.99995 1.08947
0.70116 -0.712888 -0.0128869 97.7709 0.71299 0.701145 0.00643353 46.3959 0.00444921 -0.0136992 0.999897 1.10184
0.705251 -0.708822 -0.0138706 98.2022 0.708958 0.705106 0.0143015 46.8369 -0.000356971 -0.0199199 0.999802 1.15349
0.708248 -0.705894 -0.00989962 98.6837 0.705949 0.70807 0.0165371 47.3319 -0.00466383 -0.018701 0.999814 1.11205
0.711263 -0.702882 -0.00784802 99.135 0.702852 0.710981 0.0224967 47.7802 -0.0102328 -0.0215171 0.999716 1.06926
0.713571 -0.700572 -0.00401623 99.6074 0.700446 0.713306 0.0238522 48.2063 -0.0138453 -0.0198334 0.999708 1.07878
0.714051 -0.700093 -0.00013699 100.076 0.699974 0.713926 0.0186086 48.6522 -0.0129299 -0.0133834 0.999827 1.06456
0.714036 -0.700104 -0.00284582 100.563 0.700091 0.713982 0.0101026 49.1305 -0.00504097 -0.00920592 0.999945 1.09577
0.713293 -0.700831 -0.00701512 101.054 0.700861 0.71329 0.00331574 49.6068 0.00268004 -0.00728172 0.99997 1.07666
0.711681 -0.702416 -0.0110812 101.568 0.702473 0.711708 0.00195059 50.1416 0.00651642 -0.00917241 0.999937 1.09089
0.709449 -0.704658 -0.0118346 102.039 0.704747 0.709427 0.0067404 50.6126 0.00364608 -0.0131223 0.999908 1.09302
0.708073 -0.706069 -0.0100091 102.535 0.706131 0.707925 0.0148787 51.122 -0.00341967 -0.0176029 0.99984 1.10722
0.706222 -0.707942 -0.00828766 103.109 0.707944 0.705991 0.0197884 51.6412 -0.00815801 -0.0198422 0.99977 1.09963
0.704704 -0.709465 -0.00722604 103.608 0.709441 0.704473 0.0202947 52.1784 -0.00930783 -0.0194282 0.999768 1.10805
0.702835 -0.711282 -0.010082 104.107 0.711321 0.702597 0.0195203 52.7175 -0.00680083 -0.0208911 0.999759 1.11902
0.701164 -0.712872 -0.013492 104.619 0.713 0.701014 0.0145148 53.2654 -0.000889061 -0.0197971 0.999804 1.13779
0.698576 -0.715331 -0.0170874 105.168 0.715534 0.698428 0.0144683 53.8467 0.00158474 -0.0223338 0.999749 1.12879
0.695844 -0.717967 -0.0180337 105.723 0.718193 0.695668 0.0157012 54.4383 0.00127252 -0.0238772 0.999714 1.12157
0.693272 -0.720517 -0.0151193 106.301 0.720675 0.6931 0.0154917 55.016 -0.000682894 -0.0216361 0.999766 1.13525
0.690966 -0.722781 -0.0124206 106.874 0.72288 0.69078 0.0163469 55.599 -0.00323536 -0.0202738 0.999789 1.13734
0.689865 -0.723887 -0.00860338 107.439 0.72391 0.689686 0.01697 56.1777 -0.0063507 -0.0179351 0.999819 1.14628
0.68917 -0.724598 -0.00151275 108.028 0.724559 0.689107 0.0120805 56.787 -0.00771103 -0.00942156 0.999926 1.15765
0.688374 -0.725356 6.18839e-05 108.58 0.725298 0.68832 0.0125495 57.404 -0.00914544 -0.00859385 0.999921 1.13283
0.688206 -0.725515 0.000874436 109.136 0.725466 0.688172 0.0108598 58.0037 -0.00848071 -0.00683939 0.999941 1.13342
0.689327 -0.724443 -0.00315944 109.689 0.724425 0.68926 0.0113855 58.6024 -0.00607045 -0.0101371 0.99993 1.13667
0.69056 -0.723167 -0.0125148 110.252 0.723261 0.690337 0.0181073 59.2283 -0.00445518 -0.0215557 0.999758 1.14028
0.692103 -0.721447 -0.0225325 110.859 0.721786 0.691565 0.0276107 59.8584 -0.00433698 -0.0353731 0.999365 1.13027
0.694483 -0.719061 -0.0253695 111.447 0.719488 0.693766 0.0320164 60.489 -0.00542127 -0.0404879 0.999165 1.12494
0.696252 -0.71735 -0.0253567 112.034 0.717773 0.695497 0.0329483 61.1186 -0.00599996 -0.0411407 0.999135 1.13505
0.697581 -0.716136 -0.0230191 112.608 0.716488 0.696978 0.0294455 61.7349 -0.00504315 -0.0370336 0.999301 1.14792
0.698532 -0.715326 -0.0190053 113.245 0.715564 0.698105 0.0248351 62.3718 -0.00449748 -0.0309477 0.999511 1.15939
0.698879 -0.71506 -0.0160357 113.865 0.715229 0.698565 0.0213289 62.9791 -0.00404952 -0.0263755 0.999644 1.17143
0.699735 -0.714261 -0.0142395 114.455 0.71439 0.699463 0.0199646 63.6067 -0.00429991 -0.0241425 0.999699 1.17645
0.700839 -0.713183 -0.0139372 115.087 0.713282 0.700468 0.0239317 64.2329 -0.00730515 -0.0267134 0.999616 1.17359
0.702037 -0.712028 -0.0126837 115.67 0.712029 0.7015 0.0302352 64.858 -0.0126307 -0.0302574 0.999462 1.16221
0.702629 -0.711473 -0.0108997 116.271 0.711344 0.701963 0.0351746 65.4822 -0.0173746 -0.0324682 0.999322 1.14784
0.703394 -0.710705 -0.0115918 116.859 0.710679 0.702881 0.0299063 66.0735 -0.0131069 -0.029274 0.999485 1.15131
0.703491 -0.710511 -0.0166024 117.44 0.710705 0.703282 0.017154 66.6564 -0.000511945 -0.023867 0.999715 1.13852
0.703106 -0.710761 -0.0214859 118.024 0.71101 0.70315 0.00671056 67.2463 0.0103382 -0.0199949 0.999747 1.16494
0.702327 -0.711558 -0.0205513 118.655 0.711821 0.702281 0.0105636 67.8687 0.00691621 -0.0220479 0.999733 1.16377
0.701891 -0.712198 -0.011136 119.26 0.712264 0.701664 0.0186697 68.4924 -0.00548282 -0.0210359 0.999764 1.16038
0.700498 -0.713646 0.003666 119.861 0.713242 0.700257 0.0304433 69.1185 -0.0242929 -0.0187107 0.99953 1.13608
0.6996 -0.714461 0.0103203 120.429 0.713915 0.699521 0.0315428 69.709 -0.0297554 -0.0146995 0.999449 1.15616
0.698784 -0.715331 -0.00142466 120.961 0.715126 0.698532 0.0254667 70.2751 -0.017222 -0.0188145 0.999675 1.14674
0.698319 -0.715673 -0.0127469 121.559 0.715774 0.698087 0.018497 70.8824 -0.00433935 -0.0220407 0.999748 1.14976
0.697039 -0.71684 -0.016635 122.15 0.717032 0.696901 0.0139294 71.4907 0.00160784 -0.0216371 0.999765 1.15116
0.695187 -0.718681 -0.0145736 122.742 0.718828 0.69507 0.0127889 72.092 0.000938484 -0.0193666 0.999812 1.15035
0.69205 -0.721819 -0.00673537 123.28 0.721841 0.691965 0.0114108 72.6708 -0.00357589 -0.0127587 0.999913 1.17293
0.688924 -0.724793 -0.00764595 123.85 0.724829 0.688844 0.0108115 73.2847 -0.0025692 -0.0129903 0.999913 1.19236
0.686609 -0.726916 -0.0127138 124.395 0.727022 0.686434 0.0157514 73.8701 -0.00272281 -0.0200582 0.999795 1.16717
0.684401 -0.728908 -0.0169807 124.953 0.729101 0.684125 0.0196203 74.51 -0.00268446 -0.0258088 0.999663 1.18043
0.683325 -0.729918 -0.0169274 125.506 0.730095 0.682951 0.0232337 75.0979 -0.00539814 -0.0282348 0.999587 1.15922
0.682424 -0.730792 -0.0154768 126.083 0.730898 0.68195 0.0270495 75.7021 -0.00921315 -0.0297712 0.999514 1.15561
0.680712 -0.732402 -0.0147955 126.651 0.732488 0.680247 0.0269329 76.3034 -0.00966111 -0.0291711 0.999528 1.1564
0.678962 -0.734059 -0.0129821 127.175 0.734142 0.678662 0.0212951 76.8884 -0.00682138 -0.0239892 0.999689 1.18883
0.676363 -0.73648 -0.0114136 127.717 0.736564 0.676217 0.0143169 77.4785 -0.00282608 -0.0180903 0.999833 1.2097
0.671308 -0.741092 -0.0113073 128.245 0.741178 0.671212 0.0113812 78.0873 -0.000844936 -0.016021 0.999872 1.19061
0.666036 -0.745856 -0.00977948 128.782 0.745913 0.665916 0.0130779 78.7016 -0.00324195 -0.016005 0.999867 1.16366
0.661092 -0.750279 -0.00614093 129.309 0.750242 0.660908 0.0183739 79.3011 -0.00972695 -0.016754 0.999812 1.12899
0.657144 -0.75376 0.0026852 129.865 0.753427 0.656952 0.0276034 79.9172 -0.0225704 -0.0161163 0.999616 1.17763
0.654115 -0.756371 0.00604972 130.381 0.755849 0.653926 0.0327687 80.5209 -0.0287414 -0.0168618 0.999445 1.17023
0.650475 -0.759512 0.00482273 130.885 0.759067 0.650289 0.0306849 81.1372 -0.0264417 -0.016299 0.999517 1.16376
0.645707 -0.763585 0.000154572 131.386 0.763406 0.645561 0.021501 81.7528 -0.0165176 -0.0137653 0.999769 1.1545
0.640128 -0.768251 -0.00513386 131.893 0.768241 0.640035 0.0126681 82.3926 -0.00644644 -0.0120533 0.999906 1.1739
0.634981 -0.772471 -0.0093998 132.421 0.772519 0.634868 0.0125661 83.0425 -0.0037393 -0.0152407 0.999877 1.14203
0.629159 -0.777183 -0.0120606 132.922 0.777248 0.628926 0.018365 83.7008 -0.00668773 -0.0209286 0.999759 1.08807
0.622695 -0.782366 -0.0124382 133.437 0.782411 0.622387 0.0216365 84.3385 -0.00918627 -0.0232047 0.999688 1.09012
0.615141 -0.788259 -0.0158439 133.902 0.788384 0.614805 0.0215961 84.9783 -0.0072824 -0.0257757 0.999641 1.11155
0.608415 -0.793405 -0.018425 134.401 0.793615 0.608173 0.0173683 85.6053 -0.00257447 -0.0251895 0.999679 1.1156
0.601559 -0.798611 -0.0186408 134.916 0.798825 0.601323 0.0170028 86.2841 -0.00236946 -0.0251189 0.999682 1.12414
0.595283 -0.803306 -0.0184007 135.404 0.803479 0.594875 0.0233723 86.9684 -0.00782902 -0.0286977 0.999557 1.1025
0.588182 -0.808593 -0.0148471 135.873 0.808594 0.587649 0.0290494 87.6412 -0.0147642 -0.0290916 0.999468 1.10365
0.58181 -0.813251 -0.0109712 136.349 0.813056 0.581219 0.0335391 88.3016 -0.020899 -0.0284336 0.999377 1.07971
0.576169 -0.81727 -0.00994139 136.829 0.816983 0.575526 0.0361804 88.98 -0.0238476 -0.0289679 0.999296 1.07547
0.572353 -0.819927 -0.0114817 137.306 0.81972 0.571725 0.0345002 89.6681 -0.0217233 -0.0291581 0.999339 1.06352
0.569188 -0.822047 -0.0162453 137.778 0.822047 0.568575 0.0310218 90.3813 -0.0162647 -0.0310116 0.999387 1.08197
0.566119 -0.823984 -0.0236694 138.235 0.824272 0.56553 0.0274147 91.0645 -0.00920353 -0.03503 0.999344 1.07461
0.563731 -0.825453 -0.0288835 138.679 0.825946 0.563185 0.0252286 91.738 -0.00455827 -0.0380783 0.999264 1.07211
0.561167 -0.82716 -0.0299621 139.146 0.827679 0.560513 0.0277843 92.4306 -0.00618796 -0.0403907 0.999165 1.08013
0.558776 -0.828857 -0.0276692 139.604 0.829167 0.557726 0.0377215 93.132 -0.0158338 -0.0440203 0.998905 1.06727
0.556165 -0.830752 -0.0230643 140.06 0.830608 0.554713 0.0488329 93.8305 -0.027774 -0.0463165 0.998541 1.04914
0.551957 -0.833623 -0.0204069 140.511 0.833421 0.550688 0.0463948 94.4769 -0.027438 -0.0426155 0.998715 1.02956
0.54743 -0.836722 -0.0146914 140.956 0.836562 0.546695 0.0359001 95.1452 -0.0220066 -0.0319431 0.999247 1.01565
0.542082 -0.840226 -0.0129256 141.407 0.840228 0.541721 0.0235962 95.8622 -0.0128241 -0.0236516 0.999638 1.04848
0.536614 -0.843587 -0.0201569 141.847 0.843764 0.536127 0.0250911 96.5951 -0.0103599 -0.0304719 0.999482 1.03932
0.530382 -0.847535 -0.0195033 142.287 0.847619 0.529737 0.0303457 97.3132 -0.0153874 -0.0326262 0.999349 1.00241
0.523683 -0.851839 -0.0112499 142.738 0.851669 0.523171 0.0308751 98.0216 -0.020415 -0.02575 0.99946 1.01039
0.518121 -0.855305 -0.0019526 143.19 0.854947 0.517835 0.0302244 98.7126 -0.02484 -0.0173293 0.999542 0.987442
0.512976 -0.858377 0.00669558 143.605 0.858021 0.512965 0.0258489 99.4346 -0.0256227 -0.00751495 0.999643 0.986378
0.507366 -0.861643 0.0122897 144.016 0.861447 0.507514 0.0184184 100.13 -0.0221073 0.001242 0.999755 0.99112
0.502367 -0.864598 0.00986004 144.431 0.864554 0.50245 0.00951083 100.824 -0.0131772 0.00374662 0.999906 0.975809
0.497286 -0.867567 0.00588576 144.897 0.867573 0.497305 0.00239076 101.545 -0.00500116 0.00391744 0.99998 0.971078
0.491858 -0.870672 -0.00241981 145.294 0.870646 0.491817 0.00955204 102.295 -0.00712659 -0.00680505 0.999951 0.970003
0.486565 -0.873638 -0.00335626 145.717 0.873474 0.486391 0.0216283 103.05 -0.0172628 -0.0134552 0.99976 0.943973
0.481597 -0.87639 0.00240242 146.119 0.875923 0.481427 0.0314223 103.816 -0.0286948 -0.0130286 0.999504 0.945455
0.477923 -0.878376 0.00668119 146.513 0.877787 0.47786 0.0337495 104.57 -0.0328374 -0.010265 0.999408 0.934947
0.475768 -0.879565 0.00342058 146.898 0.87916 0.47566 0.0287339 105.321 -0.0269003 -0.0106634 0.999581 0.913776
0.474879 -0.880011 -0.00833455 147.266 0.879962 0.474675 0.018711 106.033 -0.0125097 -0.0162195 0.99979 0.914764
0.473671 -0.880565 -0.0155711 147.653 0.880684 0.473473 0.0148089 106.798 -0.00566769 -0.0207278 0.999769 0.937754
0.472331 -0.881323 -0.0131345 148.064 0.881402 0.472171 0.0135853 107.536 -0.00577131 -0.0179935 0.999822 0.962309
0.471591 -0.881759 -0.0101492 148.464 0.881746 0.471376 0.0181027 108.296 -0.0111781 -0.0174861 0.999785 0.957603
0.47095 -0.882144 -0.00526865 148.892 0.88193 0.470683 0.0256368 109.049 -0.0201355 -0.0167203 0.999658 0.934512
0.469401 -0.882982 0.00232171 149.262 0.882674 0.469303 0.0253123 109.803 -0.0234399 -0.0098323 0.999677 0.916019
0.468506 -0.883454 0.0031982 149.676 0.883299 0.468487 0.0174468 110.554 -0.0169118 -0.00534897 0.999843 0.894741
0.467184 -0.884143 0.00555019 150.064 0.884147 0.467202 0.00265198 111.289 -0.00493779 0.00366822 0.999981 0.913382
0.465748 -0.884871 0.00908537 150.471 0.884914 0.465691 -0.00771052 112.05 0.00259184 0.0116309 0.999929 0.943335
0.46493 -0.885345 0.00215485 150.857 0.885348 0.464928 -0.00121914 112.756 7.75119e-05 0.00247461 0.999997 0.973542
0.463149 -0.886269 0.00450724 151.254 0.88624 0.46317 0.00716515 113.558 -0.00843787 0.000675964 0.999964 0.962646
0.460981 -0.887277 0.0153336 151.661 0.887307 0.461122 0.00725554 114.369 -0.0135083 0.0102609 0.999856 0.984659
0.460047 -0.88767 0.0199974 152.056 0.887795 0.460216 0.00463693 115.157 -0.0133192 0.0156204 0.99979 0.97113
0.460389 -0.887639 0.0117843 152.433 0.887677 0.460454 0.00339094 115.914 -0.00843607 0.00889952 0.999925 0.93209
0.46089 -0.887431 0.00689231 152.763 0.887444 0.460911 0.00184155 116.592 -0.00481099 0.00526779 0.999975 0.984368
0.460919 -0.88744 0.00200698 153.173 0.887426 0.460923 0.00499334 117.354 -0.00535635 -0.000520477 0.999986 0.96764
0.460281 -0.887773 -0.000956353 153.554 0.887733 0.460249 0.010063 118.104 -0.00849348 -0.00548077 0.999949 0.971308
0.4597 -0.888066 -0.00387987 153.928 0.887991 0.459594 0.0156562 118.865 -0.0121206 -0.0106425 0.99987 0.952482
0.458775 -0.888552 0.00123484 154.294 0.88846 0.458746 0.0137995 119.595 -0.012828 -0.00523374 0.999904 0.987387
0.457802 -0.889054 -0.000413039 154.652 0.88899 0.457763 0.0122132 120.332 -0.0106691 -0.00595842 0.999925 0.975646
0.457288 -0.889298 -0.00605975 155.012 0.889305 0.457233 0.00861547 121.071 -0.00489101 -0.00932872 0.999945 0.978359
0.456698 -0.889543 -0.0118529 155.378 0.889618 0.456616 0.00903928 121.806 -0.00262858 -0.0146728 0.999889 0.988457
0.455473 -0.89018 -0.0111612 155.786 0.89019 0.455262 0.0172361 122.558 -0.010262 -0.0177862 0.999789 0.945316
0.453724 -0.891139 -0.00256148 156.122 0.890906 0.453535 0.0243591 123.221 -0.0205456 -0.0133344 0.9997 0.964559
0.452094 -0.891952 0.00573594 156.461 0.891626 0.45209 0.0248527 123.905 -0.0247606 -0.00612147 0.999675 0.999941
0.450956 -0.892492 0.00985374 156.791 0.892298 0.451064 0.0185979 124.591 -0.0210431 0.000405637 0.999778 1.01134
0.452027 -0.892004 -0.000259611 157.131 0.891924 0.451983 0.0135383 125.279 -0.0119589 -0.00635124 0.999908 0.952376
0.453136 -0.891424 -0.00564072 157.421 0.891416 0.453066 0.0104267 125.902 -0.00673897 -0.00975293 0.99993 0.96491
0.453774 -0.891057 -0.0103188 157.733 0.891112 0.453705 0.00838611 126.503 -0.00279081 -0.0130006 0.999912 0.949131
0.456146 -0.889841 -0.0106214 158.046 0.889905 0.456115 0.00536876 127.111 6.72439e-05 -0.011901 0.999929 0.95641
0.459529 -0.888085 -0.0117387 158.34 0.888162 0.459509 0.00449482 127.72 0.00140225 -0.0124914 0.999921 0.95493
0.464398 -0.885549 -0.0117307 158.647 0.885623 0.464319 0.00895879 128.321 -0.00248669 -0.0145494 0.999891 0.956824
0.469958 -0.88263 -0.0102341 158.954 0.882626 0.469754 0.0174328 128.883 -0.0105792 -0.0172255 0.999796 0.958527
0.475334 -0.879751 -0.00977157 159.285 0.879645 0.475007 0.0243489 129.451 -0.0167794 -0.0201694 0.999656 0.967165
0.481021 -0.876613 -0.0129914 159.575 0.876573 0.480632 0.0247517 130.015 -0.0154536 -0.023294 0.999609 0.956701
0.486929 -0.87328 -0.0168188 159.884 0.873415 0.486674 0.01714 130.605 -0.00678277 -0.0230357 0.999712 0.950939
0.493491 -0.869482 -0.0216408 160.207 0.869749 0.493386 0.0103001 131.193 0.00172156 -0.0239051 0.999713 0.938843
0.500033 -0.865627 -0.0256117 160.531 0.865978 0.500035 0.0067803 131.773 0.00693754 -0.0255696 0.999649 0.965826
0.506957 -0.861636 -0.0240639 160.873 0.861954 0.506928 0.00772705 132.378 0.00554075 -0.0246592 0.999681 1.00974
0.511658 -0.858985 -0.0187454 161.202 0.859188 0.511578 0.009176 132.955 0.00170771 -0.0208008 0.999782 1.02292
0.517881 -0.855374 -0.0116067 161.588 0.855443 0.517764 0.0117312 133.511 -0.00402497 -0.0160042 0.999864 1.02999
0.523163 -0.852208 -0.00641609 161.968 0.852202 0.523065 0.0124256 134.051 -0.00723316 -0.0119684 0.999902 1.02467
0.525427 -0.850828 -0.00422617 162.265 0.850808 0.52536 0.0110579 134.564 -0.00718815 -0.00940581 0.99993 1.03957
0.526476 -0.850187 -0.00224658 162.585 0.850157 0.52643 0.0102915 135.106 -0.00756701 -0.00732815 0.999945 1.04587
0.525844 -0.85058 -0.00145917 162.935 0.850514 0.52578 0.0134837 135.677 -0.0107018 -0.00833138 0.999908 1.06422
0.52544 -0.850831 0.000535742 163.287 0.850723 0.525382 0.0156307 136.263 -0.0135805 -0.0077572 0.999878 1.07208
