0.470037 -0.882271 0.0257498 0.669777 0.882644 0.469763 -0.0161982 0.555731 0.00219491 0.0303417 0.999537 0.787294
0.46706 -0.884012 0.0194392 1.49281 0.884204 0.466783 -0.017203 2.13915 0.00613372 0.025223 0.999663 0.800952
0.465116 -0.885036 0.0194783 2.30535 0.885234 0.464862 -0.016271 3.72979 0.00534571 0.0248108 0.999678 0.827508
0.463201 -0.886008 0.0208348 3.14297 0.886246 0.462976 -0.0148676 5.37395 0.0035268 0.0253515 0.999672 0.859353
0.460914 -0.88718 0.0216844 3.98368 0.887432 0.460637 -0.0166752 7.0371 0.00480525 0.0269293 0.999626 0.894846
0.46094 -0.887164 0.0217802 4.82967 0.88743 0.460837 -0.00983933 8.72844 -0.00130803 0.0238638 0.999714 0.953313
0.462821 -0.886073 0.0258997 5.70391 0.886419 0.462858 -0.0048938 10.3709 -0.00765163 0.0252229 0.999653 0.914178
0.465714 -0.884474 0.0285856 6.57012 0.884912 0.465694 -0.0077555 12.0323 -0.00645259 0.0289076 0.999561 0.885727
0.468026 -0.883388 0.0240275 7.4529 0.883714 0.467828 -0.0136285 13.7342 0.000798534 0.0276119 0.999618 0.867856
0.468794 -0.882953 0.0250221 8.36569 0.8833 0.468717 -0.00921661 15.4514 -0.00359047 0.0264228 0.999644 0.881834
0.467128 -0.883164 0.0425902 9.29434 0.884162 0.466952 -0.0146002 17.2101 -0.00699325 0.0444768 0.998986 0.905501
0.465204 -0.88423 0.0415085 10.2202 0.885203 0.464744 -0.0207106 19.0091 -0.000977845 0.0463781 0.998923 0.948251
0.462616 -0.885871 0.0349187 11.1542 0.886559 0.462269 -0.0179246 20.7944 -0.000262934 0.0392497 0.999229 0.94158
0.461256 -0.886803 0.0287069 12.0951 0.887258 0.461157 -0.0103522 22.5821 -0.00405804 0.0302455 0.999534 0.947068
0.459938 -0.887522 0.0276159 12.989 0.887898 0.460027 -0.00339549 24.3702 -0.00969047 0.0260818 0.999613 0.970555
0.459332 -0.887807 0.0285006 13.9143 0.888174 0.459506 -0.000473028 26.2207 -0.0126762 0.0255308 0.999594 0.958152
0.459541 -0.88767 0.0294009 14.8275 0.888111 0.4596 -0.005126 28.0303 -0.00896246 0.0284669 0.999555 0.969566
0.458175 -0.88845 0.0270493 15.7277 0.888802 0.458286 -0.00231555 29.7744 -0.0103391 0.0251024 0.999631 1.03491
0.45692 -0.888969 0.0309417 16.6447 0.889452 0.457006 -0.00465272 31.6119 -0.0100044 0.0296471 0.99951 0.994125
0.456892 -0.889287 0.0204523 17.5294 0.889515 0.456858 -0.00655831 33.3201 -0.00351158 0.0211891 0.999769 1.00413
0.456443 -0.889396 0.0251718 18.4088 0.8897 0.456542 -0.00199683 35.0868 -0.00971603 0.0233068 0.999681 0.992488
0.456436 -0.889331 0.0275184 19.2879 0.889701 0.456533 -0.00299496 36.8212 -0.00989956 0.0258502 0.999617 1.00919
0.454809 -0.890084 0.0299857 20.1634 0.890548 0.454855 -0.00566144 38.5309 -0.00859997 0.0292785 0.999534 1.03799
0.453423 -0.890426 0.0393448 21.0555 0.891109 0.45379 0.000425713 40.2567 -0.0182333 0.0348675 0.999226 1.05999
0.451422 -0.891502 0.0379755 21.898 0.892098 0.451835 0.00261604 41.9363 -0.0194909 0.0326969 0.999275 1.00959
0.449763 -0.892598 0.0313437 22.7324 0.89312 0.449748 -0.00790502 43.637 -0.00704076 0.0315491 0.999477 0.972812
0.448565 -0.893435 0.0237373 23.4994 0.89371 0.448639 -0.00241414 45.2161 -0.00849258 0.0222971 0.999715 0.958064
0.446112 -0.894637 0.0246737 24.2994 0.894927 0.44621 -0.0017056 46.8113 -0.00948375 0.0228421 0.999694 0.974083
0.444024 -0.895839 0.0177525 25.0486 0.895964 0.444122 0.00183383 48.3324 -0.00952709 0.0150913 0.999841 1.04409
0.442078 -0.896889 0.0124966 25.7844 0.896931 0.442153 0.00388444 49.7993 -0.00900931 0.00949134 0.999914 1.14854
0.439769 -0.897943 0.01738 26.4597 0.897965 0.439964 0.00952351 51.2543 -0.0161981 0.0114184 0.999804 1.04553
0.435515 -0.899938 0.0209478 27.1227 0.900039 0.435743 0.00766377 52.6761 -0.0160248 0.0155162 0.999751 0.999838
0.433908 -0.900928 0.00729042 28.0469 0.900957 0.433895 -0.00329296 54.6259 -0.000196567 0.0079972 0.999968 1.03538
0.431066 -0.902265 0.0100158 28.8659 0.902311 0.431085 -0.000261614 56.3797 -0.00408162 0.00915016 0.99995 1.06148
0.434211 -0.900764 0.00920145 29.6743 0.900783 0.434094 -0.0123789 58.0146 0.00715615 0.0136635 0.999881 1.11024
0.447124 -0.894397 0.0115738 30.3985 0.894469 0.447116 -0.00339857 59.4797 -0.00213515 0.011872 0.999927 1.16451
0.476778 -0.87887 0.0164233 31.1308 0.878984 0.476851 0.000615436 60.8976 -0.00837234 0.0141423 0.999865 1.22714
0.532927 -0.845994 0.0167982 31.9191 0.846079 0.533047 0.00331051 62.1188 -0.0117549 0.0124484 0.999853 1.22222
0.654254 -0.755895 0.0239638 32.9029 0.75596 0.654567 0.0080915 63.4593 -0.0218022 0.0128218 0.99968 1.19251
0.798232 -0.601925 0.0226138 34.2012 0.601948 0.798508 0.00655645 64.4798 -0.0220038 0.00837876 0.999723 1.14676
0.9244 -0.380739 0.0228549 35.6306 0.380794 0.924658 0.00205881 65.2239 -0.0219168 0.00679983 0.999737 1.1116
0.996083 -0.0831921 0.0299526 37.4951 0.0832642 0.996527 -0.00116507 65.5236 -0.0297516 0.00365449 0.999551 1.0776
0.985848 0.165635 0.0258686 39.3441 -0.165376 0.986159 -0.0118689 65.3072 -0.0274764 0.00742292 0.999595 1.03879
0.947591 0.318655 0.0230365 41.2 -0.318771 0.94783 0.0014839 64.7221 -0.0213618 -0.00874949 0.999733 1.00809
0.918333 0.395782 0.00453066 42.8052 -0.395761 0.91834 -0.00489625 64.0983 -0.00609854 0.00270332 0.999978 0.975704
0.893871 0.448127 0.0133021 44.515 -0.448054 0.893969 -0.0081659 63.2299 -0.0155511 0.00133919 0.999878 0.941978
0.880969 0.473097 0.00856729 46.0059 -0.47298 0.880981 -0.0127166 62.5205 -0.0135638 0.00715077 0.999882 0.879856
0.872944 0.487778 0.0064104 47.5364 -0.487704 0.872947 -0.0103957 61.677 -0.0106667 0.00594849 0.999925 0.806152
0.866079 0.499874 0.00584032 49.3097 -0.499835 0.866093 -0.00696115 60.8011 -0.00853795 0.00310971 0.999959 0.679794
0.86553 0.500852 0.0020995 51.0425 -0.500789 0.865475 -0.0127404 59.7182 -0.00819814 0.00997583 0.999917 0.761567
0.870288 0.49254 0.00149492 52.2767 -0.492466 0.870203 -0.0149599 58.9733 -0.00866923 0.0122832 0.999887 0.765711
0.875453 0.483299 0.00190651 53.6351 -0.483205 0.875348 -0.0166777 58.2473 -0.00972917 0.0136793 0.999859 0.747854
0.878236 0.478209 0.00419275 55.049 -0.47808 0.878149 -0.0171334 57.5424 -0.0118752 0.0130427 0.999844 0.708556
0.882713 0.469912 -0.000143155 56.5131 -0.469859 0.882609 -0.0153089 56.8092 -0.00706747 0.0135806 0.999883 0.630935
0.884635 0.466284 -0.00105273 57.9071 -0.466285 0.884628 -0.00335696 56.0387 -0.000634021 0.00346055 0.999994 0.712963
0.883638 0.468158 0.00330119 59.4057 -0.46816 0.883644 -0.000196726 55.2632 -0.00300917 -0.00137165 0.999994 0.769566
0.883677 0.468057 0.00610294 60.8079 -0.468083 0.883677 0.00372735 54.5397 -0.00364841 -0.00615046 0.999974 0.812408
0.884175 0.467144 0.00347026 62.2725 -0.46715 0.884177 0.00124016 53.7661 -0.00248899 -0.00271765 0.999993 0.818878
0.882664 0.469953 0.00699361 63.7624 -0.470001 0.882619 0.0091314 53.0618 -0.00188136 -0.011347 0.999934 0.764002
0.87791 0.478662 0.0125439 65.2615 -0.478805 0.877815 0.0136708 52.3618 -0.00446752 -0.0180078 0.999828 0.66079
0.872451 0.48841 0.0169027 66.6327 -0.488659 0.872311 0.0169107 51.5505 -0.00648507 -0.0230135 0.999714 0.795688
0.862541 0.505675 0.0177588 68.0019 -0.505937 0.862417 0.0162772 50.7741 -0.00708456 -0.0230246 0.99971 0.867645
0.851643 0.523769 0.019228 69.3896 -0.524039 0.851588 0.0134508 49.9261 -0.0093292 -0.0215315 0.999725 0.877331
0.839087 0.543505 0.0231292 70.7623 -0.543895 0.838993 0.0163687 49.0885 -0.0105088 -0.0263147 0.999599 0.833173
0.82686 0.562058 0.019842 72.0572 -0.562369 0.826705 0.0173367 48.3014 -0.0066592 -0.0254936 0.999653 0.727631
0.814898 0.579213 0.0212923 73.3132 -0.579569 0.814702 0.01899 47.3593 -0.00634768 -0.0278153 0.999593 0.816177
0.805335 0.592427 0.0215665 74.4702 -0.592784 0.805152 0.0183588 46.4756 -0.006488 -0.0275693 0.999599 0.872244
0.794945 0.606359 0.0197496 75.6969 -0.606605 0.794939 0.0100755 45.5996 -0.0095904 -0.0199897 0.999754 0.906409
0.790066 0.61268 0.0204345 76.8565 -0.612915 0.79011 0.00776382 44.7254 -0.0113888 -0.0186586 0.999761 0.858983
0.785726 0.618277 0.019178 78.5113 -0.618408 0.785856 0.00116245 43.4935 -0.0143525 -0.0127732 0.999815 0.755431
0.791172 0.611507 0.0102996 79.9947 -0.611541 0.791213 0.000157728 42.268 -0.00805269 -0.00642339 0.999947 0.899625
0.811153 0.584803 0.00602468 81.3938 -0.584801 0.811173 -0.00228686 41.164 -0.00622443 -0.00166824 0.999979 1.00446
0.843194 0.537609 -0.000874815 82.7582 -0.537608 0.843194 0.000643225 40.3035 0.00108344 -7.20548e-05 0.999999 1.0506
0.890545 0.454894 -0.00062772 84.117 -0.454888 0.890539 0.00420655 39.6427 0.00247255 -0.00346057 0.999991 1.09712
0.943448 0.331423 0.00802392 85.5541 -0.33146 0.943462 0.00376269 39.0964 -0.00632322 -0.00620952 0.999961 1.14714
0.994915 0.100679 0.00291155 87.4968 -0.100674 0.994918 -0.00185883 38.8724 -0.0030839 0.00155625 0.999994 1.19777
0.983821 -0.178965 -0.00816346 89.3429 0.178957 0.983855 -0.00174982 39.1447 0.00834483 0.0002606 0.999965 1.19507
0.897842 -0.440302 0.00378313 91.119 0.440301 0.89785 0.00103321 39.9055 -0.00385161 0.000738055 0.999992 1.22988
0.781491 -0.6238 0.0120261 92.6078 0.623526 0.781539 0.0202863 41.0161 -0.0220534 -0.008355 0.999722 1.24712
0.71894 -0.695022 0.0083529 93.6101 0.694819 0.718951 0.0183439 42.0284 -0.0187547 -0.00738439 0.999797 1.20268
0.691973 -0.721907 0.00481923 94.6066 0.721663 0.691888 0.0221994 43.1105 -0.0193603 -0.0118835 0.999742 1.19908
0.68777 -0.725845 -0.0110528 95.7377 0.72587 0.68744 0.0232132 44.2874 -0.00925104 -0.0239882 0.999669 1.19834
0.696676 -0.717176 -0.0173527 96.8921 0.717383 0.696533 0.0142332 45.526 0.00187901 -0.0223645 0.999748 1.20862
0.706066 -0.707888 -0.019139 98.2132 0.708143 0.705715 0.0223784 46.8671 -0.00233476 -0.0293537 0.999566 1.20555
0.712582 -0.701547 -0.00769386 99.494 0.70147 0.712217 0.0261968 48.226 -0.0128986 -0.0240644 0.999627 1.19725
0.713441 -0.700605 -0.0123966 100.991 0.700715 0.713325 0.0128956 49.6122 -0.000191905 -0.0178867 0.99984 1.19476
0.708904 -0.705046 -0.0191269 101.985 0.705304 0.708689 0.0174748 50.6134 0.00123445 -0.0258782 0.999664 1.19246
0.705895 -0.708268 -0.00828644 103.025 0.708263 0.705649 0.0205819 51.6907 -0.00873017 -0.0203976 0.999754 1.20118
0.702417 -0.711691 -0.0103064 104.027 0.711732 0.70217 0.0198617 52.7214 -0.00689851 -0.0212866 0.99975 1.19535
0.696626 -0.717216 -0.0176786 105.119 0.717434 0.696436 0.0162824 53.8541 0.000634049 -0.0240259 0.999711 1.22268
0.692673 -0.721064 -0.0164232 106.248 0.721249 0.692437 0.0181718 55.0208 -0.00173103 -0.0244323 0.9997 1.19561
0.688918 -0.724777 -0.00947369 107.377 0.724805 0.688701 0.0186755 56.1893 -0.00701106 -0.0197325 0.999781 1.17566
0.687021 -0.726632 -0.00286192 108.497 0.726592 0.686927 0.0139626 57.3973 -0.00817971 -0.011672 0.999898 1.21562
0.687509 -0.726094 -0.0108946 109.638 0.726152 0.687288 0.018421 58.6203 -0.00588765 -0.0205758 0.999771 1.18746
0.69063 -0.722841 -0.0230374 110.791 0.723183 0.689987 0.0304 59.8693 -0.00607887 -0.0376554 0.999272 1.20633
0.694984 -0.718661 -0.0228977 111.986 0.718987 0.694264 0.0325012 61.1519 -0.00746026 -0.0390509 0.999209 1.18821
0.697336 -0.716456 -0.020308 113.162 0.716724 0.696825 0.0272288 62.3797 -0.00535712 -0.0335428 0.999423 1.18351
0.699227 -0.714758 -0.0142436 114.408 0.714871 0.698884 0.0228128 63.6311 -0.00635099 -0.0261337 0.999638 1.20082
0.701932 -0.712102 -0.0142098 115.616 0.712135 0.701336 0.0315003 64.8907 -0.0124656 -0.0322304 0.999403 1.21315
0.703415 -0.710656 -0.013224 116.84 0.710677 0.702876 0.0300657 66.128 -0.0120716 -0.0305466 0.99946 1.20855
0.70298 -0.710939 -0.019614 117.993 0.711183 0.702924 0.0107876 67.3108 0.00611783 -0.0215327 0.999749 1.19699
0.70327 -0.710878 -0.00792238 119.2 0.710847 0.70299 0.0224081 68.5394 -0.0103601 -0.0213906 0.999717 1.25597
0.701366 -0.712734 0.00977602 120.416 0.712206 0.701275 0.0312426 69.7166 -0.0291234 -0.01495 0.999464 1.21618
0.700332 -0.713755 -0.00936719 121.571 0.713792 0.700139 0.0174959 70.8922 -0.00592949 -0.0189392 0.999803 1.21945
0.697217 -0.716781 -0.010675 122.731 0.716808 0.69691 0.0224143 72.0937 -0.00862665 -0.0232796 0.999692 1.18622
0.68973 -0.723992 -0.0103518 123.874 0.724042 0.689519 0.0180844 73.3231 -0.00595518 -0.0199685 0.999783 1.16848
0.686206 -0.727226 -0.0162392 124.962 0.727369 0.685769 0.0255928 74.4798 -0.00747538 -0.0293738 0.999541 1.16154
0.684315 -0.729047 -0.014245 126.1 0.729104 0.683812 0.0284449 75.709 -0.0109968 -0.0298513 0.999494 1.18822
0.680561 -0.732619 -0.0103096 127.245 0.732643 0.680286 0.0211124 76.8915 -0.00845389 -0.0219215 0.999724 1.1945
0.671705 -0.740763 -0.00909095 128.285 0.740802 0.671556 0.0150012 78.0789 -0.00500722 -0.016811 0.999846 1.17636
0.662239 -0.749293 0.00014547 129.395 0.749145 0.662113 0.0197134 79.285 -0.0148674 -0.012946 0.999806 1.17219
0.653699 -0.756724 0.00677887 130.4 0.756147 0.653507 0.0342124 80.5193 -0.0303194 -0.0172388 0.999392 1.15417
0.646196 -0.763171 0.000223519 131.484 0.763002 0.646059 0.0208652 81.7746 -0.0160681 -0.0133125 0.999782 1.16173
0.635876 -0.771755 -0.00747583 132.478 0.771737 0.635686 0.0180363 83.0006 -0.00916733 -0.0172382 0.999809 1.11792
0.622507 -0.782532 -0.0113427 133.487 0.78253 0.622162 0.0236843 84.3016 -0.0114768 -0.0236196 0.999655 1.12186
0.609077 -0.792879 -0.0191801 134.472 0.7931 0.608765 0.0199418 85.5744 -0.00413524 -0.0273578 0.999617 1.11345
0.595022 -0.803514 -0.017742 135.449 0.803653 0.594575 0.0249318 86.9377 -0.00948407 -0.0290934 0.999532 1.1079
0.581867 -0.813214 -0.0106668 136.416 0.813026 0.581303 0.0327832 88.3056 -0.0204591 -0.0277478 0.999406 1.07514
0.572131 -0.820081 -0.0115479 137.34 0.819869 0.571494 0.0347693 89.6583 -0.0219141 -0.0293603 0.999329 1.08365
0.565174 -0.824641 -0.0233447 138.224 0.824877 0.564455 0.0311289 91.0024 -0.0124932 -0.0368498 0.999243 1.07031
0.559185 -0.828599 -0.0271318 139.179 0.828976 0.558425 0.0309947 92.4339 -0.0105311 -0.0398234 0.999151 1.05527
0.5543 -0.832004 -0.0228192 140.068 0.83186 0.55288 0.0483035 93.8431 -0.0275725 -0.045757 0.998572 1.03819
0.545373 -0.838099 -0.0125935 140.967 0.83794 0.544776 0.032807 95.1694 -0.0206349 -0.0284447 0.999382 1.00975
0.534861 -0.844689 -0.0205943 141.843 0.844845 0.534276 0.0280408 96.5426 -0.0126827 -0.032397 0.999395 0.996776
0.521488 -0.85316 -0.0129877 142.691 0.852959 0.520841 0.0344366 97.9735 -0.0226153 -0.0290363 0.999322 0.970499
0.512111 -0.858901 0.00549685 143.602 0.858526 0.51206 0.0269801 99.4278 -0.0259879 -0.00909762 0.999621 0.940733
0.502681 -0.864468 0.00272349 144.466 0.864358 0.502663 0.0146823 100.789 -0.0140614 -0.00502646 0.999889 0.899829
0.490704 -0.871325 -0.00124766 145.3 0.871224 0.490625 0.0159772 102.309 -0.0133092 -0.00892709 0.999872 0.901673
0.481567 -0.876403 0.0034089 146.122 0.875812 0.481378 0.0350491 103.851 -0.0323581 -0.0138929 0.99938 0.87423
0.475948 -0.879465 0.00392916 146.872 0.879151 0.475889 0.0249734 105.34 -0.0238331 -0.00843171 0.99968 0.856368
0.473069 -0.880894 -0.0152363 147.653 0.880983 0.472806 0.0179947 106.802 -0.0086476 -0.0219356 0.999722 0.832077
0.470431 -0.882421 -0.00517855 148.45 0.88225 0.470203 0.0233359 108.337 -0.0181571 -0.0155467 0.999714 0.827645
0.468411 -0.883495 0.00520398 149.278 0.883114 0.468369 0.0271885 109.859 -0.0264583 -0.0081397 0.999617 0.806574
0.465965 -0.884788 0.00509555 150.048 0.884761 0.465992 0.00708999 111.318 -0.00864763 0.00120465 0.999962 0.815638
0.463249 -0.886228 0.000539274 150.814 0.886214 0.463246 0.00526549 112.831 -0.00491624 -0.00196132 0.999986 0.806311
0.460899 -0.88741 0.00865659 151.62 0.887258 0.460981 0.0164193 114.381 -0.0185612 0.000112978 0.999828 0.833153
0.45971 -0.888036 0.0076231 152.401 0.888008 0.459762 0.0077766 115.934 -0.0104107 0.0031944 0.999941 0.836578
0.458546 -0.888657 -0.00486237 153.14 0.888582 0.458417 0.0165994 117.385 -0.0125222 -0.0119322 0.99985 0.816405
0.457945 -0.888956 -0.00652011 153.887 0.888784 0.457678 0.0243491 118.866 -0.0186612 -0.0169455 0.999682 0.828764
0.456783 -0.889527 -0.0095409 154.667 0.88943 0.456485 0.0231285 120.336 -0.0162181 -0.0190507 0.999687 0.8183
0.453649 -0.891057 -0.0148492 155.326 0.891098 0.453318 0.0211338 121.763 -0.0121 -0.0228194 0.999666 0.80328
0.450075 -0.892937 -0.0097788 156.02 0.892607 0.449534 0.0342236 123.146 -0.0261636 -0.0241318 0.999366 0.785056
0.447152 -0.894457 -0.000769534 156.677 0.894129 0.446964 0.0275153 124.462 -0.0242673 -0.0129916 0.999621 0.786762
0.449291 -0.893374 -0.00451816 157.372 0.89328 0.449155 0.0176407 125.764 -0.0137304 -0.0119618 0.999834 0.772028
0.455821 -0.890035 -0.00811749 158.296 0.890056 0.45574 0.0100742 127.645 -0.00526689 -0.011817 0.999916 0.765161
0.47024 -0.882502 -0.00800554 159.242 0.882228 0.469815 0.0307729 129.428 -0.023396 -0.0215333 0.999494 0.721943
0.488699 -0.872241 -0.0192171 160.156 0.872445 0.488484 0.0149478 131.247 -0.00365083 -0.0240708 0.999704 0.708915
0.50733 -0.86144 -0.0231825 161.108 0.861745 0.50704 0.0174658 132.986 -0.00329125 -0.0288384 0.999579 0.727183
0.520172 -0.854025 -0.00789038 162.133 0.853987 0.519982 0.0180102 134.636 -0.0112783 -0.0161067 0.999807 0.753443
0.521263 -0.853338 -0.0099211 163.168 0.853241 0.520912 0.0251042 136.345 -0.0162544 -0.021551 0.999636 0.72177
0.520479 -0.853658 -0.0192099 164.12 0.853871 0.520279 0.0146561 137.99 -0.00251683 -0.024031 0.999708 0.68527
0.512866 -0.858132 -0.0240424 165.153 0.858459 0.512793 0.00956116 139.699 0.00412403 -0.025543 0.999665 0.724464
0.504155 -0.863599 -0.00491916 166.177 0.863166 0.503704 0.0350173 141.52 -0.0277631 -0.0219002 0.999375 0.725981
0.497015 -0.867664 -0.0116209 167.154 0.86767 0.496758 0.0194737 143.261 -0.0111239 -0.0197618 0.999743 0.688652
0.494054 -0.869415 0.00537141 168.263 0.869328 0.494081 0.0123294 145.044 -0.0133733 -0.00142186 0.99991 0.715009
0.490838 -0.871145 0.0135789 169.274 0.871205 0.490912 0.00260288 146.837 -0.00893353 0.0105524 0.999904 0.724678
0.49005 -0.871375 0.0235848 170.319 0.871552 0.490279 0.00481571 148.55 -0.0157594 0.0181954 0.99971 0.731388
0.489212 -0.871821 0.0245088 171.363 0.872095 0.489335 -0.00112122 150.357 -0.0110155 0.0219225 0.999699 0.712513
0.491399 -0.870889 0.00889855 172.263 0.870931 0.491342 -0.00786664 152.069 0.00247874 0.0116157 0.999929 0.760284
0.491301 -0.870708 0.0221648 173.31 0.870836 0.491533 0.00626664 153.818 -0.0163511 0.0162231 0.999735 0.807064
0.483193 -0.874765 0.0362176 174.202 0.875169 0.48375 0.00806816 155.357 -0.024578 0.0277981 0.999311 0.81977
0.456086 -0.88892 0.0425185 174.935 0.88974 0.456467 -0.000839974 156.793 -0.0186616 0.0382135 0.999095 0.840459
0.399774 -0.9154 0.0471586 175.553 0.916406 0.40025 0.000700946 158.229 -0.0195169 0.0429362 0.998887 0.744713
0.278456 -0.959343 0.0460836 176.141 0.960327 0.278864 0.00254129 160.184 -0.015289 0.0435477 0.998934 0.718543
0.0357606 -0.999348 -0.00491575 176.221 0.999344 0.0357316 0.00587478 162.397 -0.0056953 -0.00512261 0.999971 0.722878
-0.196616 -0.979919 -0.0331923 175.936 0.980203 -0.197253 0.0171269 164.178 -0.0233303 -0.0291678 0.999302 0.701517
-0.41452 -0.908272 -0.0567089 175.195 0.908401 -0.416707 0.0340929 165.662 -0.0545966 -0.0373823 0.997808 0.665547
-0.617323 -0.78603 -0.0327106 174.202 0.78561 -0.618124 0.0271762 166.937 -0.0415805 -0.00892128 0.999095 0.626208
-0.733092 -0.67922 -0.035155 173.173 0.678926 -0.73389 0.0215642 167.831 -0.0404468 -0.0080591 0.999149 0.544506
-0.810388 -0.585024 -0.0319089 172.018 0.584704 -0.811011 0.0195421 168.705 -0.0373111 -0.0028206 0.9993 0.491501
-0.855335 -0.517304 -0.0282644 170.721 0.517171 -0.855792 0.012408 169.543 -0.0306072 -0.00400452 0.999523 0.44322
-0.877926 -0.477804 -0.0308094 169.371 0.477983 -0.878367 0.00175024 170.35 -0.0278982 -0.0131898 0.999524 0.35467
-0.884402 -0.465946 -0.026948 167.751 0.466136 -0.884713 -0.00086984 171.128 -0.0234359 -0.0133307 0.999636 0.366156
-0.884107 -0.466475 -0.0274886 166.006 0.466653 -0.88444 -4.44162e-05 172.015 -0.0242914 -0.0128669 0.999622 0.332639
-0.883082 -0.46871 -0.0218529 164.071 0.468859 -0.883271 -0.00198298 173.008 -0.0183726 -0.0119971 0.999759 0.266718
-0.883055 -0.468852 -0.0197819 162.751 0.468961 -0.883218 -0.00103148 173.744 -0.0169881 -0.0101878 0.999804 0.228208
-0.880908 -0.472903 -0.0190925 161.274 0.472992 -0.881067 -0.000164748 174.371 -0.0167439 -0.00917573 0.999818 0.232294
-0.878585 -0.477322 -0.0159131 159.777 0.477317 -0.878721 0.00433565 175.091 -0.0160526 -0.00378634 0.999864 0.223013
-0.877617 -0.478892 -0.0212269 158.289 0.478895 -0.877856 0.00529375 175.888 -0.0211693 -0.00551957 0.999761 0.227465
-0.876438 -0.480911 -0.0241034 156.722 0.480847 -0.876761 0.00877683 176.757 -0.0253538 -0.00389769 0.999671 0.190193
-0.878334 -0.477788 -0.0157407 155.188 0.477701 -0.878475 0.00911638 177.694 -0.0181835 0.000487903 0.999835 0.15197
-0.879192 -0.476307 -0.0123231 153.654 0.476117 -0.879244 0.0155746 178.394 -0.0182533 0.00782587 0.999803 0.159093
-0.881073 -0.472575 -0.0195713 152.11 0.472173 -0.881233 0.021944 179.122 -0.0276171 0.0100933 0.999568 0.157752
-0.882814 -0.469356 -0.0185458 150.487 0.468924 -0.882928 0.0234413 179.936 -0.0273769 0.0119977 0.999553 0.137126
-0.885492 -0.464443 -0.0140296 148.956 0.464138 -0.885527 0.0204116 180.753 -0.0219036 0.0115627 0.999693 0.0973874
-0.886298 -0.462908 -0.0138589 147.419 0.462712 -0.886378 0.015225 181.613 -0.019332 0.00708127 0.999788 0.074736
-0.887954 -0.459805 -0.0108063 145.844 0.459734 -0.888016 0.00846163 182.545 -0.0134869 0.00254552 0.999906 0.0328243
-0.886846 -0.461907 -0.0121196 144.339 0.461906 -0.886924 0.00298091 183.203 -0.0121261 -0.00295453 0.999922 0.0295098
-0.884687 -0.466022 -0.0123142 142.807 0.466017 -0.884769 0.00348486 183.927 -0.0125193 -0.00265562 0.999918 0.0272113
-0.882076 -0.470993 -0.0103673 141.281 0.47091 -0.88213 0.00950638 184.711 -0.0136227 0.00350331 0.999901 0.0304376
-0.880474 -0.474073 -0.00458257 139.819 0.473957 -0.880409 0.0156593 185.524 -0.0114582 0.0116156 0.999867 0.0204166
-0.879541 -0.475796 -0.00506885 138.31 0.475722 -0.879524 0.0112329 186.34 -0.00980276 0.00746847 0.999924 0.0500007
-0.880159 -0.474502 -0.0129358 136.858 0.474415 -0.880252 0.00933046 187.183 -0.0158141 0.00207536 0.999873 0.0302569
-0.882801 -0.469622 -0.0108869 135.454 0.469433 -0.88282 0.0161732 188.031 -0.0172065 0.00916708 0.99981 -0.00687417
-0.886336 -0.463036 -0.0023534 133.928 0.46295 -0.88625 0.0154319 188.714 -0.00923123 0.0125884 0.999878 0.0146152
-0.891072 -0.453856 -0.00251638 132.497 0.453818 -0.891047 0.00915032 189.369 -0.00639514 0.00701162 0.999955 0.0724509
-0.894386 -0.447199 -0.00926947 131.053 0.447221 -0.894424 -0.000314428 190.08 -0.00815022 -0.00442672 0.999957 0.0935831
-0.898349 -0.439116 -0.0120692 129.619 0.439144 -0.898417 0.000323922 190.776 -0.0109854 -0.00500913 0.999927 0.0943704
-0.900749 -0.434167 -0.0123017 128.222 0.434207 -0.900813 -0.000690682 191.464 -0.0107817 -0.00596363 0.999924 0.0699983
-0.901986 -0.431514 -0.0147256 126.803 0.431669 -0.90198 -0.00968744 192.19 -0.00910197 -0.0150945 0.999845 0.0505381
-0.902528 -0.430243 -0.0182531 125.474 0.430521 -0.902444 -0.0157126 192.718 -0.00971216 -0.0220394 0.99971 0.111141
-0.902212 -0.43078 -0.0210179 124.167 0.431155 -0.902082 -0.0187886 193.273 -0.0108661 -0.0260133 0.999602 0.117699
-0.899011 -0.437231 -0.0246586 122.361 0.437726 -0.898876 -0.0204502 194.134 -0.0132236 -0.0291787 0.999487 0.148377
-0.895434 -0.444627 -0.0224693 120.659 0.445083 -0.895197 -0.0228798 194.992 -0.00994145 -0.0304881 0.999486 0.178671
-0.891327 -0.452762 -0.023288 119.106 0.453244 -0.891086 -0.0231237 195.841 -0.0102821 -0.031166 0.999461 0.141627
-0.885594 -0.463932 -0.0221426 117.64 0.464351 -0.885414 -0.0205083 196.524 -0.0100909 -0.028444 0.999544 0.198112
-0.879562 -0.475267 -0.0221656 116.341 0.47561 -0.879545 -0.0140086 197.151 -0.0128378 -0.0228636 0.999656 0.23217
-0.868866 -0.494277 -0.027591 114.915 0.494777 -0.868883 -0.0154479 197.991 -0.0163378 -0.0270736 0.9995 0.218248
-0.857282 -0.514344 -0.0227541 113.69 0.5147 -0.857256 -0.0140127 198.748 -0.0122987 -0.0237244 0.999643 0.20092
-0.846032 -0.533032 -0.0103735 112.469 0.533121 -0.845981 -0.00990586 199.606 -0.00349562 -0.013911 0.999897 0.217277
-0.830704 -0.556663 0.00755373 111.278 0.556509 -0.83069 -0.015856 200.321 0.0151012 -0.00896789 0.999846 0.254797
-0.756847 -0.653583 -0.00343534 110.083 0.65356 -0.756746 -0.0139416 201.276 0.00651228 -0.0127968 0.999897 0.294858
-0.630386 -0.776281 0.00110494 109.104 0.776278 -0.630377 0.00418064 202.419 -0.00254883 0.00349316 0.999991 0.30979
-0.416537 -0.909087 -0.00765685 108.27 0.908999 -0.416604 0.012757 203.931 -0.0147871 -0.00164631 0.999889 0.275212
-0.123398 -0.992351 -0.00356772 107.897 0.992335 -0.123419 0.0062501 205.802 -0.00664262 -0.00276913 0.999974 0.223799
0.121794 -0.992517 0.00869003 108.049 0.992513 0.121865 0.0081856 207.521 -0.00918336 0.007628 0.999929 0.276703
0.314671 -0.949154 0.0094065 108.649 0.949177 0.314718 0.00387201 209.466 -0.00663553 0.00771001 0.999948 0.271138
0.408768 -0.912505 0.0155698 109.413 0.912568 0.408889 0.00547022 211.134 -0.0113579 0.0119725 0.999864 0.256798
0.458787 -0.888427 0.0145554 110.244 0.88846 0.458909 0.006405 212.882 -0.01237 0.00999337 0.999874 0.262276
0.485909 -0.873859 0.0161843 111.201 0.873963 0.485991 0.00126957 214.721 -0.00897487 0.0135276 0.999868 0.180429
0.491191 -0.870851 0.0187164 112.215 0.87099 0.491299 0.00138778 216.572 -0.0104039 0.0156202 0.999824 0.220592
0.491921 -0.870374 0.0215132 112.963 0.870499 0.492136 0.00586425 217.867 -0.0156915 0.0158425 0.999751 0.222252
0.489816 -0.871359 0.0285361 113.747 0.871663 0.490095 0.0032995 219.295 -0.0168604 0.0232577 0.999587 0.177296
0.486809 -0.873106 0.0265118 114.514 0.873448 0.486908 -0.0030508 220.732 -0.0102451 0.0246418 0.999644 0.142283
0.486328 -0.873691 0.0122079 115.318 0.873757 0.486362 -0.000219666 222.273 -0.00574553 0.0107735 0.999925 0.0970765
0.486264 -0.873735 0.0115908 116.188 0.873643 0.486388 0.0132191 223.781 -0.0171876 0.0036983 0.999845 0.186235
0.486196 -0.87338 0.0286507 117.064 0.873504 0.486665 0.012187 225.3 -0.0245872 0.0191012 0.999515 0.11535
0.484293 -0.874322 0.031967 117.963 0.874844 0.484371 -0.00579483 226.941 -0.0104173 0.0307725 0.999472 0.11427
0.482902 -0.875453 0.0196819 118.879 0.875666 0.482876 -0.00637659 228.618 -0.00392149 0.020314 0.999786 0.10706
0.482166 -0.87586 0.0196218 119.796 0.876012 0.482287 0.00162914 230.391 -0.0108902 0.0164034 0.999806 0.107212
0.483117 -0.875169 0.026035 120.751 0.875298 0.483483 0.00990652 232.204 -0.0212573 0.0180023 0.999612 0.0313878
0.484155 -0.874406 0.0317555 121.732 0.874822 0.484443 0.00156878 233.939 -0.0167555 0.0270209 0.999494 0.0487736
0.48389 -0.874576 0.0311062 122.724 0.875054 0.484009 -0.00408613 235.688 -0.011482 0.0291968 0.999508 0.0436431
0.482455 -0.875337 0.0319885 123.709 0.87579 0.482691 -0.000369557 237.521 -0.0151171 0.0281935 0.999488 0.0487224
0.479898 -0.87645 0.0391581 124.746 0.877133 0.480247 -0.000557994 239.367 -0.0183165 0.0346146 0.999233 0.014697
0.476995 -0.877988 0.0401575 125.733 0.878852 0.476974 -0.0107018 241.238 -0.00975803 0.0403972 0.999136 -0.0567498
0.474898 -0.879624 0.027085 126.739 0.880032 0.474808 -0.0100522 243.192 -0.00401806 0.0286094 0.999583 -0.00968516
0.472348 -0.880998 0.0270138 127.72 0.88131 0.472537 0.000740651 245.042 -0.0134176 0.0234577 0.999635 0.0291634
0.470295 -0.882108 0.0266218 128.699 0.882333 0.47059 0.00577743 246.881 -0.0176243 0.0207722 0.999629 0.0554626
0.469612 -0.882564 0.0233457 129.666 0.882728 0.46985 0.00566129 248.683 -0.0159654 0.0179493 0.999711 0.0539117
0.469595 -0.882434 0.0281283 130.654 0.882824 0.46969 -0.00353419 250.56 -0.0100929 0.026492 0.999598 0.0407965
0.469326 -0.882539 0.0293012 131.588 0.882992 0.469336 -0.00696505 252.38 -0.0076052 0.0291417 0.999546 0.0101697
0.470591 -0.882096 0.0212247 132.573 0.882298 0.470691 -0.000337769 254.298 -0.00969235 0.0188855 0.999775 -0.0357015
0.471205 -0.881816 0.0191299 133.533 0.88194 0.471349 0.00359699 256.129 -0.0121887 0.0151765 0.999811 0.0297334
0.471161 -0.881635 0.0269711 134.435 0.881816 0.471518 0.00849289 257.816 -0.020205 0.019782 0.9996 0.0374198
0.472084 -0.881291 0.0215098 135.415 0.881484 0.472213 0.00105733 259.686 -0.011089 0.0184614 0.999768 0.0559361
0.472287 -0.881242 0.0188902 136.335 0.881404 0.472364 -0.000456585 261.482 -0.00852067 0.0168655 0.999821 0.0089795
0.472493 -0.881208 0.0149078 137.304 0.881294 0.472566 0.00154786 263.34 -0.0084089 0.0124068 0.999888 -0.0155771
0.47323 -0.88074 0.0186914 138.251 0.880871 0.473351 0.00237679 265.183 -0.0109409 0.0153399 0.999822 -0.0701046
0.472186 -0.881381 0.0144362 139.197 0.881438 0.472283 0.00403277 266.932 -0.0103724 0.0108204 0.999888 -0.0158235
0.473338 -0.880802 0.0117841 140.23 0.880811 0.473427 0.00626665 268.869 -0.0110986 0.00741332 0.999911 -0.00613891
0.474367 -0.880232 0.0129454 141.179 0.880251 0.474469 0.00618298 270.618 -0.0115846 0.00846215 0.999897 0.00530346
0.474981 -0.879887 0.013831 142.18 0.879913 0.475093 0.00626025 272.54 -0.0120793 0.00919661 0.999885 -0.0117846
0.474266 -0.880247 0.0153905 143.199 0.88035 0.474325 0.0001756 274.474 -0.00745466 0.0134657 0.999882 -0.0732575
0.473556 -0.880592 0.0173879 144.174 0.880696 0.473672 0.0030487 276.33 -0.0109208 0.0138697 0.999844 -0.110443
0.474049 -0.880222 0.022056 145.22 0.880332 0.474297 0.00753307 278.331 -0.0170919 0.0158455 0.999728 -0.0464626
0.473866 -0.880007 0.0322348 146.223 0.880399 0.474218 0.00383301 280.177 -0.0186594 0.0265631 0.999473 0.0189967
0.472652 -0.88009 0.0451887 147.197 0.881143 0.472769 -0.00873276 282.062 -0.0136782 0.0439452 0.99894 -0.0145582
0.471518 -0.88096 0.0397455 148.225 0.881751 0.47168 -0.0057939 283.97 -0.013643 0.0377776 0.999193 -0.0147831
0.470397 -0.881507 0.040881 149.227 0.882247 0.470787 -0.000102114 285.893 -0.0191562 0.0361152 0.999164 -0.0104196
0.469566 -0.881744 0.0451107 150.195 0.882695 0.469938 -0.0026219 287.71 -0.0188874 0.0410502 0.998979 -0.101675
0.469055 -0.882214 0.041066 151.178 0.883102 0.469084 -0.0095191 289.591 -0.0108655 0.0407305 0.999111 -0.0568094
0.46735 -0.883225 0.0386877 152.107 0.883993 0.467447 -0.00706655 291.416 -0.0118431 0.0375022 0.999226 0.0124959
0.466031 -0.883716 0.0431342 153.037 0.884571 0.466402 -0.00163799 293.182 -0.0186704 0.0389186 0.999068 0.0367447
0.463417 -0.884586 0.0524567 153.952 0.885959 0.463707 -0.00722725 294.978 -0.0179314 0.0498237 0.998597 0.000785337
0.461887 -0.88561 0.0485235 154.895 0.886811 0.462056 -0.00835207 296.731 -0.0150239 0.0468889 0.998787 -0.0700566
0.460236 -0.88673 0.0435105 155.771 0.887714 0.460307 -0.00896207 298.401 -0.0120813 0.0427495 0.999013 -0.134264
0.459319 -0.887313 0.0412583 156.622 0.888186 0.459422 -0.00752641 300.103 -0.0122767 0.0401021 0.99912 -0.0459733
0.459477 -0.887003 0.0458932 157.399 0.888114 0.459497 -0.0107236 301.72 -0.011576 0.0456856 0.998889 -0.0295742
0.462194 -0.885515 0.0473296 158.191 0.88671 0.462165 -0.0122105 303.283 -0.0110615 0.0476112 0.998805 -0.0064256
0.464698 -0.884047 0.0501655 158.978 0.885359 0.464786 -0.0105961 304.815 -0.0139488 0.0493385 0.998685 -0.0177565
0.468307 -0.882253 0.0481526 159.744 0.883426 0.468506 -0.00778011 306.217 -0.0156958 0.0461828 0.99881 -0.0625756
0.471522 -0.8806 0.0470138 160.508 0.881665 0.471856 -0.00442507 307.585 -0.018287 0.0435369 0.998884 -0.126131
0.476002 -0.877639 0.0563197 161.445 0.879204 0.476391 -0.00716019 309.402 -0.0205461 0.0529248 0.998387 -0.0477617
0.480769 -0.875694 0.0449574 162.349 0.876722 0.480936 -0.00773013 311.065 -0.0148524 0.0431315 0.998959 -0.0343606
0.479771 -0.876156 0.0465759 163.195 0.877065 0.480368 0.00187217 312.571 -0.0240139 0.0399519 0.998913 -0.0250404
0.464849 -0.884313 0.0436523 163.925 0.885253 0.46508 -0.00532012 313.887 -0.0155972 0.0411164 0.999033 -0.101593
0.407623 -0.912363 0.0379056 164.553 0.91308 0.407757 -0.00449125 315.533 -0.0113586 0.0364416 0.999271 0.0308159
0.29536 -0.954482 0.0415417 165.056 0.955294 0.295655 0.00100302 317.283 -0.0132394 0.0393883 0.999136 0.0983039
0.0653534 -0.997177 0.0369651 165.232 0.997562 0.0661968 0.0220709 319.316 -0.0244556 0.0354326 0.999073 0.151516
-0.223729 -0.974211 0.0293006 164.868 0.974211 -0.222624 0.0367487 321.485 -0.029278 0.0367667 0.998895 0.0970023
-0.471153 -0.880894 0.0451823 164.037 0.88177 -0.469091 0.0493482 323.299 -0.0222759 0.063091 0.997759 0.0586286
-0.644226 -0.763072 0.0519096 163.153 0.764832 -0.642934 0.0408301 324.529 0.00221812 0.0660059 0.997817 -0.0821865
-0.783888 -0.619343 0.043962 161.863 0.620896 -0.782221 0.0511684 325.527 0.00269718 0.0674062 0.997722 0.101655
-0.866111 -0.499522 0.0181163 160.313 0.499851 -0.865541 0.0314233 326.28 -1.62515e-05 0.0362716 0.999342 0.162577
-0.898936 -0.438071 0.00266055 158.661 0.437939 -0.898476 0.0308247 327.03 -0.011113 0.0288746 0.999521 0.245566
-0.906823 -0.420985 0.0210839 156.925 0.421262 -0.906873 0.0109457 327.78 0.0145125 0.0188077 0.999718 0.245557
-0.904946 -0.425123 0.0185035 155.123 0.425443 -0.90477 0.0197246 328.635 0.00835602 0.0257219 0.999634 0.271581
-0.903724 -0.427918 0.0129827 153.208 0.428093 -0.903567 0.0174116 329.537 0.00428005 0.0212931 0.999764 0.289727
-0.898244 -0.439414 0.00850509 151.202 0.43947 -0.898235 0.00629316 330.487 0.00487426 0.00939053 0.999944 0.246177
-0.894417 -0.447207 0.00502032 149.811 0.447234 -0.894375 0.00860902 331.184 0.000640037 0.00994531 0.99995 0.217992
-0.892743 -0.450504 0.00746767 148.421 0.450565 -0.892651 0.0128698 331.953 0.000868127 0.0148541 0.999889 0.0811174
-0.890419 -0.455089 0.00691302 146.833 0.455139 -0.890362 0.0101539 332.674 0.00153414 0.0121876 0.999924 0.194361
-0.887736 -0.460314 -0.00605388 145.285 0.460309 -0.887756 0.00227565 333.431 -0.00642189 -0.000766468 0.999979 0.227256
-0.884483 -0.466549 -0.00454479 143.67 0.466352 -0.884324 0.0220453 334.301 -0.0143043 0.0173793 0.999747 0.280058
-0.882027 -0.471194 0.00200739 142.06 0.471102 -0.881755 0.0238979 335.158 -0.00949051 0.0220243 0.999712 0.250669
-0.881774 -0.47165 0.00462997 140.482 0.471651 -0.881597 0.018242 335.98 -0.00452206 0.018269 0.999823 0.146704
-0.882684 -0.469958 0.00293273 138.904 0.469952 -0.882586 0.0136794 336.916 -0.00384038 0.0134529 0.999902 0.0206233
-0.883683 -0.468086 0.000182671 137.194 0.468045 -0.883601 0.0134904 337.715 -0.00615327 0.0120068 0.999909 0.140795
-0.884245 -0.467017 -0.00237301 135.556 0.466965 -0.884204 0.0113099 338.544 -0.00738012 0.0088926 0.999933 0.245229
-0.885106 -0.465351 -0.00599782 133.955 0.465321 -0.885123 0.00581982 339.391 -0.00801708 0.00236025 0.999965 0.227854
-0.886401 -0.462867 -0.00682289 132.314 0.462885 -0.886418 -0.00115559 340.272 -0.00551305 -0.00418253 0.999976 0.199688
-0.889983 -0.455857 -0.0112027 130.685 0.455812 -0.890053 0.00636891 341.096 -0.0128743 0.00056186 0.999917 0.142147
-0.893391 -0.449215 -0.00770694 129.077 0.449167 -0.893419 0.00724757 341.938 -0.0101412 0.00301321 0.999944 0.0534955
-0.89582 -0.444402 -0.0035208 127.418 0.444394 -0.895827 0.00286267 342.688 -0.0044262 0.000999829 0.99999 0.153861
-0.896573 -0.442842 -0.00692657 125.834 0.442872 -0.896578 -0.00361778 343.438 -0.00460811 -0.00631119 0.999969 0.184341
-0.896005 -0.443921 -0.01045 124.207 0.443974 -0.896033 -0.00338984 344.25 -0.00785873 -0.00767685 0.99994 0.239147
-0.893914 -0.448151 -0.00883618 122.613 0.448211 -0.893905 -0.00645468 344.997 -0.00500603 -0.00973039 0.99994 0.205786
-0.890787 -0.45424 -0.0128266 121.008 0.454382 -0.890725 -0.012053 345.852 -0.00595001 -0.0165648 0.999845 0.124328
-0.886561 -0.462463 -0.0117209 119.445 0.462546 -0.886578 -0.00561076 346.639 -0.00779675 -0.0103958 0.999916 0.0540735
-0.881866 -0.471334 -0.0125153 117.89 0.471418 -0.881897 -0.00479397 347.451 -0.00877762 -0.0101276 0.99991 0.183308
-0.876378 -0.481487 -0.0115132 116.315 0.481572 -0.876384 -0.00619835 348.287 -0.00710559 -0.0109766 0.999915 0.220858
-0.87144 -0.490355 -0.0119639 114.769 0.490465 -0.871413 -0.00913724 349.125 -0.00594502 -0.0138304 0.999887 0.223412
-0.867221 -0.497713 -0.0144819 113.263 0.497865 -0.867199 -0.00984292 349.96 -0.00765976 -0.015746 0.999847 0.239117
-0.86296 -0.505022 -0.0158784 111.796 0.505196 -0.862948 -0.00983479 350.819 -0.00873542 -0.0165087 0.999826 0.175175
-0.859658 -0.510715 -0.012586 110.298 0.5108 -0.859687 -0.00466871 351.774 -0.00843566 -0.0104424 0.99991 0.0444379
-0.857232 -0.51485 -0.00912287 108.865 0.514891 -0.857251 -0.00278706 352.582 -0.00638567 -0.00708645 0.999954 0.153979
-0.856439 -0.516186 -0.00802637 107.493 0.516218 -0.856454 -0.00242733 353.365 -0.00562126 -0.00622221 0.999965 0.206361
-0.856973 -0.51535 -0.00338174 106.26 0.515348 -0.85698 0.00127227 354.122 -0.00355375 -0.000652474 0.999994 0.210185
-0.862108 -0.506678 -0.00685892 104.531 0.506671 -0.862135 0.00273943 355.212 -0.00730132 -0.00111353 0.999973 0.17408
-0.871435 -0.490506 -0.00229312 102.937 0.490464 -0.871406 0.00986704 356.125 -0.00683808 0.00747379 0.999949 0.0836884
-0.881755 -0.471683 -0.0048627 101.352 0.471673 -0.881768 0.00315383 356.955 -0.00577537 0.000487303 0.999983 0.202022
-0.890941 -0.454117 -0.000969517 99.7747 0.454117 -0.890942 -0.000428438 357.734 -0.000669219 -0.000821987 0.999999 0.284005
-0.899279 -0.437336 0.00584902 98.2165 0.43734 -0.899296 -0.000624768 358.459 0.00553323 0.00199617 0.999983 0.301368
-0.905526 -0.42425 0.00582356 96.584 0.42422 -0.90554 -0.0057998 359.229 0.00773403 -0.00278139 0.999966 0.246589
-0.910701 -0.412998 0.00757368 94.9268 0.412908 -0.910706 -0.0110358 360.006 0.0114551 -0.00692305 0.99991 0.126904
-0.912599 -0.408751 0.00927585 93.1584 0.408623 -0.912609 -0.0131131 360.743 0.0138252 -0.0081767 0.999871 0.277662
-0.912799 -0.4084 -0.00283686 91.3431 0.408396 -0.912689 -0.0145394 361.512 0.00334871 -0.0144301 0.99989 0.355699
-0.909857 -0.413947 -0.0284212 89.3505 0.414308 -0.910101 -0.00800208 362.39 -0.0225537 -0.0190559 0.999564 0.370146
-0.905627 -0.423993 -0.00830975 87.3596 0.424069 -0.905339 -0.0229524 363.308 0.00220854 -0.0243103 0.999702 0.303475
-0.902185 -0.43061 -0.0252469 85.8697 0.431028 -0.902226 -0.0142381 364.038 -0.0166474 -0.0237275 0.99958 0.15812
-0.898895 -0.437513 -0.0238857 84.4163 0.437861 -0.898965 -0.0117959 364.711 -0.0163116 -0.0210619 0.999645 0.264337
-0.895655 -0.444713 -0.00575179 82.885 0.444705 -0.895306 -0.0257779 365.412 0.00631414 -0.0256459 0.999651 0.311438
-0.891083 -0.453311 -0.0219249 81.3161 0.453812 -0.890533 -0.0317286 366.138 -0.00514194 -0.0382226 0.999256 0.313651
-0.884571 -0.465977 -0.0199786 79.7169 0.466401 -0.883943 -0.0333955 366.969 -0.00209835 -0.0388587 0.999243 0.27114
-0.877755 -0.479107 0.00132523 78.0328 0.478806 -0.877296 -0.0331121 367.858 0.0170269 -0.0284298 0.999451 0.211664
-0.87165 -0.489992 -0.0115931 76.3771 0.490094 -0.871058 -0.0326631 368.833 0.00590642 -0.0341525 0.999399 0.136765
-0.865487 -0.500677 -0.0159429 74.654 0.500907 -0.865317 -0.0178343 369.762 -0.00486645 -0.0234213 0.999714 0.256624
-0.862009 -0.506808 -0.00922298 72.9672 0.506892 -0.86184 -0.0170946 370.715 0.000714944 -0.0194108 0.999811 0.335901
-0.861498 -0.507643 -0.0109762 71.2209 0.50776 -0.86134 -0.0165213 371.721 -0.00106734 -0.0198064 0.999803 0.347208
-0.861819 -0.506934 -0.016879 69.5271 0.507156 -0.861751 -0.0133515 372.723 -0.00777715 -0.0200668 0.999768 0.337627
-0.864802 -0.501832 -0.0168171 67.8043 0.501995 -0.86484 -0.00725808 373.746 -0.0109018 -0.0147189 0.999832 0.256482
-0.869079 -0.494673 -0.000738788 66.0857 0.494655 -0.869032 -0.00994993 374.763 0.00427993 -0.00901271 0.99995 0.148567
-0.87213 -0.489247 -0.00515861 64.341 0.489274 -0.8721 -0.00725827 375.684 -0.000947741 -0.00885412 0.99996 0.278956
-0.874425 -0.485051 -0.0102949 62.561 0.4851 -0.874454 -0.00278916 376.608 -0.00764957 -0.007433 0.999943 0.369302
-0.876156 -0.481902 -0.0109954 60.8766 0.482009 -0.876095 -0.0111796 377.489 -0.00424549 -0.015095 0.999877 0.358906
-0.878078 -0.478436 -0.00879093 59.1797 0.478515 -0.877986 -0.0128128 378.463 -0.00158821 -0.0154572 0.999879 0.357959
-0.880297 -0.474238 -0.0132038 57.4411 0.474367 -0.880279 -0.00923246 379.401 -0.00724466 -0.0143908 0.99987 0.312441
-0.883452 -0.46811 -0.019664 55.7366 0.468236 -0.883601 -0.00212818 380.405 -0.0163789 -0.0110875 0.999804 0.214253
