0.477284 -0.878556 0.0184031 0.681433 0.878745 0.477243 -0.00686302 0.552625 -0.00275319 0.0194472 0.999807 0.791128
0.475315 -0.87972 0.012963 1.52153 0.879814 0.475286 -0.00544893 2.13398 -0.00136758 0.013995 0.999901 0.788512
0.472395 -0.881267 0.0145504 2.36209 0.88138 0.47239 -0.00397665 3.74915 -0.00336899 0.014703 0.999886 0.808407
0.470199 -0.882431 0.0151183 3.23045 0.882554 0.470189 -0.00443255 5.36992 -0.00319704 0.0154269 0.999876 0.807607
0.468584 -0.883276 0.0159024 4.08542 0.883409 0.468586 -0.00384657 7.01816 -0.00405405 0.0158508 0.999866 0.825366
0.468952 -0.883056 0.017194 4.95688 0.88316 0.469064 0.00288872 8.67904 -0.010616 0.0138303 0.999848 0.826294
0.471645 -0.881515 0.0219424 5.84289 0.881676 0.471837 0.00424285 10.3538 -0.0140934 0.0173449 0.99975 0.812669
0.474082 -0.88024 0.0205644 6.73193 0.880442 0.47415 -0.00172833 12.0449 -0.00822925 0.0189251 0.999787 0.803554
0.475653 -0.879476 0.0166211 7.63948 0.879612 0.475685 -0.00221637 13.7349 -0.00595716 0.0156744 0.999859 0.812119
0.47511 -0.879564 0.025259 8.57206 0.87982 0.475303 0.00190448 15.4512 -0.0136808 0.0213185 0.999679 0.803229
0.472989 -0.880275 0.0373868 9.49778 0.881003 0.473042 -0.00797368 17.1621 -0.0106665 0.0367093 0.999269 0.795255
0.469816 -0.882245 0.0302842 10.4287 0.882744 0.469759 -0.00943366 18.9268 -0.00590348 0.0311653 0.999497 0.795395
0.467768 -0.883386 0.0286648 11.3582 0.883796 0.467856 -0.00397478 20.7051 -0.00989972 0.0271931 0.999581 0.792065
0.46597 -0.884449 0.0249481 12.2958 0.884707 0.466145 0.00136826 22.4918 -0.0128396 0.0214342 0.999688 0.789201
0.46579 -0.884574 0.023819 13.2342 0.88469 0.466093 0.00897939 24.3137 -0.0190448 0.0168899 0.999676 0.784973
0.465599 -0.884715 0.0222897 14.1721 0.884821 0.465859 0.00811896 26.0633 -0.0175668 0.0159422 0.999719 0.76771
0.465207 -0.885019 0.0179768 15.0256 0.885071 0.465391 0.00771237 27.7827 -0.0151919 0.0123229 0.999809 0.747883
0.463533 -0.885861 0.0196671 15.9812 0.885914 0.463761 0.00901837 29.5589 -0.0171099 0.013243 0.999766 0.734709
0.46273 -0.886267 0.0202906 16.8498 0.88643 0.462858 0.00188841 31.31 -0.0110653 0.0171124 0.999793 0.719041
0.462056 -0.886775 0.0115788 17.7835 0.886772 0.462149 0.00731258 33.0561 -0.0118358 0.00688893 0.999906 0.741392
0.461433 -0.886975 0.0188693 18.651 0.88703 0.461637 0.0082694 34.7875 -0.0160456 0.0129219 0.999788 0.727724
0.461606 -0.886755 0.0242168 19.5573 0.88697 0.461814 0.00351972 36.483 -0.0143048 0.0198548 0.999701 0.713707
0.460068 -0.88749 0.0264362 20.4252 0.887709 0.460364 0.0061514 38.2119 -0.0176296 0.0206376 0.999632 0.724581
0.458381 -0.888098 0.0341973 21.3205 0.888407 0.45894 0.010378 39.9285 -0.0249112 0.025624 0.999362 0.68897
0.455635 -0.889581 0.0322864 22.1602 0.890007 0.455939 0.00235072 41.6261 -0.0168118 0.0276641 0.999476 0.675898
0.454427 -0.89064 0.016023 22.9568 0.890712 0.454545 0.00448478 43.1773 -0.0112775 0.0122339 0.999862 0.660132
0.452445 -0.891678 0.0142686 23.7852 0.891665 0.452592 0.00963193 44.83 -0.0150464 0.00836486 0.999852 0.662385
0.449427 -0.893217 0.013389 24.5362 0.893181 0.44957 0.0107165 46.3562 -0.0155915 0.00714253 0.999853 0.662584
0.447406 -0.894256 0.0115691 25.273 0.894188 0.447528 0.0120937 47.8213 -0.0159924 0.00493419 0.99986 0.68674
0.4453 -0.895323 0.010248 25.9847 0.895162 0.445415 0.0170488 49.3354 -0.0198288 0.00158178 0.999803 0.672963
0.442445 -0.896729 0.010974 26.6788 0.896412 0.44258 0.0238201 50.7306 -0.0262171 -0.000701894 0.999656 0.642799
0.439024 -0.898418 0.0101593 27.6265 0.898416 0.439097 0.00658943 52.7574 -0.010381 0.00623436 0.999927 0.630262
0.436774 -0.89957 0.00176052 28.4901 0.899462 0.43675 0.0147278 54.5322 -0.0140176 -0.00484921 0.99989 0.655743
0.436865 -0.899458 0.0111459 29.3398 0.89952 0.436878 -0.00139107 56.1972 -0.00361818 0.0106336 0.999937 0.651262
0.447651 -0.8942 0.00394594 30.0786 0.894187 0.447666 0.00491821 57.7878 -0.00616433 0.00132676 0.999981 0.680648
0.469063 -0.88305 0.0142525 30.8033 0.88304 0.469207 0.00923667 59.1829 -0.0148438 0.00825292 0.999856 0.713417
0.518944 -0.85477 0.00809343 31.5562 0.854645 0.519006 0.0146683 60.4436 -0.0167386 -0.000695041 0.99986 0.719241
0.624346 -0.781032 0.0134937 32.6685 0.780818 0.624491 0.018281 61.8299 -0.0227047 -0.000877514 0.999742 0.719236
0.762627 -0.64674 0.0113507 33.9266 0.646505 0.762679 0.0187508 62.9391 -0.0207839 -0.0069616 0.99976 0.699453
0.900346 -0.435068 0.00969411 35.2755 0.434912 0.900353 0.0147411 63.7117 -0.0151415 -0.00905604 0.999845 0.672118
0.990727 -0.135008 0.0153179 37.0732 0.134808 0.990781 0.0134249 64.0764 -0.0169891 -0.0112354 0.999793 0.665236
0.984629 0.174288 0.0114645 39.2611 -0.17427 0.984695 -0.00255745 63.8842 -0.0117348 0.000520203 0.999932 0.683284
0.944076 0.329633 0.00802697 41.0842 -0.329708 0.944016 0.0112715 63.3073 -0.00386213 -0.0132877 0.999905 0.663226
0.913584 0.406557 -0.00881039 42.6148 -0.406523 0.913625 0.00544559 62.6208 0.0102633 -0.00139339 0.999947 0.67999
0.888438 0.458999 -0.000552494 44.3319 -0.458998 0.888437 0.00106893 61.716 0.000981495 -0.000696091 1 0.702064
0.876783 0.480865 -0.00462042 45.7102 -0.480884 0.876771 -0.00481061 60.9093 0.0017378 0.00643973 0.999978 0.697042
0.86835 0.495904 -0.00705741 47.2531 -0.495935 0.868352 -0.00366104 60.0197 0.0043128 0.00667907 0.999969 0.708698
0.863448 0.504396 -0.0066689 48.9377 -0.50443 0.863438 -0.00514307 59.0369 0.00316404 0.00780475 0.999965 0.713559
0.864841 0.501951 -0.00980721 50.6659 -0.502038 0.864776 -0.0109998 58.003 0.0029597 0.0144366 0.999892 0.719902
0.868862 0.4949 -0.0124095 51.9406 -0.495046 0.868728 -0.0155691 57.2517 0.00307535 0.0196707 0.999803 0.722882
0.874149 0.485569 -0.00942145 53.3074 -0.485655 0.874063 -0.0124343 56.5147 0.00219723 0.015445 0.999879 0.716497
0.877625 0.479319 -0.00542628 54.7378 -0.479349 0.877546 -0.0118281 55.7671 -0.000907619 0.0129817 0.999916 0.708452
0.881138 0.472787 -0.00830708 56.1604 -0.47285 0.881095 -0.00917658 55.0068 0.00298077 0.0120138 0.999924 0.735945
0.88188 0.471387 -0.00912904 57.5929 -0.471388 0.881924 0.00212873 54.2734 0.00905457 0.00242602 0.999957 0.755919
0.881723 0.471725 -0.00642291 59.1044 -0.471703 0.881746 0.00468474 53.4808 0.00787328 -0.00110096 0.999969 0.796945
0.881807 0.471568 -0.00637241 60.512 -0.471558 0.88183 0.00307908 52.7269 0.00707138 0.000289799 0.999976 0.820748
0.881972 0.471275 -0.00509375 61.9692 -0.471247 0.881983 0.00589038 51.9795 0.00726857 -0.00279476 0.99997 0.849966
0.880529 0.473981 -0.00334477 63.4231 -0.473927 0.880503 0.0104319 51.2243 0.00788962 -0.00760047 0.999941 0.883795
0.876545 0.48131 0.00329067 64.8788 -0.481297 0.876413 0.0159501 50.4481 0.00479294 -0.0155648 0.999868 0.897335
0.870217 0.49262 0.00689336 66.3284 -0.492662 0.870051 0.0171744 49.6621 0.0024629 -0.0183416 0.999829 0.92652
0.860955 0.508637 0.00675559 67.7279 -0.508674 0.860795 0.0168053 48.8574 0.00273263 -0.017905 0.999837 0.944539
0.849957 0.526814 0.00638398 69.0899 -0.526848 0.849843 0.0140859 48.0721 0.00199526 -0.0153358 0.999881 0.980109
0.837388 0.546561 0.0073858 70.4548 -0.546607 0.83726 0.0147208 47.1892 0.00186195 -0.0163641 0.999865 1.02024
0.824939 0.565175 0.007395 71.7514 -0.565213 0.824778 0.0166195 46.3202 0.00329368 -0.0178898 0.999835 1.02249
0.813222 0.58192 0.00642606 72.9881 -0.581935 0.813051 0.0173455 45.4396 0.00486898 -0.0178453 0.99983 1.04073
0.801739 0.597641 0.00640604 74.2156 -0.597651 0.801566 0.0174888 44.5472 0.00531717 -0.0178501 0.999827 1.07993
0.792155 0.610275 0.00749089 75.3714 -0.610304 0.791983 0.017121 43.6546 0.00451586 -0.0181343 0.999826 1.10519
0.786433 0.617618 0.00849737 76.5422 -0.617676 0.786339 0.0122309 42.7456 0.000872184 -0.0148674 0.99989 1.15705
0.783953 0.620791 0.00598951 78.1227 -0.620819 0.783935 0.00550094 41.5097 -0.00128046 -0.0080309 0.999968 1.19356
0.788931 0.614476 0.00271633 79.6724 -0.614479 0.788908 0.00630109 40.2929 0.00172892 -0.00664027 0.999977 1.22088
0.808645 0.588291 0.00267474 81.0485 -0.588289 0.808602 0.00885986 39.257 0.00304938 -0.00873801 0.999958 1.24835
0.841537 0.540188 -0.0037152 82.4206 -0.540123 0.841513 0.0111154 38.3881 0.00913078 -0.00734737 0.999932 1.28431
0.889161 0.45757 -0.0048621 83.789 -0.457475 0.88912 0.0135406 37.7394 0.0105188 -0.00981553 0.999897 1.30699
0.958409 0.285218 0.0101686 85.6513 -0.285354 0.958281 0.0164511 37.1732 -0.00505219 -0.0186686 0.999814 1.32003
0.999485 -0.0318105 -0.00435186 88.0201 0.0318586 0.999428 0.0113805 37.2224 0.00398734 -0.0115132 0.999927 1.36023
0.951919 -0.306308 -0.00506676 89.8793 0.306348 0.951842 0.0121761 37.7266 0.00109309 -0.0131429 0.999914 1.35199
0.844486 -0.535406 0.0136101 91.5258 0.535063 0.844515 0.0224252 38.6306 -0.0235005 -0.0116555 0.999657 1.34756
0.745102 -0.666936 0.00439226 92.9649 0.6665 0.744824 0.0318948 39.776 -0.0245433 -0.0208375 0.999483 1.29641
0.70701 -0.707178 0.00612026 93.9455 0.70678 0.706858 0.0285486 40.8492 -0.0245151 -0.0158585 0.999575 1.30112
0.694103 -0.719846 -0.00664598 94.9799 0.719509 0.693423 0.0383779 41.9755 -0.0230177 -0.0314201 0.999242 1.25771
0.698176 -0.715816 -0.0126285 96.1657 0.715857 0.697752 0.0263017 43.1668 -0.0100157 -0.0274034 0.999575 1.2149
0.709079 -0.704841 -0.020172 97.3727 0.705084 0.708416 0.0316787 44.4052 -0.00803829 -0.0366856 0.999295 1.2294
0.719218 -0.694729 -0.00884791 98.7743 0.694493 0.718487 0.038176 45.7765 -0.0201649 -0.0336017 0.999233 1.19334
0.721108 -0.692814 -0.00375413 100.212 0.692698 0.720861 0.0230106 47.1255 -0.0132359 -0.0191936 0.999729 1.1806
0.719354 -0.694473 -0.0154347 101.204 0.694627 0.718995 0.0232633 48.126 -0.00505834 -0.0274559 0.999611 1.13975
0.716683 -0.697231 -0.0153878 102.25 0.697315 0.716075 0.0314513 49.1435 -0.01091 -0.0332707 0.999388 1.13706
0.712452 -0.701679 -0.00782585 103.293 0.701524 0.711939 0.0317606 50.1679 -0.0167142 -0.0281178 0.999466 1.11173
0.708986 -0.705089 -0.0138238 104.364 0.705159 0.708516 0.0275289 51.2766 -0.009616 -0.0292655 0.999527 1.12273
0.703527 -0.710424 -0.0186759 105.487 0.710642 0.703023 0.0273661 52.3884 -0.00631191 -0.0325246 0.999452 1.0729
0.699091 -0.714893 -0.0141908 106.633 0.714968 0.698619 0.0274417 53.5644 -0.00970394 -0.0293302 0.999524 1.08731
0.697681 -0.716351 -0.00920266 107.794 0.716321 0.697334 0.0247002 54.7328 -0.0112767 -0.0238249 0.999654 1.07865
0.69727 -0.716746 -0.00956579 108.905 0.716696 0.696858 0.0271572 55.9133 -0.0127988 -0.0257916 0.999587 1.04154
0.698987 -0.714887 -0.0188144 110.035 0.715081 0.698367 0.0307266 57.152 -0.00882675 -0.0349313 0.999352 1.04084
0.702543 -0.711238 -0.0239807 111.247 0.71158 0.701633 0.0369551 58.3962 -0.00945829 -0.0430267 0.99903 1.03816
0.705532 -0.70834 -0.0219189 112.434 0.70864 0.704831 0.032314 59.631 -0.00744021 -0.0383311 0.999239 1.03423
0.706598 -0.707466 -0.0145748 113.691 0.707589 0.706236 0.0234818 60.8352 -0.00631937 -0.0269051 0.999619 1.04963
0.709135 -0.704928 -0.0143398 114.953 0.705022 0.70869 0.0265311 62.0693 -0.00854007 -0.028924 0.999547 1.05443
0.710113 -0.703912 -0.0158074 116.13 0.703886 0.709187 0.0400077 63.2943 -0.0169515 -0.0395365 0.999076 1.04401
0.711191 -0.702725 -0.0196729 117.335 0.702999 0.710973 0.0176734 64.4685 0.00156736 -0.0263991 0.999652 1.01848
0.710359 -0.70353 -0.0209239 118.539 0.703837 0.710152 0.017313 65.6826 0.00267897 -0.0270254 0.999633 1.05904
0.708364 -0.70584 0.00346598 119.77 0.705259 0.707964 0.0373976 66.9116 -0.0288505 -0.0240467 0.999296 1.03459
0.706446 -0.70769 -0.0105475 120.93 0.707608 0.705887 0.031881 68.0627 -0.0151165 -0.0299857 0.999438 1.04036
0.704466 -0.709445 -0.020461 122.082 0.709737 0.704086 0.0231978 69.2603 -0.00205127 -0.0308639 0.999523 1.02762
0.700344 -0.713539 -0.0195942 123.21 0.713794 0.699898 0.0253538 70.4643 -0.00437695 -0.0317426 0.999488 1.02263
0.693885 -0.719653 -0.0250329 124.354 0.720085 0.693364 0.0269444 71.6712 -0.00203377 -0.0367221 0.999325 1.0413
0.691073 -0.722307 -0.0263373 125.467 0.722778 0.69043 0.0300072 72.8528 -0.00349034 -0.0397731 0.999204 1.0789
0.689094 -0.724238 -0.025144 126.615 0.724649 0.68836 0.0323619 74.0362 -0.00612961 -0.0405209 0.999162 1.06392
0.684388 -0.728775 -0.0224314 127.714 0.72912 0.684014 0.0226087 75.2159 -0.00113322 -0.0318283 0.999494 1.11777
0.673914 -0.738563 -0.0191679 128.8 0.738799 0.673521 0.023417 76.4183 -0.00438496 -0.0299423 0.999544 1.10467
0.666442 -0.745527 -0.00694287 129.853 0.745246 0.665862 0.0352078 77.6019 -0.0216254 -0.028638 0.999358 1.1398
0.659756 -0.751374 -0.0127645 130.944 0.751247 0.659028 0.0362299 78.8428 -0.01881 -0.0334921 0.999264 1.11958
0.650097 -0.759612 -0.0191324 131.979 0.759845 0.649768 0.0209374 80.0607 -0.00347268 -0.0281489 0.9996 1.12604
0.639542 -0.768447 -0.0218596 133.019 0.768719 0.638966 0.0281918 81.294 -0.00769632 -0.0348337 0.999365 1.08206
0.625954 -0.779339 -0.0285631 134.009 0.779853 0.625346 0.0278149 82.5889 -0.0038154 -0.0396858 0.999207 1.09926
0.612564 -0.789807 -0.0312031 135.033 0.790422 0.612032 0.0255195 83.9071 -0.00105818 -0.0402959 0.999189 1.10316
0.600024 -0.799496 -0.0279324 136.053 0.799865 0.598969 0.0381345 85.2424 -0.0137578 -0.0452237 0.998884 1.10987
0.587874 -0.808479 -0.0277362 136.978 0.808739 0.58658 0.0432188 86.6185 -0.018672 -0.0478385 0.998682 1.11068
0.580229 -0.813778 -0.0332063 137.93 0.81435 0.579016 0.0397168 87.9822 -0.0130937 -0.0500864 0.998661 1.10086
0.574294 -0.817425 -0.0447962 138.855 0.818645 0.573221 0.0352181 89.3518 -0.00311003 -0.0568976 0.998377 1.07298
0.569589 -0.820944 -0.0402913 139.785 0.821781 0.567859 0.0470675 90.7393 -0.01576 -0.0599197 0.998081 1.09228
0.563011 -0.825751 -0.0340184 140.688 0.826182 0.561298 0.0486852 92.0682 -0.0211073 -0.0555156 0.998237 1.08639
0.552582 -0.832866 -0.0314941 141.621 0.833426 0.551816 0.0300564 93.4348 -0.00765399 -0.0428565 0.999054 1.05461
0.541027 -0.840318 -0.0340596 142.465 0.84087 0.539759 0.0400197 94.7822 -0.0152452 -0.0502913 0.99862 1.04235
0.529191 -0.848383 -0.0143945 143.389 0.848223 0.5285 0.0347531 96.2345 -0.0218764 -0.0306007 0.999294 1.02334
0.519185 -0.854664 -0.000205957 144.252 0.854473 0.519063 0.0212681 97.6471 -0.0180702 -0.011218 0.999776 1.04123
0.507341 -0.861748 -2.71298e-05 145.168 0.861746 0.507339 0.00204153 99.0535 -0.00174553 -0.00105911 1 1.07932
0.496624 -0.867948 -0.0058547 145.986 0.867785 0.496369 0.0238823 100.567 -0.0178225 -0.0169411 0.9997 1.05911
0.4894 -0.872047 0.00508066 146.77 0.871695 0.489353 0.0261658 102.024 -0.025304 -0.00837669 0.999647 1.03902
0.485024 -0.874433 -0.0110116 147.544 0.874465 0.484848 0.0153611 103.538 -0.00809331 -0.0170797 0.999824 1.00098
0.481794 -0.876231 -0.00985141 148.327 0.876266 0.481676 0.0121867 105.001 -0.0059332 -0.0145039 0.999879 1.02325
0.480488 -0.877002 -0.00176468 149.101 0.876805 0.480335 0.0222564 106.454 -0.0186712 -0.0122412 0.999753 1.012
0.477495 -0.878636 -0.00124211 149.906 0.878525 0.477411 0.0166097 107.98 -0.0140009 -0.00902225 0.999863 0.949649
0.474311 -0.880359 -0.000964954 150.751 0.880359 0.474311 -0.000998554 109.463 0.00133678 -0.000375851 1 0.974991
0.471737 -0.881741 0.000815848 151.522 0.881666 0.471708 0.0126716 110.96 -0.0115579 -0.0052583 0.999922 0.997921
0.469764 -0.88276 0.0078028 152.349 0.882698 0.469824 0.0106228 112.548 -0.0130433 0.00189734 0.999915 1.00094
0.469665 -0.882847 -0.000615222 153.063 0.882813 0.46964 0.00907296 113.992 -0.00772109 -0.00480434 0.999961 0.977637
0.468236 -0.883606 0.000445407 153.838 0.883532 0.468203 0.0127068 115.514 -0.0114363 -0.0055562 0.999921 1.03267
0.467514 -0.883988 -0.00023369 154.582 0.883875 0.46745 0.0160617 116.947 -0.0140891 -0.0077156 0.999873 1.02596
0.466408 -0.884553 -0.005794 155.351 0.884545 0.466331 0.0109261 118.435 -0.00696277 -0.010221 0.999926 0.990831
0.463552 -0.88599 -0.0120524 156.077 0.88594 0.463206 0.0235183 119.853 -0.0152542 -0.0215796 0.999653 0.960089
0.461281 -0.887246 0.00426916 156.858 0.886849 0.461209 0.0280632 121.279 -0.0268679 -0.0091589 0.999599 0.973775
0.461215 -0.887289 -0.00158881 157.537 0.887163 0.461117 0.0177621 122.606 -0.0150275 -0.00960163 0.999843 0.956714
0.464819 -0.885408 -0.000666344 158.479 0.885407 0.464817 0.00173703 124.474 -0.00122824 -0.00139736 1 0.98479
0.478804 -0.877923 0.0012238 159.433 0.877816 0.478766 0.0150215 126.296 -0.0137736 -0.00611804 0.999889 1.0031
0.496585 -0.867988 -0.00223169 160.355 0.86795 0.496535 0.0109019 127.999 -0.00835457 -0.00735066 0.99994 0.992633
0.515441 -0.85684 -0.012189 161.343 0.856923 0.515429 0.00430436 129.687 0.0025944 -0.0126636 0.999919 1.0467
0.529197 -0.84849 0.00447615 162.325 0.84846 0.529215 0.00703458 131.308 -0.0083376 7.51768e-05 0.999968 1.0731
0.532396 -0.846496 0.00175526 163.38 0.846406 0.532367 0.0136202 132.945 -0.0124639 -0.00576566 0.999908 1.05961
0.531048 -0.847341 -0.00218573 164.381 0.847262 0.530958 0.0153077 134.624 -0.0118103 -0.00998096 0.999883 1.06171
0.525694 -0.850588 -0.0122987 165.448 0.850645 0.525744 -0.0010891 136.285 0.00739232 -0.00988924 0.999926 1.03944
0.514307 -0.857609 -0.000212288 166.425 0.857344 0.514141 0.0249996 138.057 -0.0213307 -0.0130394 0.99969 1.05225
0.508924 -0.8608 0.00499067 167.208 0.860408 0.508852 0.0277817 139.315 -0.026454 -0.00984474 0.999604 0.995706
0.501071 -0.865401 0.00380385 168.222 0.865353 0.501083 0.0091432 141.093 -0.00981855 -0.00128969 0.999953 1.01755
0.499571 -0.866047 0.0198802 169.018 0.866088 0.499808 0.00932484 142.302 -0.018012 0.0125596 0.999761 0.997621
0.496371 -0.867682 0.0273684 170.054 0.867993 0.496579 0.000955407 144.153 -0.0144196 0.0232814 0.999627 0.98062
0.494798 -0.868286 0.0354675 171.13 0.868776 0.4952 0.00301556 145.966 -0.0201818 0.0293212 0.999369 0.946424
0.493552 -0.86883 0.0393047 172.143 0.869593 0.493745 -0.00529303 147.748 -0.0148077 0.0367915 0.999216 0.926844
0.494015 -0.869033 0.027127 173.107 0.869455 0.493815 -0.0140958 149.519 -0.001146 0.0305493 0.999535 0.941865
0.492878 -0.869356 0.036014 174.093 0.869887 0.493252 0.00176134 151.223 -0.0192951 0.0304599 0.999352 0.93222
0.486399 -0.872723 0.0421349 174.962 0.873396 0.486994 0.00455631 152.736 -0.0244958 0.0345842 0.999104 0.899627
0.459244 -0.887088 0.0466326 175.751 0.888158 0.45951 -0.00544586 154.218 -0.0165972 0.0439181 0.998899 0.860811
0.379182 -0.924027 0.0489911 176.49 0.925199 0.379469 -0.00364623 156.078 -0.0152213 0.046709 0.998795 0.856827
0.237651 -0.970502 0.0406464 176.901 0.97135 0.237543 -0.00752054 157.806 -0.00235657 0.0412691 0.999148 0.877225
-0.0204499 -0.999735 -0.0108279 176.852 0.999787 -0.0204112 -0.00374591 159.96 0.0035239 -0.0109022 0.999937 0.915616
-0.250795 -0.967238 -0.0394726 176.388 0.967688 -0.251598 0.0168003 161.623 -0.0261811 -0.0339837 0.999082 0.903865
-0.46355 -0.884744 -0.0485226 175.595 0.885002 -0.464987 0.023725 163.127 -0.0435528 -0.0319448 0.998543 0.887995
-0.655635 -0.754576 -0.0276179 174.567 0.754533 -0.656114 0.0140811 164.421 -0.0287457 -0.0116066 0.999522 0.858461
-0.757786 -0.651836 -0.0295832 173.497 0.651829 -0.758287 0.0111934 165.353 -0.0297287 -0.010801 0.999502 0.807763
-0.837358 -0.546011 -0.026642 171.876 0.546096 -0.837713 0.00457227 166.429 -0.0248148 -0.0107205 0.999637 0.744866
-0.866789 -0.497939 -0.0271792 170.53 0.498238 -0.867028 -0.00518248 167.164 -0.0209845 -0.0180338 0.99962 0.719731
-0.877325 -0.479166 -0.0265769 169.025 0.479577 -0.877422 -0.0118398 167.929 -0.0176458 -0.023133 0.999579 0.688111
-0.879196 -0.475766 -0.0258289 167.31 0.476101 -0.879352 -0.00853735 168.8 -0.0186509 -0.0198031 0.999633 0.687827
-0.877256 -0.479566 -0.0210928 165.487 0.479811 -0.877334 -0.0084503 169.768 -0.0144529 -0.0175336 0.999745 0.654218
-0.876927 -0.480242 -0.0193005 164.138 0.480467 -0.876966 -0.00933266 170.49 -0.0124439 -0.0174573 0.999773 0.631568
-0.875738 -0.482435 -0.0185754 162.761 0.482655 -0.875758 -0.00991075 171.257 -0.0114862 -0.0176447 0.999781 0.637529
-0.873633 -0.486336 -0.015793 161.292 0.486435 -0.873714 -0.00303753 172.02 -0.0123212 -0.0103359 0.999874 0.632121
-0.872306 -0.48868 -0.0167334 159.765 0.48875 -0.872427 -0.000208209 172.858 -0.0144968 -0.00836004 0.999863 0.596127
-0.872074 -0.489024 -0.0186457 158.184 0.488949 -0.872272 0.00864157 173.767 -0.0204899 -0.00158068 0.999792 0.614566
-0.872325 -0.488585 -0.018396 156.649 0.488548 -0.872514 0.00671756 174.614 -0.0193327 -0.0031274 0.999811 0.578543
-0.874075 -0.485613 -0.0133611 155.093 0.485558 -0.874177 0.00724067 175.483 -0.0151961 -0.000158731 0.999887 0.565343
-0.876768 -0.480584 -0.0179489 153.533 0.480389 -0.876944 0.014183 176.326 -0.0225562 0.00381274 0.999741 0.543114
-0.879726 -0.475162 -0.0176068 151.999 0.474797 -0.879841 0.0212963 177.152 -0.0256103 0.0103752 0.999621 0.545865
-0.882585 -0.46985 -0.0170642 150.466 0.469574 -0.882716 0.0178659 177.96 -0.0234571 0.00775524 0.999698 0.495172
-0.884397 -0.466519 -0.0144342 148.914 0.466235 -0.884455 0.0192197 178.749 -0.0217326 0.0102681 0.999714 0.486037
-0.885055 -0.465228 -0.0156756 147.345 0.465134 -0.885193 0.00934835 179.55 -0.018225 0.00098252 0.999836 0.476829
-0.885076 -0.46527 -0.01308 145.812 0.465213 -0.885172 0.00723315 180.322 -0.0149433 0.000316875 0.999891 0.454066
-0.883715 -0.46784 -0.0134004 144.302 0.467805 -0.883816 0.00577556 181.115 -0.0145455 -0.00116485 0.999896 0.450444
-0.88169 -0.471563 -0.0160325 142.775 0.471542 -0.881831 0.00525489 181.91 -0.0166159 -0.00292684 0.999861 0.445378
-0.880335 -0.474162 -0.0136832 141.378 0.474025 -0.880431 0.0121106 182.705 -0.0177894 0.00417523 0.999836 0.443545
-0.878269 -0.477999 -0.0129429 139.843 0.477901 -0.87836 0.00997927 183.52 -0.0161385 0.00257905 0.999869 0.432132
-0.877976 -0.47845 -0.0158226 138.379 0.478353 -0.878118 0.00965865 184.323 -0.0185152 0.00091128 0.999831 0.432021
-0.879112 -0.47624 -0.0190611 136.973 0.475981 -0.879301 0.0166666 185.062 -0.0246976 0.00557907 0.999682 0.414914
-0.880968 -0.472921 -0.015723 135.437 0.472717 -0.881089 0.0150437 185.886 -0.0209677 0.0058205 0.999766 0.382495
-0.885298 -0.464777 -0.0153644 134 0.464707 -0.885431 0.00805906 186.581 -0.0173497 -5.29316e-06 0.999852 0.36391
-0.889821 -0.456 -0.0169814 132.586 0.455981 -0.889978 0.00510875 187.302 -0.0174425 -0.0031973 0.999846 0.366847
-0.893562 -0.448341 -0.0233031 131.183 0.448452 -0.89381 0.0004576 188.011 -0.0210336 -0.0100414 0.999731 0.361826
-0.897004 -0.441166 -0.0275936 129.741 0.441449 -0.897276 -0.00491862 188.668 -0.0225891 -0.0165932 0.99961 0.330097
-0.898958 -0.437194 -0.0272292 128.35 0.437523 -0.89918 -0.00732183 189.304 -0.0212828 -0.0184954 0.999605 0.314667
-0.899237 -0.436411 -0.0304079 126.98 0.436934 -0.8994 -0.0131587 189.968 -0.0216062 -0.0251189 0.999454 0.315633
-0.898748 -0.437206 -0.0332887 125.026 0.437903 -0.898856 -0.0174386 190.879 -0.0222974 -0.03025 0.999297 0.271451
-0.895603 -0.44351 -0.0346383 123.265 0.444191 -0.89581 -0.0149806 191.73 -0.0243851 -0.0288026 0.999291 0.26226
-0.892026 -0.450796 -0.0328456 121.514 0.451467 -0.892134 -0.0167653 192.599 -0.0217448 -0.0297837 0.999323 0.261713
-0.887139 -0.460226 -0.0343871 119.977 0.460949 -0.887267 -0.0169898 193.408 -0.0226913 -0.030923 0.999267 0.233746
-0.880842 -0.472178 -0.0342253 118.55 0.472904 -0.880948 -0.0172272 194.15 -0.0220163 -0.0313596 0.999269 0.227751
-0.871885 -0.488371 -0.0362829 116.889 0.489071 -0.872145 -0.0133542 195.101 -0.025122 -0.0293882 0.999255 0.185884
-0.861273 -0.506765 -0.0374709 115.489 0.507409 -0.861654 -0.00966225 195.902 -0.0273904 -0.0273348 0.999254 0.177933
-0.847474 -0.529712 -0.0346498 114.156 0.530271 -0.847784 -0.00894932 196.72 -0.0246349 -0.025958 0.999363 0.191181
-0.836556 -0.547543 -0.0194338 112.933 0.547775 -0.836575 -0.00951514 197.514 -0.0110478 -0.0186052 0.999769 0.168835
-0.803571 -0.595182 -0.00618037 111.725 0.59517 -0.803344 -0.0204254 198.357 0.00719188 -0.0200916 0.999775 0.160442
-0.710752 -0.703367 -0.010594 110.593 0.703445 -0.710653 -0.0119194 199.388 0.000855086 -0.015924 0.999876 0.156809
-0.551761 -0.83385 -0.016121 109.656 0.833904 -0.551893 0.00492395 200.712 -0.0130029 -0.0107265 0.999861 0.174926
-0.305333 -0.952186 -0.010973 109.014 0.952138 -0.305454 0.0117073 202.304 -0.0144992 -0.00687315 0.999874 0.152732
0.00622086 -0.999952 -0.00800182 108.905 0.999975 0.00618653 0.00419339 204.349 -0.00414366 -0.00802765 0.999962 0.172885
0.230976 -0.97296 0.00201623 109.359 0.972959 0.230979 0.00229385 206.17 -0.00269752 0.00143191 0.999999 0.135258
0.357575 -0.933884 0.00255642 109.926 0.933885 0.357578 0.00153621 207.671 -0.00234876 0.00183812 0.999999 0.139813
0.435903 -0.899974 0.00640406 110.784 0.899991 0.435913 0.000476594 209.365 -0.00322053 0.00555586 0.999982 0.17118
0.475848 -0.879483 0.00920201 111.679 0.879511 0.47588 0.00175836 211.029 -0.00592549 0.00725658 0.999959 0.148247
0.493408 -0.869748 0.00969581 112.692 0.869796 0.493414 -0.00178013 212.867 -0.00323578 0.00931171 0.999954 0.140032
0.498202 -0.867028 0.00792537 113.421 0.86706 0.498208 -0.00120914 214.163 -0.00290012 0.00747418 0.999971 0.15686
0.500136 -0.865911 0.00823527 114.163 0.865917 0.500177 0.00401604 215.48 -0.00759661 0.00512251 0.999961 0.15163
0.499 -0.866463 0.0157119 114.914 0.866566 0.499067 0.000530339 216.841 -0.00830078 0.0133507 0.99988 0.119267
0.496102 -0.868127 0.0156301 115.728 0.868266 0.496052 -0.00716784 218.285 -0.00153076 0.0171271 0.999855 0.105866
0.494938 -0.868925 0.00348455 116.584 0.868924 0.494912 -0.00617032 219.818 0.00363698 0.00608175 0.999978 0.136585
0.495287 -0.86873 0.0024532 117.439 0.868684 0.495286 0.00926202 221.322 -0.0092612 -0.00245627 0.999958 0.159961
0.495021 -0.868658 0.0198541 118.345 0.868754 0.495213 0.00603604 222.906 -0.0150752 0.0142603 0.999788 0.0897121
0.493328 -0.869634 0.0192573 119.238 0.86984 0.493293 -0.00681083 224.498 -0.00357656 0.0201107 0.999795 0.0764613
0.491373 -0.870862 0.0125767 120.178 0.870945 0.491255 -0.0113379 226.147 0.00369534 0.0165248 0.99986 0.115117
0.490484 -0.871379 0.0114371 121.093 0.871448 0.490488 -0.00260145 227.854 -0.0033429 0.0112428 0.999935 0.122253
0.49093 -0.87102 0.0178365 122.095 0.871091 0.491091 0.00598411 229.605 -0.0139716 0.0125995 0.999826 0.109239
0.491334 -0.870762 0.0192588 123.066 0.870919 0.491432 0.000508079 231.374 -0.00990679 0.0165232 0.999818 0.105782
0.49059 -0.871187 0.0189951 124.068 0.871383 0.490578 -0.00554718 233.172 -0.00448591 0.0192733 0.999808 0.098109
0.488943 -0.872114 0.0189143 125.08 0.872295 0.488975 -0.00315775 234.973 -0.00649468 0.0180428 0.99982 0.1056
0.485405 -0.873959 0.02418 126.099 0.874238 0.485499 -0.00214991 236.855 -0.00986041 0.0221826 0.999709 0.0687657
0.483094 -0.875268 0.0230682 127.098 0.875572 0.482916 -0.0131075 238.685 0.000332623 0.02653 0.999652 0.093075
0.480268 -0.877004 0.0145781 128.106 0.877125 0.480184 -0.0090216 240.566 0.000911789 0.0171196 0.999857 0.138777
0.476806 -0.878978 0.00784121 129.123 0.878991 0.476837 0.00281785 242.452 -0.00621579 0.0055488 0.999969 0.174529
0.47485 -0.880037 0.00762964 130.113 0.880019 0.474898 0.00673069 244.334 -0.00954654 0.00351817 0.999952 0.193428
0.474784 -0.880018 0.0124625 131.092 0.880067 0.474848 0.00275374 246.155 -0.00834112 0.00966042 0.999922 0.176618
0.474591 -0.880147 0.0105557 132.067 0.880208 0.474582 -0.0034681 247.983 -0.00195711 0.0109372 0.999942 0.182497
0.474824 -0.880084 0.00118662 133.08 0.880084 0.474824 0.000662331 249.855 -0.00114634 0.00072986 1 0.217145
0.475676 -0.879625 -0.00052228 134.025 0.879606 0.475661 0.00682145 251.671 -0.00575188 -0.00370416 0.99998 0.215948
0.476509 -0.879158 -0.00522313 135.01 0.879128 0.476414 0.0130413 253.504 -0.00897693 -0.010806 0.999905 0.249387
0.477454 -0.878661 -1.53061e-05 135.962 0.87854 0.477387 0.0165983 255.304 -0.0145769 -0.00793831 0.999866 0.214846
0.478002 -0.878357 -0.00317478 136.905 0.87834 0.47796 0.00886217 257.062 -0.00626671 -0.00702462 0.999959 0.21913
0.47889 -0.877776 -0.0134428 137.895 0.877876 0.478794 0.00981565 258.931 -0.00217963 -0.0165016 0.999865 0.213475
0.479428 -0.877499 -0.0123172 138.824 0.877582 0.479342 0.00937656 260.669 -0.00232379 -0.0153046 0.999884 0.227289
0.479016 -0.877699 -0.0139629 139.829 0.877792 0.478844 0.0140046 262.527 -0.00560573 -0.0189649 0.999808 0.23992
0.479199 -0.877635 -0.0115165 140.837 0.877687 0.479048 0.013665 264.395 -0.00647594 -0.0166561 0.999844 0.230068
0.48109 -0.876504 -0.0173602 141.807 0.876653 0.480838 0.0167722 266.183 -0.00635343 -0.0232877 0.999712 0.240982
0.481901 -0.876074 -0.0165881 142.794 0.876205 0.481655 0.0167581 268.01 -0.00669161 -0.0226102 0.999726 0.232585
0.483014 -0.875482 -0.0153723 143.807 0.875593 0.482794 0.0159481 269.842 -0.00654065 -0.0211629 0.999759 0.231107
0.483069 -0.875372 -0.0194083 144.821 0.875586 0.482937 0.011278 271.724 -0.000499471 -0.0224416 0.999752 0.221411
0.483107 -0.875252 -0.0234249 145.904 0.875553 0.482787 0.0181521 273.703 -0.0045784 -0.0292791 0.999565 0.246557
0.484108 -0.874668 -0.0245787 146.914 0.874939 0.483512 0.0265351 275.525 -0.0113253 -0.0343506 0.99935 0.262229
0.484141 -0.874749 -0.0207517 147.936 0.874887 0.483572 0.0271689 277.403 -0.013731 -0.0313088 0.999419 0.273844
0.483779 -0.875037 -0.0166512 149.026 0.87515 0.483475 0.0192541 279.343 -0.00879762 -0.023887 0.99968 0.267977
0.48317 -0.87532 -0.0192656 150.059 0.875507 0.482873 0.0181482 281.218 -0.00658265 -0.0256357 0.999654 0.266574
0.483128 -0.875403 -0.016298 151.082 0.875464 0.482725 0.0233763 283.048 -0.0125962 -0.025562 0.999598 0.323249
0.482643 -0.875784 -0.00820125 152.136 0.875721 0.482423 0.019709 284.924 -0.0133043 -0.0166944 0.999776 0.299103
0.481759 -0.876269 -0.00832923 153.166 0.876287 0.481659 0.0115643 286.792 -0.00612161 -0.01287 0.999903 0.317268
0.480728 -0.876856 -0.0057616 154.112 0.876821 0.480615 0.0141825 288.525 -0.00966688 -0.0118698 0.999887 0.329947
0.479003 -0.877816 -0.00203891 155.11 0.877696 0.478895 0.0178228 290.345 -0.0146687 -0.0103267 0.999843 0.346544
0.476953 -0.878895 0.00826904 156.042 0.878772 0.477024 0.0146588 292.071 -0.0168281 0.000275022 0.999862 0.318162
0.475729 -0.879556 0.00847462 156.987 0.879476 0.475801 0.0120043 293.771 -0.0145906 0.00174242 0.999896 0.308274
0.473859 -0.880593 0.00468142 157.871 0.880508 0.473879 0.0123307 295.448 -0.0130767 -0.00172097 0.999917 0.297216
0.472908 -0.881102 0.00518789 158.742 0.880988 0.47293 0.0142896 297.095 -0.0150441 -0.0021872 0.999889 0.288161
0.472762 -0.881192 0.00262679 159.614 0.881101 0.472752 0.0132186 298.72 -0.0128899 -0.00393478 0.999913 0.297638
0.474549 -0.880234 -0.00023529 160.448 0.880167 0.474509 0.0124533 300.261 -0.0108501 -0.00611677 0.999927 0.314132
0.4773 -0.878744 0.00133618 161.283 0.878662 0.477275 0.0130414 301.814 -0.0120977 -0.0050506 0.999918 0.305783
0.480065 -0.877238 0.000582825 162.015 0.877123 0.480012 0.0158749 303.169 -0.0142058 -0.00710972 0.999878 0.309239
0.483366 -0.875424 0.000250319 162.779 0.875251 0.483276 0.0197038 304.509 -0.0173701 -0.00930502 0.99981 0.3195
0.487572 -0.873086 0.00194343 163.797 0.872908 0.487516 0.019177 306.332 -0.0176905 -0.00765368 0.999819 0.315922
0.49072 -0.871287 -0.00789981 164.725 0.871267 0.490565 0.0157499 308.005 -0.00984728 -0.0146116 0.999849 0.319954
0.48964 -0.871925 -0.00309367 165.55 0.871761 0.489471 0.0214289 309.434 -0.01717 -0.0131893 0.99977 0.315256
0.47478 -0.880091 -0.00587319 166.237 0.880053 0.474662 0.0145434 310.783 -0.0100117 -0.0120736 0.999881 0.31103
0.416204 -0.909188 -0.0127034 166.909 0.909241 0.416025 0.0145585 312.432 -0.00795147 -0.0176097 0.999818 0.290869
0.299971 -0.953902 -0.00992002 167.392 0.953807 0.299727 0.0205908 314.083 -0.0166682 -0.0156384 0.999743 0.303499
0.120916 -0.992535 -0.0162331 167.601 0.992209 0.120347 0.0323459 315.84 -0.0301507 -0.0200177 0.999349 0.260982
-0.159771 -0.986777 -0.0274665 167.369 0.985749 -0.160967 0.0489606 318 -0.0527341 -0.0192525 0.998427 0.167725
-0.404825 -0.91434 -0.0104815 166.676 0.912392 -0.404669 0.0615779 319.804 -0.0605444 0.0153649 0.998052 0.105428
-0.585291 -0.810817 -0.00431845 165.814 0.809393 -0.584563 0.0563673 321.015 -0.0482278 0.0294959 0.998405 0.0337352
-0.739858 -0.672768 0.00196488 164.655 0.671505 -0.738284 0.0634512 322.141 -0.0412371 0.0482641 0.997987 -0.0175057
-0.839221 -0.543029 -0.0289285 163.314 0.541321 -0.839286 0.0507801 323.002 -0.0518542 0.026956 0.998295 -0.0955184
-0.884811 -0.46362 -0.0466355 161.795 0.461831 -0.885861 0.0443893 323.72 -0.0618921 0.0177384 0.99793 -0.191705
-0.899274 -0.435477 -0.0409436 160.169 0.434426 -0.900136 0.0322351 324.435 -0.0508922 0.0112012 0.998646 -0.269457
-0.89982 -0.435343 -0.0284802 158.435 0.434693 -0.900198 0.0263459 325.245 -0.0371072 0.0113264 0.999252 -0.373841
-0.896604 -0.441508 -0.034393 156.561 0.440649 -0.897187 0.0298769 326.19 -0.0440476 0.0116324 0.998966 -0.422323
-0.892511 -0.449532 -0.0368182 154.519 0.449081 -0.893269 0.0201732 327.077 -0.0419568 0.00147051 0.999123 -0.531064
-0.88801 -0.457907 -0.04207 153.125 0.457697 -0.888986 0.0150663 327.774 -0.0442984 -0.00587626 0.999005 -0.591812
-0.883789 -0.465666 -0.04564 151.74 0.465307 -0.884954 0.0188393 328.529 -0.0491619 -0.0045866 0.998785 -0.668453
-0.880529 -0.472165 -0.0416988 150.273 0.471754 -0.881512 0.019819 329.329 -0.0461156 -0.00222035 0.998938 -0.724571
-0.877396 -0.477412 -0.0475863 148.78 0.477161 -0.878652 0.0172246 330.139 -0.0500347 -0.0075935 0.998723 -0.804458
-0.874459 -0.48215 -0.0535058 147.17 0.48156 -0.876082 0.02426 330.979 -0.0585721 -0.00455184 0.998277 -0.912298
-0.871885 -0.486839 -0.0530459 145.612 0.485891 -0.873496 0.0303682 331.834 -0.0611196 0.000703071 0.998135 -0.977856
-0.870388 -0.490239 -0.0458453 143.972 0.48944 -0.871591 0.0280465 332.749 -0.0537075 0.00197281 0.998559 -1.07456
-0.870843 -0.489327 -0.046921 142.391 0.488577 -0.872106 0.0270745 333.624 -0.0541681 0.000653083 0.998536 -1.1607
-0.871769 -0.487443 -0.0492802 140.723 0.486725 -0.873159 0.0264525 334.554 -0.0559233 -0.000925318 0.998439 -1.24549
-0.872785 -0.485317 -0.0522058 139.09 0.484704 -0.874336 0.024659 335.446 -0.0576125 -0.00378239 0.998336 -1.33502
-0.873711 -0.483689 -0.0518215 137.53 0.482976 -0.875243 0.0263055 336.291 -0.0580798 -0.0020451 0.998314 -1.39239
-0.875148 -0.481207 -0.0506549 135.874 0.480736 -0.876597 0.0218969 337.196 -0.0549406 -0.00518854 0.998481 -1.46505
-0.877883 -0.475715 -0.055017 134.288 0.475526 -0.879537 0.0173097 338.053 -0.0566237 -0.010966 0.99834 -1.56157
-0.88196 -0.467651 -0.0588242 132.61 0.467151 -0.883888 0.0228287 338.912 -0.0626696 -0.0073457 0.998012 -1.62045
-0.884923 -0.462654 -0.0536124 131.004 0.461939 -0.886542 0.0257649 339.665 -0.0594496 -0.0019657 0.998234 -1.69751
-0.887037 -0.458789 -0.0518455 129.378 0.458465 -0.888521 0.0186592 340.519 -0.0546262 -0.00721791 0.998485 -1.76855
-0.887838 -0.456668 -0.056648 127.761 0.45654 -0.889566 0.0159288 341.332 -0.0576659 -0.0117198 0.998272 -1.86981
-0.887158 -0.458308 -0.0539973 126.158 0.457978 -0.888765 0.019065 342.141 -0.0567283 -0.00781587 0.998364 -1.96162
-0.884289 -0.463557 -0.056202 124.566 0.463686 -0.885931 0.0115105 342.949 -0.0551266 -0.0158814 0.998358 -2.04164
-0.880186 -0.470984 -0.0587979 122.947 0.471088 -0.881997 0.0129416 343.769 -0.0579545 -0.0163079 0.998191 -2.11942
-0.87555 -0.479213 -0.061454 121.394 0.479409 -0.877508 0.0124682 344.594 -0.059901 -0.018545 0.998037 -2.21259
-0.870617 -0.48842 -0.0590125 119.826 0.488452 -0.872469 0.0148642 345.468 -0.0587463 -0.0158837 0.998151 -2.31211
-0.865687 -0.497362 -0.0568147 118.366 0.49748 -0.867382 0.0130297 346.307 -0.0557603 -0.0169844 0.998304 -2.39601
-0.861045 -0.505309 -0.0572202 116.837 0.505496 -0.862748 0.0122232 347.155 -0.0555428 -0.0183997 0.998291 -2.47432
-0.856119 -0.513309 -0.0598698 115.309 0.513538 -0.857979 0.0126731 348.031 -0.057872 -0.0198955 0.99813 -2.5556
-0.851594 -0.520587 -0.0615416 113.86 0.520564 -0.853645 0.017666 348.925 -0.0617311 -0.0169919 0.997953 -2.65532
-0.849023 -0.525166 -0.0580567 112.388 0.524814 -0.850928 0.0223622 349.811 -0.0611456 -0.0114828 0.998067 -2.76314
-0.848101 -0.527148 -0.0533838 111.022 0.526728 -0.849733 0.0227998 350.644 -0.0573806 -0.00878212 0.998318 -2.82281
-0.847894 -0.52769 -0.0512724 109.764 0.527213 -0.849413 0.0235251 351.452 -0.0559652 -0.00708457 0.998412 -2.87175
-0.849793 -0.524813 -0.0493274 108.539 0.524177 -0.851215 0.0260848 352.207 -0.0556776 -0.00368954 0.998446 -2.93931
-0.856036 -0.514503 -0.0499803 106.833 0.513425 -0.857489 0.0334184 353.23 -0.0600512 0.00294628 0.998195 -3.03797
-0.865431 -0.499239 -0.0424273 105.274 0.49795 -0.866394 0.0376112 354.178 -0.0555354 0.0114232 0.998396 -3.10363
-0.876386 -0.479602 -0.0440298 103.649 0.478325 -0.877421 0.0366803 355.052 -0.0562243 0.0110855 0.998361 -3.17648
-0.886142 -0.461982 -0.0365434 102.095 0.460992 -0.886814 0.0324998 355.867 -0.0474212 0.0119532 0.998808 -3.26103
-0.894672 -0.445446 -0.0339122 100.523 0.444767 -0.895278 0.0258657 356.588 -0.0418824 0.00805833 0.999095 -3.32935
-0.90094 -0.432741 -0.032456 98.8681 0.432052 -0.901472 0.0262048 357.363 -0.0405978 0.00958629 0.999134 -3.36554
-0.905187 -0.423717 -0.0333184 97.1655 0.423317 -0.905795 0.0186032 358.152 -0.0380619 0.0027352 0.999276 -3.4596
-0.906209 -0.421569 -0.0327805 95.4323 0.421142 -0.906794 0.0193213 358.97 -0.0378702 0.00370392 0.99928 -3.51648
-0.904805 -0.422872 -0.0501631 93.5406 0.422377 -0.906191 0.0205934 359.832 -0.0541654 -0.0025547 0.998533 -3.60864
-0.901133 -0.429301 -0.0605829 91.5587 0.428956 -0.903125 0.0192466 360.721 -0.0629762 -0.0086436 0.997982 -3.70663
-0.89845 -0.436503 -0.0475638 90.2187 0.436648 -0.899603 0.00783889 361.324 -0.04621 -0.0137257 0.998842 -3.79926
-0.893519 -0.444171 -0.0659283 88.7752 0.444002 -0.89585 0.0179919 362.045 -0.067053 -0.0131961 0.997667 -3.87852
-0.890287 -0.450863 -0.0641998 87.3105 0.450391 -0.892554 0.0224579 362.778 -0.0674268 -0.00892097 0.997689 -3.99853
-0.887982 -0.457796 -0.0438196 85.8254 0.457909 -0.888968 0.00801584 363.517 -0.0426236 -0.0129473 0.999012 -4.07048
-0.882956 -0.465534 -0.0606332 84.2346 0.466536 -0.884503 -0.00271568 364.32 -0.0523657 -0.0306852 0.998161 -4.17942
-0.876618 -0.477777 -0.0572647 82.633 0.4788 -0.877916 -0.00483395 365.152 -0.0479638 -0.0316557 0.998352 -4.27959
-0.869955 -0.491956 -0.0341668 80.984 0.4923 -0.870428 -0.00197647 366.037 -0.0287673 -0.0185396 0.999419 -4.30528
-0.863062 -0.502905 -0.0471246 79.3034 0.503414 -0.86405 0.00120449 367.014 -0.0413235 -0.0226835 0.998893 -4.36863
-0.855927 -0.514558 -0.0512683 77.6488 0.514411 -0.85738 0.0170334 368.039 -0.0527208 -0.0117935 0.998544 -4.46314
-0.853292 -0.519702 -0.0425663 75.9491 0.519387 -0.854333 0.0190229 369.072 -0.0462518 -0.00587618 0.998917 -4.51861
-0.853141 -0.520008 -0.0418726 74.2278 0.519525 -0.854163 0.0225347 370.116 -0.047484 -0.00252851 0.998873 -4.60393
-0.853478 -0.519002 -0.047148 72.462 0.518506 -0.854766 0.0231606 371.172 -0.0523206 -0.00467937 0.998624 -4.67731
-0.857078 -0.513011 -0.0474053 70.7482 0.512331 -0.858386 0.0264486 372.189 -0.0542602 -0.00161866 0.99853 -4.78785
-0.861587 -0.506445 -0.0345289 69.0481 0.505903 -0.862273 0.0235792 373.16 -0.0417147 0.00284729 0.99913 -4.86302
-0.864352 -0.501551 -0.0367694 67.3278 0.50093 -0.865127 0.025155 374.176 -0.0444265 0.00332388 0.999012 -4.92256
-0.867105 -0.496389 -0.0416777 65.5734 0.4955 -0.868088 0.0301981 375.191 -0.0511697 0.00553358 0.998679 -5.00949
-0.86911 -0.493044 -0.0395667 63.8702 0.492453 -0.870008 0.0241698 376.113 -0.0463399 0.0015215 0.998929 -5.08576
-0.871819 -0.488374 -0.0378484 62.1344 0.487981 -0.872639 0.0196264 377.058 -0.0426128 -0.0013586 0.999095 -5.13602
-0.873759 -0.484597 -0.0414965 60.3976 0.483952 -0.874741 0.0250483 378.034 -0.0484368 0.00180387 0.998829 -5.20742
-0.876384 -0.479184 -0.0484141 58.6891 0.478117 -0.877704 0.0323881 378.991 -0.0580128 0.00523683 0.998307 -5.27938
-0.879829 -0.473426 -0.0421779 57.0168 0.472451 -0.880806 0.0312867 379.88 -0.0519622 0.00759994 0.998625 -5.35213
-0.882465 -0.468587 -0.0411362 55.291 0.468063 -0.883423 0.0221396 380.765 -0.0467147 0.000283125 0.998913 -5.45477
