0.477284 -0.878556 0.0184031 0.681433 0.878745 0.477243 -0.00686302 0.552625 -0.00275319 0.0194472 0.999807 0.791128
0.474329 -0.880248 0.0132121 1.48817 0.880347 0.474292 -0.00604466 2.13027 -0.00094558 0.0144984 0.999894 0.799857
0.471519 -0.881732 0.0147828 2.31601 0.881847 0.471523 -0.00340713 3.73613 -0.00396623 0.0146427 0.999885 0.809163
0.468958 -0.883093 0.0150211 3.15176 0.883212 0.468959 -0.0036732 5.36072 -0.0038005 0.0149894 0.99988 0.813684
0.467262 -0.883958 0.016851 3.99817 0.88411 0.467258 -0.00440531 7.00087 -0.00397967 0.0169566 0.999848 0.818252
0.467689 -0.8837 0.0184801 4.85329 0.883817 0.467821 0.00335548 8.66762 -0.0116106 0.0147637 0.999824 0.828415
0.470097 -0.882356 0.021373 5.72365 0.882479 0.470312 0.00615442 10.3446 -0.0154824 0.015968 0.999753 0.8254
0.472197 -0.881337 0.0166164 6.60077 0.881456 0.472266 0.000316469 12.0321 -0.0081263 0.0144972 0.999862 0.817176
0.474016 -0.880337 0.0177972 7.49687 0.8805 0.474035 -0.00340212 13.7395 -0.00544148 0.0172831 0.999836 0.816141
0.472828 -0.880752 0.026643 8.40868 0.881039 0.47304 0.00194494 15.4713 -0.0143162 0.0225539 0.999643 0.815519
0.470705 -0.881635 0.0340171 9.3295 0.882231 0.470771 -0.00652687 17.2013 -0.01026 0.0330832 0.9994 0.802836
0.467851 -0.883298 0.0300035 10.2455 0.883797 0.467738 -0.0111058 18.9736 -0.004224 0.0317128 0.999488 0.809203
0.465798 -0.884386 0.0298722 11.2023 0.884841 0.465865 -0.00510241 20.848 -0.0094039 0.0288088 0.999541 0.868151
0.463646 -0.885495 0.0305236 12.1475 0.885931 0.463814 -0.00173826 22.7016 -0.0126181 0.0278478 0.999533 0.906569
0.462932 -0.885929 0.0286987 13.075 0.886209 0.463255 0.00543462 24.5447 -0.0181095 0.0229172 0.999573 0.924901
0.46288 -0.885992 0.0275842 13.9915 0.886261 0.463164 0.00460866 26.3643 -0.0168592 0.0223135 0.999609 0.92664
0.462366 -0.886363 0.0240424 14.895 0.886582 0.462561 0.00300532 28.1603 -0.0137849 0.019926 0.999706 0.93619
0.460352 -0.88733 0.0268639 15.7991 0.887589 0.460616 0.00431695 29.9437 -0.0162045 0.0218567 0.99963 0.947217
0.459651 -0.887864 0.0204658 16.6754 0.888053 0.45974 -0.000399461 31.7073 -0.00905427 0.0183583 0.99979 0.954799
0.458886 -0.888239 0.0213241 17.5603 0.888427 0.459015 0.00132014 33.4645 -0.0109607 0.0183392 0.999772 0.966023
0.458249 -0.888417 0.0268981 18.4404 0.888697 0.458485 0.00300996 35.206 -0.0150065 0.022525 0.999634 0.972539
0.457725 -0.888543 0.0313008 19.3176 0.889006 0.45789 -0.00209638 36.9256 -0.0124696 0.0287862 0.999508 0.970596
0.455556 -0.889412 0.0376093 20.1889 0.890038 0.455886 0.000222033 38.6422 -0.017343 0.0333726 0.999292 0.966271
0.454281 -0.889879 0.0417669 21.0411 0.890507 0.45492 0.00677397 40.3605 -0.0250286 0.0341164 0.999104 0.949994
0.45201 -0.891361 0.0341054 21.8769 0.891895 0.452241 -0.00105802 42.0336 -0.0144808 0.0308967 0.999418 0.936933
0.450045 -0.892618 0.0263001 22.6904 0.892959 0.450128 -0.00301713 43.6745 -0.00914528 0.0248428 0.99965 0.937758
0.447878 -0.893798 0.0230344 23.4796 0.893989 0.448072 0.00382902 45.2797 -0.0137435 0.0188776 0.999727 0.953644
0.445318 -0.895111 0.0216298 24.2417 0.89527 0.445503 0.00440796 46.8329 -0.0135817 0.0174016 0.999756 0.95888
0.442482 -0.896522 0.0213889 24.9778 0.89665 0.442695 0.00631708 48.3407 -0.0151322 0.0163832 0.999751 0.967208
0.439833 -0.897828 0.0212625 25.6883 0.897899 0.440096 0.009632 49.8047 -0.0180054 0.0148552 0.999728 0.970087
0.436914 -0.899266 0.020642 26.3741 0.89917 0.437262 0.0171682 51.2261 -0.0244647 0.0110597 0.99964 0.97354
0.43336 -0.901165 0.0100176 27.3205 0.901184 0.433416 0.00419068 53.2187 -0.0081183 0.00721165 0.999941 0.982967
0.431014 -0.902307 0.00832683 28.1876 0.902265 0.43108 0.0093422 55.0645 -0.0120191 0.0034864 0.999922 1.0177
0.430764 -0.902334 0.0153412 28.9964 0.902464 0.430681 -0.00849074 56.7245 0.00105433 0.0175024 0.999846 1.05119
0.440705 -0.897562 0.0127338 29.7352 0.89764 0.440727 -0.00119749 58.2723 -0.0045373 0.0119581 0.999918 1.08842
0.461278 -0.88698 0.0221267 30.4729 0.88716 0.461451 0.00315721 59.6811 -0.0130108 0.0181736 0.99975 1.12076
0.508188 -0.861129 0.0141989 31.1777 0.861115 0.508329 0.00909049 60.9658 -0.0150458 0.0076072 0.999858 1.13518
0.609773 -0.792268 0.0221172 32.2384 0.792239 0.61009 0.0121427 62.4275 -0.0231138 0.0101178 0.999682 1.14462
0.747152 -0.664378 0.0191339 33.4569 0.664251 0.747392 0.0132648 63.6 -0.0231134 0.00279893 0.999729 1.14312
0.886216 -0.462951 0.017243 34.8315 0.462865 0.886384 0.00890949 64.3609 -0.0194086 8.54526e-05 0.999812 1.11945
0.985751 -0.166518 0.0237963 36.687 0.166369 0.98603 0.00810082 64.7382 -0.0248128 -0.00402643 0.999684 1.09223
0.989938 0.139744 0.0222328 38.9333 -0.139551 0.990164 -0.0100372 64.4777 -0.0234167 0.00683357 0.999702 1.0471
0.955514 0.294455 0.0169702 40.8137 -0.294583 0.95561 0.00549768 63.9366 -0.0145981 -0.0102522 0.999841 1.03303
0.928186 0.372088 -0.00458592 42.3897 -0.372094 0.928195 -0.000557146 63.2654 0.00404932 0.00222353 0.999989 0.985585
0.90594 0.423367 0.00577645 44.127 -0.423326 0.905949 -0.00711225 62.4214 -0.00824427 0.00399795 0.999958 0.996798
0.894941 0.446182 0.00121058 45.529 -0.446134 0.894878 -0.0125573 61.6684 -0.00668617 0.010698 0.99992 0.989972
0.887265 0.461253 -0.00249977 47.0653 -0.461235 0.88715 -0.0150448 60.8283 -0.00472177 0.0145017 0.999884 0.971901
0.882472 0.470351 -0.0035266 48.7281 -0.470327 0.882283 -0.0192181 59.879 -0.00592781 0.0186181 0.999809 0.95478
0.882598 0.470059 -0.00803764 50.5154 -0.470084 0.882156 -0.0286666 58.8401 -0.00638456 0.0290795 0.999557 0.933052
0.885769 0.464022 -0.00985964 51.79 -0.464089 0.885224 -0.0316099 58.1201 -0.00593969 0.0325748 0.999452 0.920137
0.889304 0.457249 -0.0078632 53.1351 -0.457232 0.888677 -0.0345282 57.3896 -0.00880015 0.0343014 0.999373 0.915742
0.892964 0.450118 -0.00308567 54.5401 -0.449967 0.89244 -0.0328716 56.6549 -0.0120423 0.0307416 0.999455 0.905893
0.896258 0.443509 -0.00452746 55.9749 -0.44346 0.895881 -0.0272158 55.9229 -0.00801441 0.0264002 0.999619 0.90124
0.896741 0.44247 -0.00868852 57.4293 -0.442555 0.896597 -0.016114 55.1922 0.000660127 0.0182952 0.999832 0.899904
0.896735 0.44255 -0.00391315 58.8951 -0.442563 0.896651 -0.0124756 54.4512 -0.00201234 0.0129191 0.999915 0.918453
0.896743 0.442549 -0.00169503 60.3546 -0.442536 0.896669 -0.012117 53.7032 -0.0038425 0.011616 0.999925 0.936559
0.896632 0.442777 -0.000283848 61.809 -0.442764 0.896602 -0.00809987 52.9587 -0.00333193 0.00738828 0.999967 0.958061
0.894887 0.446291 0.0015705 63.2596 -0.446287 0.894887 -0.00238076 52.2195 -0.00246793 0.00142961 0.999996 0.975218
0.890962 0.454016 0.00744037 64.7055 -0.454031 0.890986 0.000273789 51.4702 -0.00650496 -0.00362209 0.999972 0.995042
0.884616 0.466183 0.0113023 66.1344 -0.466229 0.884662 0.00172546 50.6997 -0.00919434 -0.00679583 0.999935 1.01134
0.875687 0.482772 0.0101297 67.5321 -0.482821 0.875714 0.0029231 49.9069 -0.00745955 -0.00745057 0.999944 1.0212
0.8653 0.501103 0.0123362 68.9017 -0.501161 0.865352 0.00196827 49.0929 -0.00968888 -0.00788559 0.999922 1.03368
0.853883 0.520312 0.0126059 70.2415 -0.52036 0.853947 0.000536795 48.2519 -0.0104855 -0.00701795 0.99992 1.0388
0.842287 0.538906 0.0115776 71.5451 -0.538959 0.84233 0.00186268 47.3964 -0.00874834 -0.00780875 0.999931 1.04516
0.831328 0.555699 0.00961705 72.8082 -0.555737 0.831356 0.00175505 46.5269 -0.00701991 -0.00680358 0.999952 1.05122
0.820487 0.571596 0.00884968 74.0297 -0.571627 0.820512 0.00125124 45.6484 -0.00654607 -0.00608535 0.99996 1.0604
0.811016 0.584957 0.00883114 75.2104 -0.584966 0.811056 -0.00187593 44.7631 -0.00825989 -0.0036445 0.999959 1.07106
0.805348 0.59274 0.00859273 76.3534 -0.592679 0.805392 -0.00871525 43.881 -0.0120864 0.00192609 0.999925 1.08165
0.801807 0.597518 0.00882531 77.9971 -0.59741 0.801843 -0.0122068 42.6081 -0.0143703 0.0045152 0.999887 1.08618
0.806624 0.591044 0.00494145 79.5275 -0.590957 0.806609 -0.0123398 41.4305 -0.0112792 0.00703338 0.999912 1.08989
0.824868 0.565305 0.00485421 80.9552 -0.565239 0.824862 -0.0103981 40.4044 -0.00988212 0.00583324 0.999934 1.10123
0.857705 0.514142 0.000253803 82.3213 -0.514137 0.857699 -0.00384318 39.5558 -0.00219362 0.00316582 0.999993 1.12195
0.903569 0.42844 0.00130972 83.7202 -0.428437 0.903569 -0.00195541 38.845 -0.0020212 0.00120572 0.999997 1.14332
0.967247 0.253282 0.0167878 85.6656 -0.253335 0.967378 0.00112241 38.2223 -0.0159559 -0.0053386 0.999858 1.17761
0.998233 -0.059423 -0.00021208 88.048 0.0594216 0.998224 -0.00423819 38.1121 0.00046355 0.0042181 0.999991 1.19536
0.945643 -0.325204 -0.00100281 89.8369 0.325193 0.94563 -0.00584929 38.617 0.00285049 0.00520523 0.999982 1.22127
0.835033 -0.549892 0.0183836 91.4389 0.549886 0.835219 0.00581752 39.5965 -0.0185533 0.00525106 0.999814 1.25522
0.733915 -0.679172 0.00974195 92.8541 0.678953 0.733946 0.0185945 40.9114 -0.0197789 -0.00703245 0.99978 1.23586
0.69637 -0.717566 0.012937 93.8985 0.717434 0.69649 0.013806 41.9783 -0.0189172 -0.000332619 0.999821 1.22068
0.682447 -0.730926 -0.00361035 94.9592 0.730801 0.68222 0.0224837 43.1492 -0.0139709 -0.0179824 0.999741 1.19744
0.686464 -0.727103 -0.00938817 96.1076 0.72716 0.686364 0.01191 44.3563 -0.00221612 -0.0150025 0.999885 1.19382
0.696815 -0.717082 -0.0155479 97.3361 0.717249 0.696608 0.0170418 45.647 -0.00138954 -0.0230267 0.999734 1.1975
0.705561 -0.708649 -0.00018847 98.6868 0.708453 0.705359 0.0237199 46.9886 -0.0166762 -0.0168694 0.999719 1.20653
0.708178 -0.706029 0.00256894 100.104 0.705971 0.708158 0.0108213 48.3732 -0.00945941 -0.00584984 0.999938 1.19412
0.706125 -0.708045 -0.00777853 101.071 0.708081 0.706123 0.00351422 49.3442 0.00300437 -0.00798931 0.999964 1.18803
0.703044 -0.711144 0.00189985 102.091 0.711102 0.703028 0.00924437 50.3651 -0.00790972 -0.00514821 0.999955 1.19316
0.699795 -0.714337 0.003183 103.127 0.714196 0.699733 0.0172501 51.4257 -0.0145496 -0.00979824 0.999846 1.19884
0.69584 -0.718159 -0.00742252 104.174 0.718183 0.695724 0.0134722 52.5145 -0.00451117 -0.0147052 0.999882 1.19051
0.690097 -0.723688 -0.00650103 105.259 0.723713 0.690033 0.0097239 53.6387 -0.00255114 -0.0114153 0.999932 1.19088
0.68604 -0.727564 5.62409e-05 106.373 0.727532 0.68601 0.00937414 54.8002 -0.00685887 -0.00639012 0.999956 1.20089
0.684369 -0.729088 0.00837699 107.519 0.729055 0.684419 0.00698828 56.0045 -0.0108284 0.00132472 0.999941 1.19974
0.684245 -0.729239 0.00433499 108.664 0.729177 0.684248 0.0102493 57.2329 -0.0104404 -0.00385205 0.999938 1.20086
0.685245 -0.728265 -0.00833413 109.812 0.72829 0.685088 0.0157777 58.4775 -0.00578074 -0.0168812 0.999841 1.19919
0.689482 -0.724164 -0.0141945 110.98 0.724245 0.689047 0.0261361 59.7388 -0.00914616 -0.0283006 0.999558 1.20741
0.6928 -0.720943 -0.0164204 112.171 0.72111 0.692431 0.0232377 60.9871 -0.00538311 -0.02794 0.999595 1.20859
0.69384 -0.720106 -0.00582413 113.395 0.720103 0.693724 0.014104 62.2443 -0.00611601 -0.0139799 0.999884 1.19537
0.695651 -0.718355 -0.00595578 114.602 0.718336 0.695494 0.016784 63.5061 -0.00791468 -0.0159541 0.999841 1.19194
0.696999 -0.717062 -0.00367498 115.808 0.716817 0.696605 0.0302499 64.771 -0.019131 -0.0237184 0.999536 1.18958
0.698273 -0.715745 -0.0111355 117.001 0.715832 0.69819 0.0107618 65.9596 7.19633e-05 -0.0154858 0.99988 1.20393
0.697376 -0.716638 -0.00981773 118.206 0.716685 0.697395 0.00194336 67.1499 0.00545415 -0.00839147 0.99995 1.2258
0.695195 -0.718605 0.0175905 119.425 0.718019 0.695368 0.0302113 68.3812 -0.0339419 -0.00837239 0.999389 1.25323
0.694201 -0.719781 -0.00065872 120.587 0.719654 0.694059 0.0194993 69.5584 -0.013578 -0.0140105 0.99981 1.22685
0.692099 -0.721789 -0.00440367 121.759 0.721798 0.692057 0.00805139 70.726 -0.00276381 -0.00875092 0.999958 1.21059
0.687583 -0.726101 -0.00281763 122.906 0.726092 0.687539 0.0089511 71.9194 -0.00456217 -0.00820047 0.999956 1.20016
0.681703 -0.731593 -0.00725304 124.028 0.731622 0.681619 0.011148 73.111 -0.00321196 -0.0129061 0.999912 1.1812
0.67867 -0.734322 -0.013339 125.14 0.734434 0.678455 0.0174679 74.3122 -0.00377715 -0.0216516 0.999758 1.17324
0.676648 -0.736261 -0.00823342 126.259 0.736251 0.676417 0.0198697 75.5033 -0.00906002 -0.0195066 0.999769 1.17141
0.671479 -0.740991 -0.00698662 127.36 0.741019 0.671412 0.00985901 76.6841 -0.00261454 -0.0117973 0.999927 1.16318
0.661583 -0.749868 -0.00250283 128.444 0.749856 0.661544 0.00866516 77.8957 -0.00484199 -0.00760949 0.999959 1.16535
0.653505 -0.756834 0.0115769 129.514 0.756588 0.653595 0.0197003 79.1356 -0.0224765 -0.00411524 0.999739 1.16472
0.647029 -0.762458 0.00331521 130.54 0.762155 0.646884 0.0257152 80.381 -0.0217514 -0.0141118 0.999664 1.14741
0.636788 -0.771031 -0.00365604 131.566 0.771024 0.636737 0.00939882 81.612 -0.00491884 -0.00880395 0.999949 1.12274
0.625585 -0.780135 -0.0056397 132.587 0.780105 0.625445 0.0159821 82.8925 -0.00894086 -0.0143977 0.999856 1.12329
0.611647 -0.790969 -0.0159761 133.582 0.791127 0.611457 0.0154804 84.1841 -0.00247586 -0.0221077 0.999753 1.11848
0.598301 -0.801115 -0.0158089 134.572 0.801271 0.598161 0.0130043 85.4891 -0.000961744 -0.0204477 0.99979 1.10755
0.585459 -0.810574 -0.0143841 135.531 0.810587 0.584986 0.0271954 86.8432 -0.0136294 -0.0275813 0.999527 1.10241
0.574041 -0.818751 -0.0111549 136.476 0.818603 0.573512 0.0311866 88.1957 -0.0191366 -0.0270338 0.999451 1.09318
0.566749 -0.823695 -0.0179687 137.398 0.823804 0.566239 0.0268245 89.5539 -0.0119206 -0.0300054 0.999479 1.0845
0.561522 -0.826938 -0.0294335 138.294 0.827457 0.561046 0.0232704 90.9242 -0.0027296 -0.0374218 0.999296 1.06935
0.55712 -0.830057 -0.0249427 139.21 0.830239 0.556092 0.0382733 92.3274 -0.0178986 -0.0420312 0.998956 1.05247
0.550436 -0.834614 -0.0209936 140.116 0.834526 0.549301 0.0428198 93.719 -0.0242061 -0.0410892 0.998862 1.0315
0.540354 -0.841288 -0.0158664 141.015 0.841394 0.54004 0.020314 95.0822 -0.00852149 -0.0243266 0.999668 0.995592
0.528255 -0.848963 -0.0144644 141.885 0.848954 0.527795 0.0266323 96.4975 -0.0149756 -0.0263483 0.999541 0.971455
0.51696 -0.856009 -0.000296134 142.766 0.855725 0.516779 0.0259549 97.9249 -0.0220646 -0.013671 0.999663 0.944139
0.506534 -0.862209 0.00424136 143.625 0.862041 0.506523 0.0178718 99.3672 -0.0175576 -0.00539645 0.999831 0.919363
0.494549 -0.869065 0.0121541 144.472 0.86915 0.494495 -0.00733257 100.796 0.000362338 0.01419 0.999899 0.893665
0.484199 -0.874875 0.0120987 145.289 0.874721 0.484343 0.016573 102.301 -0.0203592 0.00255833 0.999789 0.88219
0.476318 -0.879212 0.0103522 146.085 0.878839 0.47642 0.0258161 103.804 -0.0276298 -0.00319875 0.999613 0.863187
0.472514 -0.881267 -0.00997238 146.853 0.881294 0.472376 0.013436 105.294 -0.00712994 -0.0151373 0.99986 0.834072
0.468357 -0.883526 -0.00480714 147.654 0.883512 0.468292 0.0104458 106.799 -0.00697799 -0.00913952 0.999934 0.82426
0.468145 -0.883651 0.00103067 148.453 0.883369 0.468025 0.0247344 108.331 -0.022339 -0.0106689 0.999694 0.820294
0.464982 -0.885319 -0.00158716 149.245 0.885216 0.464899 0.0161551 109.842 -0.0135645 -0.00891679 0.999868 0.814038
0.461251 -0.887222 0.00919413 150.054 0.887263 0.461183 -0.00858834 111.33 0.00337958 0.012119 0.999921 0.809577
0.45892 -0.88842 0.0100996 150.839 0.888417 0.458992 0.0064946 112.866 -0.0104056 0.00599215 0.999928 0.824654
0.45652 -0.889649 0.0107018 151.611 0.889627 0.45661 0.00839398 114.372 -0.0123542 0.00568855 0.999907 0.828507
0.456337 -0.889807 0.000539306 152.37 0.889797 0.456334 0.00443392 115.868 -0.00419143 -0.00154349 0.99999 0.824351
0.455137 -0.890419 -0.00193889 153.127 0.890348 0.455071 0.013846 117.371 -0.0114464 -0.00802812 0.999902 0.831632
0.454343 -0.890801 -0.00681376 153.873 0.890712 0.454148 0.0195141 118.865 -0.0142887 -0.0149352 0.999786 0.827695
0.452993 -0.891446 -0.0109976 154.606 0.891492 0.45286 0.012609 120.334 -0.00625987 -0.015516 0.99986 0.821334
0.454407 -0.890701 -0.0128984 155.29 0.890783 0.454281 0.0116399 121.699 -0.00450817 -0.0167789 0.999849 0.808605
0.459778 -0.887931 -0.013502 155.934 0.888028 0.459667 0.0106143 122.96 -0.00321832 -0.0168704 0.999852 0.795974
0.465131 -0.885129 -0.0141184 156.578 0.88524 0.465036 0.00959657 124.219 -0.00192865 -0.0169618 0.999854 0.783342
0.473128 -0.880865 -0.015067 157.544 0.880993 0.473059 0.00808447 126.11 6.27618e-06 -0.0170989 0.999854 0.764388
0.481086 -0.876527 -0.0160441 158.51 0.876671 0.481044 0.00659044 128 0.00194125 -0.017236 0.99985 0.745429
0.489 -0.872117 -0.0170492 159.476 0.872275 0.488988 0.00511523 129.89 0.0038758 -0.017373 0.999842 0.726471
0.500284 -0.865689 -0.0172896 160.436 0.865849 0.500285 0.00462128 131.725 0.00464912 -0.0172821 0.99984 0.713006
0.515425 -0.856924 0.00432137 161.434 0.856885 0.515443 0.0081921 133.38 -0.00924742 -0.000519501 0.999957 0.729928
0.519518 -0.854455 0.00267795 162.423 0.854371 0.519507 0.0127801 135.023 -0.0123112 -0.00435151 0.999915 0.724172
0.518661 -0.854967 -0.00474924 163.411 0.85486 0.518487 0.0196465 136.715 -0.0143346 -0.0142498 0.999796 0.706506
0.513394 -0.858026 -0.0147766 164.406 0.858106 0.513471 -0.00165826 138.408 0.0090102 -0.0118286 0.999889 0.690202
0.502771 -0.864412 -0.00350141 165.418 0.864138 0.5025 0.0275499 140.195 -0.022055 -0.016877 0.999614 0.692768
0.496238 -0.868134 0.00951218 166.106 0.867614 0.496279 0.0308759 141.387 -0.0315251 -0.00706888 0.999478 0.673745
0.488899 -0.872335 0.0031153 167.117 0.872267 0.4889 0.0112875 143.09 -0.0113696 -0.00280108 0.999931 0.675775
0.486253 -0.873564 0.0210857 167.831 0.873581 0.486541 0.011568 144.254 -0.0203644 0.0127951 0.999711 0.681882
0.483196 -0.875056 0.0282583 168.873 0.875386 0.483423 0.00139168 146.004 -0.0148785 0.0240645 0.9996 0.715599
0.480512 -0.87597 0.0422386 169.91 0.876742 0.48096 0.000508539 147.788 -0.0207606 0.036788 0.999107 0.728041
0.479536 -0.87643 0.0437582 170.92 0.877387 0.479741 -0.00637946 149.558 -0.0154014 0.041452 0.999022 0.732414
0.480078 -0.876568 0.0339564 171.885 0.877226 0.479722 -0.0184972 151.295 -7.55899e-05 0.0386675 0.999252 0.739612
0.478478 -0.876823 0.0473222 172.831 0.877889 0.478849 -0.00388655 152.979 -0.0192524 0.0434032 0.998872 0.761291
0.471443 -0.880091 0.0564052 173.7 0.881526 0.472135 -0.00119875 154.533 -0.0255758 0.0502877 0.998407 0.752718
0.443445 -0.894325 0.0594947 174.448 0.896186 0.443477 -0.0133971 155.95 -0.0144032 0.0592592 0.998139 0.72759
0.358758 -0.931201 0.064476 175.25 0.933341 0.358823 -0.0109703 157.825 -0.0129199 0.0641138 0.997859 0.693066
0.21335 -0.975516 0.0533806 175.734 0.976967 0.212793 -0.0159681 159.691 0.00421808 0.0555578 0.998447 0.683857
-0.0435327 -0.999052 0.000146255 175.711 0.998982 -0.0435314 -0.0118618 161.942 0.0118569 -0.00037027 0.99993 0.706952
-0.269059 -0.962692 -0.028815 175.264 0.96293 -0.269485 0.0120093 163.606 -0.0193265 -0.0245156 0.999513 0.704197
-0.475851 -0.878577 -0.0408379 174.5 0.878779 -0.476847 0.0190681 165.067 -0.0362263 -0.0268139 0.998984 0.667778
-0.662158 -0.749115 -0.0193228 173.451 0.749107 -0.662386 0.00914668 166.351 -0.0196511 -0.00841828 0.999771 0.588618
-0.761901 -0.647359 -0.0207961 172.399 0.647383 -0.762137 0.0064647 167.244 -0.0200345 -0.00853761 0.999763 0.550524
-0.840603 -0.541393 -0.0167251 170.738 0.541494 -0.840702 -0.00190979 168.343 -0.0130269 -0.0106619 0.999858 0.49504
-0.870059 -0.492638 -0.0174538 169.328 0.492854 -0.870037 -0.0114112 169.127 -0.00956392 -0.0185306 0.999783 0.465533
-0.880395 -0.473995 -0.0152802 167.789 0.474207 -0.880262 -0.0163413 169.944 -0.00570481 -0.0216328 0.99975 0.436106
-0.881949 -0.471073 -0.0159941 166.105 0.471292 -0.881849 -0.0150536 170.836 -0.00701307 -0.0208144 0.999759 0.410591
-0.881799 -0.471521 -0.00995681 164.268 0.471619 -0.881704 -0.0131834 171.752 -0.00256272 -0.0163209 0.999864 0.362084
-0.881921 -0.471334 -0.00769948 162.946 0.471397 -0.881809 -0.014032 172.357 -0.000175719 -0.0160046 0.999872 0.31275
-0.88143 -0.472251 -0.00775246 161.549 0.472314 -0.881334 -0.0130666 173.025 -0.000661786 -0.0151789 0.999885 0.277327
-0.880554 -0.473916 -0.00541918 160.108 0.473946 -0.880515 -0.00825693 173.753 -0.000858583 -0.00983907 0.999951 0.269657
-0.879879 -0.475156 -0.00628484 158.612 0.475188 -0.879867 -0.00540313 174.518 -0.0029625 -0.00774058 0.999966 0.264429
-0.879418 -0.475883 -0.0126229 157.071 0.475904 -0.879496 0.00142786 175.322 -0.0117813 -0.00475162 0.999919 0.25829
-0.879807 -0.475199 -0.0112393 155.532 0.475217 -0.879868 0.00121722 176.121 -0.0104675 -0.00427018 0.999936 0.24503
-0.881609 -0.471959 -0.00454887 153.995 0.471957 -0.88162 0.00146887 176.923 -0.00470362 -0.000851902 0.999989 0.233941
-0.8844 -0.466579 -0.0118786 152.441 0.466483 -0.884473 0.0100006 177.73 -0.0151724 0.00330332 0.999879 0.228248
-0.886882 -0.461791 -0.0137287 150.898 0.46159 -0.886957 0.0155527 178.55 -0.0193588 0.00745642 0.999785 0.19613
-0.888845 -0.458089 -0.010428 149.361 0.457964 -0.888885 0.0123506 179.383 -0.014927 0.00620208 0.999869 0.150801
-0.890377 -0.455143 -0.00858529 147.817 0.455057 -0.890403 0.0102597 180.194 -0.012314 0.00522821 0.999911 0.1098
-0.891162 -0.453589 -0.00930992 146.25 0.453599 -0.891205 0.00113323 180.999 -0.00881107 -0.00321308 0.999956 0.0705704
-0.891058 -0.453832 -0.00723489 144.688 0.453869 -0.891057 -0.00456026 181.802 -0.00437711 -0.00734714 0.999963 0.055699
-0.889352 -0.457154 -0.00794224 143.147 0.457195 -0.889356 -0.00435937 182.611 -0.00507057 -0.00750816 0.999959 0.0629145
-0.887435 -0.460866 -0.00780755 141.627 0.460884 -0.887461 -0.000495717 183.434 -0.00670043 -0.00403829 0.999969 0.0565228
-0.885859 -0.46393 -0.00471351 140.13 0.46387 -0.885847 0.00998167 184.251 -0.00880625 0.0066559 0.999939 0.0476158
-0.884114 -0.467259 -0.00340302 138.64 0.467223 -0.884103 0.0080394 185.042 -0.00676511 0.00551778 0.999962 0.0488608
-0.883845 -0.467768 -0.00325776 137.171 0.467671 -0.883768 0.0153945 185.846 -0.0100801 0.0120828 0.999876 0.0590464
-0.884706 -0.466025 -0.0108126 135.703 0.465845 -0.884728 0.0156759 186.621 -0.0168716 0.00883159 0.999819 0.0761743
-0.887159 -0.461389 -0.00830252 134.256 0.461287 -0.887173 0.0117632 187.382 -0.0127932 0.00660594 0.999896 0.09251
-0.890862 -0.454252 -0.00450388 132.817 0.454212 -0.89086 0.00774768 188.123 -0.00753172 0.0048564 0.99996 0.110081
-0.8953 -0.445423 -0.00611132 131.372 0.445403 -0.89532 0.00433196 188.848 -0.00740114 0.0011564 0.999972 0.117339
-0.899202 -0.437363 -0.0122059 129.93 0.437371 -0.899278 0.00215366 189.545 -0.0119185 -0.00340195 0.999923 0.12896
-0.902243 -0.430875 -0.0174174 128.497 0.431013 -0.902332 -0.00490985 190.204 -0.0136007 -0.011937 0.999836 0.143352
-0.903719 -0.427651 -0.0201494 127.092 0.427955 -0.903688 -0.014265 190.843 -0.0121083 -0.0215146 0.999695 0.156553
-0.90434 -0.426128 -0.0241558 125.722 0.426598 -0.904229 -0.0195833 191.468 -0.0134974 -0.0280147 0.999516 0.176155
-0.904075 -0.426453 -0.0280333 123.768 0.427146 -0.903787 -0.0267543 192.364 -0.0139266 -0.0361622 0.999249 0.207423
-0.901221 -0.432174 -0.0320481 121.941 0.433043 -0.900925 -0.0284283 193.222 -0.016587 -0.0394984 0.999082 0.23446
-0.897575 -0.439881 -0.0293785 120.248 0.440658 -0.897189 -0.029528 194.044 -0.0133693 -0.0394495 0.999132 0.246672
-0.893024 -0.449022 -0.0297765 118.674 0.449782 -0.892718 -0.0274071 194.821 -0.0142756 -0.0378682 0.999181 0.254026
-0.887159 -0.460515 -0.0295847 117.253 0.46125 -0.886877 -0.0264205 195.55 -0.0140709 -0.0370851 0.999213 0.268445
-0.878667 -0.47635 -0.03217 115.582 0.477101 -0.878576 -0.0218789 196.443 -0.0178417 -0.0345726 0.999243 0.278205
-0.868181 -0.495192 -0.0323594 114.172 0.495868 -0.868222 -0.0174928 197.249 -0.0194328 -0.0312329 0.999323 0.29024
-0.854982 -0.517892 -0.0281614 112.797 0.518384 -0.855033 -0.0139911 198.097 -0.0168331 -0.0265605 0.999505 0.307083
-0.844926 -0.534721 -0.0131092 111.583 0.534876 -0.844782 -0.0158648 198.911 -0.00259121 -0.0204164 0.999788 0.350137
-0.814431 -0.580253 0.0028955 110.418 0.579958 -0.814158 -0.0282094 199.767 0.018726 -0.0212953 0.999598 0.361607
-0.726887 -0.686748 -0.00354065 109.294 0.686691 -0.726736 -0.017633 200.794 0.00953628 -0.0152485 0.999838 0.37547
-0.572701 -0.819708 -0.00959364 108.371 0.819738 -0.572737 0.00134831 202.052 -0.00659986 -0.0070921 0.999953 0.38607
-0.325604 -0.945488 -0.00585087 107.711 0.945455 -0.325645 0.00840422 203.694 -0.00985139 -0.00279529 0.999948 0.383578
-0.010375 -0.999946 -0.000384969 107.564 0.999942 -0.0103761 0.00285031 205.713 -0.00285415 -0.000355375 0.999996 0.355925
0.213863 -0.976815 0.00973265 107.932 0.976863 0.213865 -0.000833224 207.584 -0.00126757 0.00968566 0.999952 0.352081
0.33907 -0.940707 0.0101271 108.476 0.940757 0.339082 -0.00053378 209.117 -0.00293178 0.00970811 0.999949 0.354519
0.415615 -0.909386 0.0167843 109.233 0.909519 0.415662 -0.000730026 210.742 -0.00631272 0.015569 0.999859 0.354533
0.451829 -0.891877 0.0201317 110.127 0.892071 0.451894 -0.00148813 212.475 -0.00777016 0.0186313 0.999796 0.346142
0.469327 -0.882796 0.0200949 111.126 0.88301 0.469328 -0.00497459 214.312 -0.00503955 0.0200787 0.999786 0.3352
0.473585 -0.880485 0.0215475 111.837 0.880724 0.473613 -0.00411163 215.603 -0.00658494 0.0209246 0.999759 0.330407
0.47506 -0.879625 0.0240515 112.579 0.879879 0.475197 8.22451e-06 216.96 -0.0114365 0.0211585 0.999711 0.31917
0.473371 -0.880507 0.0250465 113.352 0.880793 0.473502 -0.000803936 218.363 -0.0111517 0.0224413 0.999686 0.296496
0.470778 -0.882017 0.0203783 114.146 0.88225 0.470699 -0.00881231 219.811 -0.00181943 0.0221274 0.999753 0.266567
0.470476 -0.882294 0.0144647 114.962 0.882408 0.470358 -0.0109453 221.318 0.00285339 0.0179133 0.999835 0.250224
0.470737 -0.881986 0.0225241 115.812 0.882168 0.470921 0.00342347 222.881 -0.0136265 0.0182585 0.99974 0.241404
0.470317 -0.882005 0.0294822 116.685 0.882316 0.470635 0.00453272 224.474 -0.0178732 0.0238808 0.999555 0.220035
0.468564 -0.883009 0.0272532 117.575 0.883424 0.468446 -0.0109602 226.097 -0.00308865 0.0292117 0.999568 0.187251
0.466989 -0.883926 0.0244012 118.479 0.884259 0.466721 -0.0160718 227.774 0.00281776 0.0290823 0.999573 0.17919
0.46603 -0.884425 0.0246693 119.402 0.884756 0.46599 -0.0077315 229.51 -0.0046577 0.0254294 0.999666 0.181887
0.466729 -0.883908 0.0295195 120.36 0.884247 0.467009 0.00303397 231.277 -0.0164676 0.0246865 0.99956 0.174785
0.46748 -0.883502 0.0297649 121.332 0.883941 0.467583 -0.00382929 233.047 -0.0105344 0.0281005 0.99955 0.154554
0.467017 -0.883765 0.0292284 122.317 0.884236 0.466933 -0.0100367 234.85 -0.00477764 0.0305321 0.999522 0.144414
0.465229 -0.884608 0.0320999 123.315 0.885156 0.465223 -0.00811631 236.682 -0.00775387 0.0321894 0.999452 0.137896
0.46199 -0.886219 0.0343719 124.315 0.886823 0.462071 -0.00602767 238.535 -0.0105404 0.0332665 0.999391 0.130256
0.459306 -0.887728 0.0312637 125.311 0.888278 0.458999 -0.0168059 240.385 0.000569052 0.0354899 0.99937 0.122229
0.456876 -0.889041 0.0295089 126.308 0.88953 0.456614 -0.0154654 242.261 0.00027521 0.0333148 0.999445 0.136177
0.45432 -0.890307 0.0307749 127.307 0.8908 0.454349 -0.00643358 244.146 -0.00825471 0.0303372 0.999506 0.14358
0.452502 -0.891275 0.0295033 128.294 0.891669 0.452687 -0.000455232 246.021 -0.01295 0.0265131 0.999565 0.140188
0.452814 -0.891132 0.0290409 129.273 0.891547 0.452916 -0.00334823 247.874 -0.0101693 0.0274074 0.999573 0.127844
0.452936 -0.891158 0.0262045 130.244 0.891538 0.452836 -0.00994415 249.712 -0.00300455 0.0278664 0.999607 0.124239
0.453283 -0.891011 0.0251858 131.21 0.891363 0.453184 -0.0098017 251.547 -0.00268041 0.0268927 0.999635 0.132356
0.4541 -0.890635 0.023706 132.161 0.890919 0.454149 -0.00361293 253.377 -0.00754824 0.0227607 0.999712 0.147453
0.454823 -0.890288 0.0228726 133.104 0.890505 0.454971 0.00144271 255.203 -0.0116908 0.019712 0.999737 0.14819
0.455852 -0.889798 0.0213942 134.049 0.889881 0.456107 0.00882885 257.034 -0.0176139 0.0150136 0.999732 0.129999
0.456768 -0.889502 0.0122255 134.987 0.889552 0.456827 0.00237716 258.847 -0.0076994 0.00978938 0.999922 0.106887
0.457864 -0.889006 0.00545191 135.927 0.88901 0.457882 0.00251782 260.665 -0.00473469 0.00369398 0.999982 0.1001
0.458256 -0.888817 0.00244461 136.87 0.888811 0.458262 0.00332721 262.481 -0.00407755 0.000648084 0.999991 0.0978934
0.457756 -0.889065 0.00470898 137.834 0.88904 0.457779 0.00685082 264.303 -0.0082465 0.00105046 0.999965 0.0984457
0.457464 -0.889217 0.00451007 138.809 0.889184 0.457486 0.00762976 266.127 -0.00884781 0.00051994 0.999961 0.0902923
0.458948 -0.888451 0.00473357 139.791 0.888419 0.458972 0.00757537 267.965 -0.00890292 0.000728688 0.99996 0.0810871
0.45998 -0.887917 0.00466696 140.782 0.887891 0.460003 0.006882 269.819 -0.00825746 0.000978165 0.999965 0.0762689
0.461086 -0.887338 0.0055578 141.777 0.88731 0.461116 0.00724132 271.695 -0.0089883 0.00159262 0.999958 0.0740948
0.461521 -0.887129 0.000111039 142.772 0.887129 0.461521 0.000257166 273.585 -0.000279386 -2.01813e-05 1 0.0734411
0.46157 -0.887087 0.00539593 143.778 0.887063 0.461599 0.00678512 275.503 -0.00850975 0.00165472 0.999962 0.0892799
0.462335 -0.886671 0.00781614 144.781 0.886604 0.462397 0.011076 277.427 -0.0134349 0.00180901 0.999908 0.0992075
0.462819 -0.886395 0.0101128 145.781 0.886307 0.46292 0.0128632 279.345 -0.0160833 0.0030097 0.999866 0.101881
0.462553 -0.886517 0.0115301 146.779 0.886519 0.462642 0.00679548 281.242 -0.0113586 0.00707841 0.99991 0.102712
0.462001 -0.886765 0.0142409 147.775 0.886812 0.462105 0.00492688 283.136 -0.0109498 0.0103528 0.999886 0.107131
0.461697 -0.88677 0.0217708 148.764 0.886871 0.461947 0.00804731 285.04 -0.0171931 0.0155924 0.999731 0.11017
0.461235 -0.88689 0.0262334 149.737 0.887124 0.461504 0.0049773 286.931 -0.0165211 0.0209766 0.999643 0.109683
0.460942 -0.886996 0.027769 150.709 0.887371 0.461048 -0.00284303 288.799 -0.0102811 0.0259518 0.99961 0.106264
0.459564 -0.887571 0.0319156 151.663 0.888038 0.459769 -0.00103512 290.636 -0.013755 0.0288179 0.99949 0.118533
0.457608 -0.88835 0.0378115 152.6 0.888947 0.458006 0.00211454 292.439 -0.0191963 0.0326448 0.999283 0.123513
0.455629 -0.889206 0.0414139 153.525 0.889955 0.456048 0.000748647 294.208 -0.0195524 0.0365154 0.999142 0.119463
0.453893 -0.890097 0.04133 154.424 0.890912 0.454166 -0.00307446 295.954 -0.0160341 0.0382169 0.999141 0.112017
0.452389 -0.890949 0.039415 155.292 0.89169 0.452638 -0.00287179 297.662 -0.0152821 0.0364451 0.999219 0.108237
0.45135 -0.891513 0.0385685 156.138 0.892172 0.451695 0.000257589 299.336 -0.0176508 0.0342935 0.999256 0.110123
0.450958 -0.891884 0.0343409 156.955 0.892427 0.451191 -0.00106689 300.96 -0.0145428 0.0311278 0.99941 0.105773
0.452589 -0.891068 0.0340814 157.749 0.891613 0.452793 -0.00189693 302.524 -0.0137415 0.031246 0.999417 0.0993018
0.455495 -0.889523 0.0356871 158.52 0.890097 0.455771 -0.000469163 304.025 -0.0158478 0.0319787 0.999363 0.102656
0.458216 -0.888008 0.0384622 159.267 0.888672 0.458542 -0.000390071 305.445 -0.0172901 0.034359 0.99926 0.114089
0.460892 -0.886375 0.0437877 159.989 0.887206 0.461373 0.00098709 306.785 -0.0210774 0.0383937 0.99904 0.127301
0.464654 -0.884506 0.0417794 160.975 0.885264 0.465089 0.000784075 308.634 -0.0201246 0.0366214 0.999127 0.140229
0.468169 -0.882849 0.0373652 161.861 0.883553 0.468296 -0.00581959 310.293 -0.0123601 0.0357387 0.999285 0.153322
0.4666 -0.8835 0.0413852 162.665 0.884239 0.467035 0.000941278 311.788 -0.0201599 0.0361552 0.999143 0.175781
0.451524 -0.891599 0.0343093 163.338 0.892194 0.451621 -0.00531843 313.103 -0.0107529 0.0330119 0.999397 0.192971
0.391394 -0.919778 0.0286335 164.05 0.920203 0.391402 -0.00555556 314.748 -0.00609735 0.0285231 0.999575 0.229472
0.270197 -0.962308 0.0309222 164.556 0.962748 0.270391 0.00219919 316.418 -0.0104774 0.0291761 0.999519 0.270264
0.0887946 -0.995725 0.0254208 164.744 0.995889 0.0892103 0.0157138 318.096 -0.0179144 0.023921 0.999553 0.306309
-0.189661 -0.981799 0.0100009 164.473 0.981355 -0.189232 0.0336568 320.254 -0.0311517 0.0161978 0.999383 0.312336
-0.429301 -0.902832 0.0243906 163.794 0.902611 -0.427941 0.0464774 322.022 -0.0315236 0.0419681 0.998622 0.284127
-0.603145 -0.79703 0.030969 162.947 0.79752 -0.601955 0.0401417 323.241 -0.0133522 0.0489096 0.998714 0.275363
-0.751775 -0.658055 0.0423952 161.831 0.659419 -0.750262 0.0476738 324.335 0.000435563 0.0637962 0.997963 0.27854
-0.849617 -0.527332 0.0084668 160.393 0.5273 -0.849033 0.0331427 325.216 -0.0102886 0.0326232 0.999415 0.309602
-0.895245 -0.445467 -0.00980144 158.782 0.445085 -0.895075 0.0272061 326.013 -0.0208924 0.0199936 0.999582 0.317361
-0.90951 -0.415654 -0.00478998 157.083 0.415584 -0.909487 0.0111208 326.772 -0.00897882 0.00812383 0.999927 0.321632
-0.91021 -0.413977 0.0118443 155.305 0.414088 -0.910191 0.00919304 327.586 0.00697488 0.0132722 0.999888 0.327856
-0.909122 -0.416513 0.00389707 153.414 0.416529 -0.909046 0.0117808 328.454 -0.00136424 0.0123334 0.999923 0.367019
-0.905282 -0.424805 0.00216805 151.428 0.424806 -0.905284 -0.000134572 329.355 0.00201987 0.000799175 0.999998 0.390259
-0.90152 -0.432731 -0.00234891 150.043 0.432736 -0.901517 -0.00254177 330.009 -0.00101768 -0.00330792 0.999994 0.41015
-0.898086 -0.439712 -0.00975588 148.603 0.439764 -0.898105 -0.00395924 330.7 -0.00702087 -0.00784602 0.999945 0.427397
-0.895377 -0.445275 -0.00554903 147.121 0.445301 -0.895367 -0.00506081 331.437 -0.00271497 -0.00700232 0.999972 0.4261
-0.892393 -0.45118 -0.00841625 145.579 0.451201 -0.892422 -0.000684127 332.223 -0.00720218 -0.00440793 0.999964 0.420708
-0.889528 -0.456567 -0.0169403 143.997 0.456527 -0.889687 0.00640638 333.042 -0.0179965 -0.00203503 0.999836 0.41426
-0.886897 -0.461608 -0.0181928 142.403 0.461567 -0.88708 0.00664136 333.882 -0.0192042 -0.002507 0.999812 0.404868
-0.885466 -0.464554 -0.0118512 140.794 0.464567 -0.885536 0.00183128 334.731 -0.0113454 -0.00388414 0.999928 0.39363
-0.885324 -0.464844 -0.0109972 139.167 0.464841 -0.885389 0.00294915 335.596 -0.0111077 -0.00250099 0.999935 0.391433
-0.886203 -0.463139 -0.0121295 137.532 0.463111 -0.886285 0.00520464 336.461 -0.0131607 -0.00100493 0.999913 0.392636
-0.887298 -0.460938 -0.0154657 135.9 0.460959 -0.887418 0.0023912 337.314 -0.0148268 -0.00500735 0.999878 0.389111
-0.888164 -0.45923 -0.0165271 134.274 0.45926 -0.888299 0.00213195 338.164 -0.0156601 -0.00569671 0.999861 0.386782
-0.889416 -0.456842 -0.0152943 132.658 0.456909 -0.889513 -0.00101724 339.006 -0.0131398 -0.00789286 0.999883 0.384004
-0.892258 -0.451276 -0.0150252 131.039 0.451333 -0.892355 -0.000461254 339.845 -0.0131997 -0.00719294 0.999887 0.374842
-0.89556 -0.444349 -0.022937 129.411 0.44446 -0.895799 0.000292638 340.664 -0.020677 -0.00993252 0.999737 0.376578
-0.898192 -0.439001 -0.0229914 127.789 0.439271 -0.898318 -0.00811046 341.457 -0.0170931 -0.0173842 0.999703 0.367563
-0.900056 -0.43543 -0.0173405 126.176 0.435617 -0.900088 -0.00887743 342.252 -0.0117425 -0.015544 0.99981 0.366136
-0.900668 -0.434025 -0.0204759 124.562 0.434271 -0.900733 -0.00941033 343.039 -0.014359 -0.0173677 0.999746 0.372097
-0.900038 -0.43539 -0.0191595 122.958 0.435609 -0.90009 -0.00911838 343.832 -0.0132752 -0.0165529 0.999775 0.380653
-0.897208 -0.441194 -0.0191269 121.363 0.441473 -0.897163 -0.0141605 344.619 -0.0109124 -0.0211489 0.999717 0.386322
-0.893079 -0.449264 -0.0239047 119.774 0.449639 -0.893108 -0.0134864 345.421 -0.0152905 -0.022793 0.999623 0.39215
-0.888259 -0.458614 -0.0258646 118.201 0.459019 -0.888339 -0.0124849 346.233 -0.0172508 -0.0229622 0.999587 0.390253
-0.883381 -0.46801 -0.0245862 116.65 0.468361 -0.883469 -0.0109788 347.057 -0.016583 -0.0212137 0.999637 0.387556
-0.878553 -0.477155 -0.0216346 115.115 0.477478 -0.878542 -0.0133664 347.885 -0.0126291 -0.0220731 0.999677 0.389973
-0.873554 -0.486257 -0.0213726 113.595 0.486577 -0.873532 -0.0135909 348.724 -0.0120609 -0.0222718 0.999679 0.399332
-0.868761 -0.494635 -0.0242804 112.086 0.495008 -0.868796 -0.0126319 349.579 -0.0148466 -0.0229931 0.999625 0.40365
-0.864729 -0.501538 -0.0265038 110.596 0.501885 -0.864896 -0.0081781 350.448 -0.0188214 -0.0203737 0.999615 0.404217
-0.862177 -0.506055 -0.0236366 109.153 0.50628 -0.862358 -0.00434633 351.305 -0.0181837 -0.015714 0.999711 0.40761
-0.861109 -0.50811 -0.0177794 107.776 0.508198 -0.86124 -0.000520078 352.129 -0.015048 -0.00948328 0.999842 0.412898
-0.860979 -0.508456 -0.0136953 106.468 0.508473 -0.861074 0.00251663 352.914 -0.0130723 -0.00479692 0.999903 0.422789
-0.862554 -0.505869 -0.00987706 105.233 0.505836 -0.86261 0.0058485 353.655 -0.0114786 4.84772e-05 0.999934 0.43177
-0.868808 -0.494997 -0.0122604 103.521 0.494849 -0.868878 0.0132761 354.653 -0.0172244 0.00546734 0.999837 0.455731
-0.878325 -0.478025 -0.0060873 101.941 0.477915 -0.878298 0.0137949 355.531 -0.0119408 0.00920722 0.999886 0.469542
-0.888983 -0.457873 -0.00789386 100.366 0.457744 -0.888974 0.0139878 356.358 -0.0134221 0.00882158 0.999871 0.487776
-0.898136 -0.439717 -0.000682511 98.8031 0.4397 -0.898113 0.00755093 357.135 -0.00393324 0.00648166 0.999971 0.502026
-0.905807 -0.423671 0.00413142 97.229 0.423684 -0.905806 0.00284389 357.888 0.00253739 0.00432643 0.999987 0.523966
-0.911634 -0.410969 0.00523088 95.5985 0.410982 -0.911642 0.00150402 358.636 0.00415058 0.00352091 0.999985 0.548044
-0.915405 -0.402508 0.00454987 93.9016 0.402462 -0.915396 -0.00858334 359.379 0.0076198 -0.00602609 0.999953 0.574309
-0.916387 -0.400264 0.00489713 92.1395 0.400219 -0.916383 -0.00817108 360.16 0.00775824 -0.00552794 0.999955 0.596134
-0.915515 -0.401952 -0.0163531 90.2553 0.402057 -0.915607 -0.00364767 360.981 -0.0135068 -0.00991439 0.99986 0.602937
-0.912094 -0.408997 -0.028372 88.2698 0.409375 -0.912323 -0.0088848 361.847 -0.0222505 -0.0197186 0.999558 0.591288
-0.908946 -0.41685 -0.00728504 86.912 0.416905 -0.908676 -0.0223256 362.458 0.00268667 -0.0233299 0.999724 0.555154
-0.904845 -0.424273 -0.0353351 85.4521 0.424838 -0.905214 -0.010027 363.138 -0.0277317 -0.0240845 0.999325 0.540297
-0.901803 -0.431014 -0.0312978 83.9784 0.431434 -0.90211 -0.00788621 363.847 -0.024835 -0.0206148 0.999479 0.510113
-0.898832 -0.438244 -0.00652552 82.4774 0.438273 -0.898552 -0.0228195 364.571 0.00413701 -0.0233709 0.999718 0.473344
-0.894364 -0.446646 -0.0248953 80.8809 0.447225 -0.894009 -0.0271545 365.34 -0.0101282 -0.0354198 0.999321 0.470312
-0.888308 -0.45855 -0.0253069 79.2599 0.459201 -0.887657 -0.0346421 366.149 -0.00657872 -0.0423938 0.999079 0.458331
-0.881778 -0.471664 -8.38432e-05 77.6362 0.471344 -0.881173 -0.0370089 367.02 0.0173819 -0.0326732 0.999315 0.453771
-0.875011 -0.483993 -0.0103112 75.9481 0.484099 -0.874719 -0.0227069 367.949 0.00197063 -0.0248604 0.999689 0.48393
-0.86916 -0.494126 -0.0200032 74.2364 0.494409 -0.869133 -0.0129572 368.901 -0.0109829 -0.0211516 0.999716 0.487409
-0.866416 -0.49919 -0.0114999 72.5303 0.499314 -0.866307 -0.014069 369.871 -0.00293936 -0.0179317 0.999835 0.478837
-0.865846 -0.5002 -0.0104854 70.8078 0.50029 -0.865811 -0.00907497 370.866 -0.00453904 -0.0131033 0.999904 0.495645
-0.866948 -0.498178 -0.0147787 69.0721 0.498324 -0.866949 -0.00848032 371.854 -0.00858763 -0.0147166 0.999855 0.508138
-0.869865 -0.492912 -0.0192828 67.3291 0.4931 -0.869949 -0.0063545 372.842 -0.0136429 -0.0150359 0.999794 0.51254
-0.873144 -0.487456 -0.00232883 65.6146 0.487459 -0.873114 -0.00742161 373.825 0.00158437 -0.00761535 0.99997 0.506943
-0.876523 -0.48136 -0.00101836 63.8894 0.481358 -0.876523 0.00162108 374.809 -0.00167294 0.000930715 0.999998 0.51035
-0.87903 -0.476691 -0.00852585 62.1548 0.476665 -0.879071 0.00491279 375.765 -0.00983671 0.00025451 0.999952 0.515128
-0.881082 -0.472915 -0.00679908 60.4389 0.472951 -0.881071 -0.00554831 376.679 -0.0033666 -0.00810415 0.999961 0.520457
-0.883069 -0.469226 -0.00406244 58.7265 0.469243 -0.88303 -0.00830904 377.596 0.000311559 -0.00924373 0.999957 0.533223
-0.885014 -0.465499 -0.00776009 57.0157 0.465516 -0.885039 -0.000466071 378.519 -0.00665103 -0.00402493 0.99997 0.548871
-0.887827 -0.459901 -0.0159281 55.302 0.459828 -0.88797 0.00822038 379.43 -0.0179242 -2.58964e-05 0.999839 0.552453
-0.890881 -0.454121 -0.0102793 53.6016 0.454135 -0.890932 0.00104683 380.307 -0.00963357 -0.00373561 0.999947 0.539107
