0.469617 -0.882584 0.0224959 0.667728 0.882868 0.469407 -0.0141926 0.548987 0.00196643 0.026526 0.999646 0.792317
0.467678 -0.883735 0.0170457 1.49061 0.883893 0.467514 -0.0128235 2.13667 0.00336348 0.0210639 0.999773 0.798566
0.464806 -0.885217 0.018622 2.31443 0.885412 0.464669 -0.0113356 3.75957 0.00138136 0.021757 0.999762 0.827248
0.462747 -0.886282 0.0192254 3.16564 0.886489 0.462601 -0.0117282 5.39426 0.00150084 0.0224703 0.999746 0.83968
0.461354 -0.886988 0.020109 4.00704 0.887216 0.461225 -0.010937 7.06442 0.000426242 0.0228868 0.999738 0.877299
0.462086 -0.886571 0.0216278 4.86742 0.886809 0.462121 -0.00365581 8.76315 -0.00675355 0.0208691 0.999759 0.912446
0.465425 -0.884676 0.0269747 5.74646 0.885011 0.465568 -0.0011075 10.4995 -0.0115788 0.0243884 0.999636 0.952924
0.467948 -0.883381 0.0257545 6.6159 0.883741 0.467912 -0.00777578 12.1494 -0.00518186 0.026399 0.999638 0.905157
0.469518 -0.882654 0.0217777 7.50783 0.88292 0.469431 -0.00926767 13.8276 -0.002043 0.0235794 0.99972 0.898027
0.468957 -0.8827 0.0303402 8.42722 0.883177 0.469001 -0.00607769 15.5544 -0.00886481 0.0296459 0.999521 0.895666
0.466985 -0.883237 0.0426238 9.34448 0.88425 0.466719 -0.0166055 17.2966 -0.00522668 0.0454446 0.998953 0.915998
0.464194 -0.885003 0.0359642 10.2706 0.885733 0.463838 -0.0181971 19.1161 -0.000577025 0.0403017 0.999187 0.974359
0.462009 -0.886188 0.0349052 11.2001 0.886865 0.461835 -0.0133734 20.9064 -0.00426907 0.0371348 0.999301 0.952314
0.460078 -0.887313 0.0316852 12.137 0.887853 0.460044 -0.00880335 22.7199 -0.00676525 0.032182 0.999459 0.952381
0.459806 -0.887476 0.0310569 13.0715 0.88793 0.459975 -0.00190841 24.5733 -0.0125917 0.0284539 0.999516 0.963757
0.459698 -0.887562 0.0301781 14.0049 0.888008 0.459816 -0.00331287 26.3617 -0.010936 0.0283213 0.999539 0.971801
0.459459 -0.887798 0.0266748 14.8577 0.888156 0.459525 -0.00395162 28.1188 -0.0087495 0.025507 0.999636 0.989219
0.458022 -0.888453 0.0294432 15.8031 0.888867 0.458159 -0.00231129 29.9226 -0.0114362 0.0272297 0.999564 1.026
0.457276 -0.888815 0.0300957 16.6609 0.889307 0.457217 -0.00923227 31.6904 -0.00555449 0.0309861 0.999504 0.995175
0.456689 -0.889373 0.0212161 17.5805 0.889605 0.456715 -0.00389663 33.449 -0.00622416 0.0206535 0.999767 1.01142
0.456125 -0.889465 0.0283257 18.4388 0.889857 0.45623 -0.00300409 35.1888 -0.010251 0.026576 0.999594 1.00366
0.456398 -0.889143 0.0335424 19.3361 0.889736 0.456408 -0.00779756 36.8885 -0.00837589 0.0334027 0.999407 1.00287
0.454776 -0.889892 0.0356609 20.1997 0.890529 0.454898 -0.00507715 38.6119 -0.011704 0.034066 0.999351 1.03606
0.452752 -0.890575 0.0435085 21.093 0.891425 0.453168 -0.000335558 40.3161 -0.0194178 0.0389365 0.999053 1.03976
0.449968 -0.892066 0.0417875 21.9105 0.892975 0.450023 -0.00862456 42.038 -0.0111117 0.041196 0.999089 1.0018
0.448857 -0.893239 0.0255318 22.694 0.893589 0.44883 -0.00709429 43.6145 -0.00512252 0.0259992 0.999649 0.976433
0.44694 -0.89425 0.0236979 23.5099 0.894525 0.447009 -0.0025884 45.2774 -0.0082785 0.0223552 0.999716 0.980405
0.443985 -0.895745 0.0227449 24.2569 0.895997 0.444054 -0.00217741 46.8128 -0.00814955 0.0213461 0.999739 0.989257
0.441934 -0.896805 0.0208734 24.9942 0.897013 0.442003 -0.00142478 48.2814 -0.00794836 0.0193534 0.999781 1.03006
0.439545 -0.898007 0.0195912 25.7099 0.898148 0.439683 0.00315881 49.7847 -0.0114505 0.0162074 0.999803 1.05049
0.436089 -0.899669 0.0205607 26.4136 0.899724 0.436345 0.0100269 51.1645 -0.0179925 0.0141264 0.999738 1.07364
0.432592 -0.90138 0.0194688 27.3413 0.901588 0.432532 -0.00740895 53.2139 -0.0017426 0.0207579 0.999783 1.05009
0.430189 -0.902677 0.0105242 28.1916 0.902726 0.430216 0.000272681 55.0092 -0.00477382 0.00938316 0.999945 1.07934
0.430263 -0.902492 0.0195517 29.0292 0.902683 0.430004 -0.0161439 56.6814 0.00616245 0.0245951 0.999679 1.09368
0.440814 -0.89752 0.0119053 29.7648 0.897591 0.440715 -0.0100902 58.2672 0.00380928 0.015134 0.999878 1.15334
0.461783 -0.886721 0.0219358 30.4948 0.886977 0.461779 -0.0055559 59.6563 -0.00520296 0.0220222 0.999744 1.23039
0.51086 -0.859495 0.0170413 31.2111 0.859614 0.510943 0.000634809 60.958 -0.00925275 0.0143246 0.999855 1.20631
0.61633 -0.787138 0.0234912 32.2923 0.787276 0.616582 0.00482118 62.3877 -0.0182792 0.0155226 0.999712 1.19077
0.755662 -0.654583 0.022292 33.5344 0.654639 0.75592 0.00566479 63.5329 -0.020559 0.0103126 0.999735 1.15984
0.895397 -0.444748 0.0215289 34.8896 0.444812 0.895622 0.00197472 64.3262 -0.02016 0.00780815 0.999766 1.11844
0.988853 -0.14626 0.0278819 36.7124 0.146288 0.989241 0.00103335 64.7081 -0.027733 0.00305695 0.999611 1.0852
0.98639 0.162552 0.0247386 38.9379 -0.162227 0.986645 -0.0146634 64.5309 -0.0267918 0.0104506 0.999586 1.06175
0.947934 0.317738 0.0215552 40.8042 -0.317801 0.948157 -0.000519001 63.9799 -0.0206026 -0.0063583 0.999768 1.00278
0.918625 0.395099 0.00502538 42.3776 -0.395069 0.918631 -0.00612195 63.3268 -0.00703525 0.0036384 0.999969 0.97513
0.893767 0.448334 0.0133166 44.1373 -0.448235 0.893861 -0.00983851 62.4732 -0.0163141 0.00282438 0.999863 0.945003
0.881814 0.471512 0.00895001 45.559 -0.471359 0.881813 -0.015007 61.7258 -0.0149682 0.00901472 0.999847 0.8811
0.872507 0.488571 0.00540434 47.1528 -0.488479 0.872483 -0.012712 60.9099 -0.0109259 0.00845137 0.999905 0.804691
0.865814 0.500356 0.00334674 48.9089 -0.500286 0.865774 -0.0122325 60.0191 -0.00901811 0.00891671 0.99992 0.67978
0.867245 0.497882 -0.000107776 50.5988 -0.497801 0.867101 -0.018184 58.9514 -0.00896003 0.0158236 0.999835 0.74882
0.871416 0.490539 -0.00260678 51.8548 -0.490462 0.871157 -0.0230939 58.1923 -0.00905755 0.0214029 0.99973 0.775344
0.87682 0.48082 0.000499882 53.2192 -0.480712 0.876644 -0.0202998 57.4664 -0.0101988 0.017559 0.999794 0.755182
0.88024 0.474511 0.00421909 54.6686 -0.474348 0.880114 -0.0198143 56.7501 -0.0131154 0.01544 0.999795 0.692079
0.883388 0.468643 2.28656e-05 56.1426 -0.468577 0.883263 -0.0167925 56.0446 -0.0078899 0.0148236 0.999859 0.611317
0.884059 0.467373 -0.00149768 57.5214 -0.467374 0.884044 -0.00521577 55.2866 -0.00111369 0.00531102 0.999985 0.711926
0.883925 0.467627 0.00117887 59.0023 -0.467623 0.883924 -0.00269098 54.493 -0.00230041 0.00182735 0.999996 0.786679
0.884039 0.467412 0.00142388 60.4059 -0.467402 0.884034 -0.00444828 53.7483 -0.00333793 0.00326693 0.999989 0.812335
0.88415 0.467195 0.00272386 61.872 -0.467192 0.884154 -0.00170789 53.0216 -0.00320623 0.000237454 0.999995 0.811636
0.88245 0.470391 0.00390752 63.3506 -0.470403 0.882447 0.00305564 52.3027 -0.00201083 -0.00453457 0.999988 0.778799
0.877788 0.478969 0.00883683 64.8532 -0.479039 0.877743 0.0094124 51.5828 -0.00324823 -0.0124953 0.999917 0.67736
0.87147 0.49029 0.0124606 66.2482 -0.490412 0.871434 0.00993571 50.7727 -0.00598721 -0.0147695 0.999873 0.791249
0.862386 0.506088 0.0128279 67.6214 -0.506206 0.86237 0.00858452 49.962 -0.00671782 -0.0138967 0.999881 0.838502
0.851572 0.524079 0.0129402 68.9797 -0.52417 0.851599 0.00489851 49.1846 -0.00845266 -0.0109543 0.999904 0.856523
0.838994 0.543963 0.0139008 70.361 -0.544066 0.839028 0.00489205 48.3329 -0.00900204 -0.0116673 0.999891 0.832482
0.8261 0.563377 0.0128508 71.7034 -0.563482 0.8261 0.00682387 47.5154 -0.00677161 -0.0128784 0.999894 0.719063
0.814543 0.579978 0.0120433 72.9006 -0.580075 0.814532 0.00707996 46.6059 -0.0057034 -0.0127529 0.999902 0.819383
0.803361 0.595359 0.0125765 74.1121 -0.595459 0.80336 0.00647904 45.7045 -0.00624613 -0.0126938 0.9999 0.882015
0.79405 0.607687 0.0141697 75.2728 -0.6078 0.794072 0.00540607 44.8173 -0.00796652 -0.012905 0.999885 0.885208
0.788403 0.614971 0.0152127 76.4646 -0.615044 0.788493 0.000175803 43.9276 -0.011887 -0.0094951 0.999884 0.867012
0.785519 0.618733 0.0114067 78.0951 -0.61871 0.785597 -0.00588246 42.7242 -0.0126007 -0.00243664 0.999918 0.772759
0.789978 0.613111 0.00540237 79.6177 -0.613097 0.789997 -0.00404376 41.4721 -0.00674713 -0.000117689 0.999977 0.89991
0.809365 0.587296 0.00345363 80.9879 -0.587296 0.809371 -0.00104782 40.4097 -0.00341064 -0.00118023 0.999994 0.987566
0.842088 0.539323 -0.00433368 82.3615 -0.539323 0.842098 0.00132539 39.5148 0.0043642 0.00122115 0.99999 1.06003
0.889689 0.456521 -0.00654368 83.741 -0.456505 0.889713 0.00371954 38.8295 0.00752005 -0.000321999 0.999972 1.10791
0.958961 0.283433 0.00774321 85.6196 -0.283484 0.958955 0.0065299 38.224 -0.0055746 -0.00845699 0.999949 1.14036
0.999355 -0.0351726 -0.00726953 87.9924 0.035183 0.99938 0.00131691 38.2361 0.00721871 -0.00157183 0.999973 1.1993
0.950369 -0.311015 -0.00828908 89.8402 0.311042 0.950394 0.00204899 38.7365 0.00724062 -0.00452555 0.999963 1.21506
0.841189 -0.540646 0.0101806 91.4733 0.540526 0.841236 0.0124432 39.6685 -0.0152916 -0.00496423 0.999871 1.23701
0.740428 -0.672135 0.000829991 92.9049 0.67196 0.740261 0.0219737 40.861 -0.0153837 -0.0157122 0.999758 1.20961
0.70152 -0.712645 0.00251631 93.8904 0.712489 0.701432 0.0187609 41.9662 -0.0151349 -0.0113683 0.999821 1.22917
0.688032 -0.725607 -0.0103686 94.9264 0.725552 0.687571 0.0286383 43.1231 -0.013651 -0.027227 0.999536 1.20335
0.691707 -0.721996 -0.0162402 96.1043 0.722178 0.691506 0.0166988 44.3403 -0.000826279 -0.023279 0.999729 1.18063
0.702392 -0.711392 -0.023812 97.3014 0.71179 0.702041 0.0222066 45.6011 0.000919369 -0.0325469 0.99947 1.21217
0.712424 -0.701639 -0.0124789 98.6827 0.701655 0.711924 0.0290668 46.986 -0.0115104 -0.0294637 0.9995 1.19844
0.714122 -0.699985 -0.0071285 100.099 0.700005 0.713996 0.0142371 48.3486 -0.00487603 -0.015157 0.999873 1.20544
0.712154 -0.701775 -0.0186588 101.071 0.702017 0.712008 0.0147037 49.3526 0.00296655 -0.0235701 0.999718 1.18213
0.70933 -0.704634 -0.0185102 102.097 0.704869 0.708956 0.0232588 50.3763 -0.00326599 -0.0295454 0.999558 1.19532
0.704961 -0.709165 -0.0107276 103.122 0.709182 0.704615 0.0240532 51.4101 -0.00949882 -0.0245644 0.999653 1.18589
0.701354 -0.712624 -0.0164403 104.172 0.712808 0.701069 0.0201776 52.5244 -0.00285323 -0.0258704 0.999661 1.20961
0.695785 -0.717943 -0.020997 105.274 0.71825 0.695485 0.0204387 53.6454 -7.07466e-05 -0.0293021 0.999571 1.17668
0.691293 -0.722393 -0.0161936 106.401 0.722563 0.690984 0.021065 54.832 -0.00402771 -0.026263 0.999647 1.20406
0.689888 -0.723836 -0.0108238 107.55 0.72389 0.689656 0.018913 56.0195 -0.00622517 -0.0208831 0.999763 1.20819
0.689492 -0.724212 -0.0108098 108.658 0.724244 0.689194 0.0219578 57.2224 -0.00845207 -0.0229687 0.9997 1.18493
0.691237 -0.72236 -0.0196788 109.782 0.72261 0.690766 0.0260355 58.4808 -0.00521357 -0.0322167 0.999467 1.19328
0.694902 -0.718687 -0.0244904 110.981 0.719074 0.694158 0.0328195 59.7465 -0.00658671 -0.0404168 0.999161 1.197
0.698064 -0.715698 -0.0219787 112.154 0.716016 0.69749 0.0287872 61.0042 -0.00527306 -0.0358324 0.999344 1.19558
0.699416 -0.714574 -0.0141959 113.394 0.714699 0.69913 0.020562 62.236 -0.00476835 -0.0245272 0.999688 1.20892
0.702372 -0.711679 -0.0136629 114.639 0.711769 0.701999 0.0241225 63.4953 -0.00757613 -0.0266678 0.999616 1.21406
0.703777 -0.710265 -0.0148912 115.809 0.710227 0.70294 0.0381276 64.7413 -0.0166131 -0.0374095 0.999162 1.20856
0.705302 -0.708676 -0.0181247 117.008 0.708906 0.705113 0.0163785 65.9287 0.00117289 -0.0244004 0.999702 1.19151
0.704799 -0.709155 -0.0188986 118.209 0.709406 0.704603 0.0166746 67.1475 0.00149117 -0.0251591 0.999682 1.23625
0.702953 -0.711212 0.00588464 119.436 0.710564 0.702623 0.0376789 68.3802 -0.0309324 -0.0223051 0.999273 1.21719
0.701185 -0.71294 -0.00755442 120.597 0.71275 0.700652 0.0327743 69.5339 -0.0180731 -0.0283653 0.999434 1.21798
0.699205 -0.714721 -0.0169116 121.752 0.714897 0.698793 0.0246958 70.7276 -0.00583293 -0.0293575 0.999552 1.19659
0.694866 -0.718969 -0.015639 122.883 0.719085 0.69438 0.0274601 71.9279 -0.00888358 -0.0303268 0.999501 1.17815
0.688091 -0.725326 -0.0207892 124.022 0.72559 0.687496 0.0294834 73.1338 -0.00709263 -0.0353717 0.999349 1.17658
0.684923 -0.728285 -0.021945 125.129 0.728561 0.684192 0.032876 74.3203 -0.00892846 -0.0385058 0.999219 1.19205
0.682567 -0.73053 -0.0206844 126.268 0.730727 0.681746 0.0354927 75.5112 -0.011827 -0.0393408 0.999156 1.15885
0.677475 -0.735328 -0.017901 127.36 0.735513 0.677016 0.0259006 76.7008 -0.00692616 -0.0307134 0.999504 1.19115
0.666526 -0.745337 -0.0147087 128.437 0.745412 0.666064 0.0268253 77.9174 -0.0101969 -0.0288438 0.999532 1.16331
0.658588 -0.752499 -0.00271864 129.48 0.752006 0.658016 0.0387691 79.1209 -0.0273848 -0.0275773 0.999245 1.18335
0.651621 -0.758495 -0.00867535 130.55 0.758149 0.650869 0.0397513 80.3788 -0.0245047 -0.03248 0.999172 1.15237
0.641772 -0.766749 -0.0149961 131.568 0.766842 0.641372 0.0244134 81.6129 -0.00910091 -0.0271675 0.99959 1.14975
0.630998 -0.775579 -0.0178661 132.591 0.77567 0.630341 0.0317274 82.8627 -0.0133454 -0.0338781 0.999337 1.10346
0.61721 -0.786413 -0.0246138 133.563 0.786741 0.616485 0.0313849 84.1665 -0.00950746 -0.0387358 0.999204 1.11331
0.603645 -0.796787 -0.0272716 134.565 0.797224 0.602978 0.0291745 85.4896 -0.00680173 -0.0393526 0.999202 1.10823
0.590916 -0.806371 -0.0241813 135.561 0.806496 0.58975 0.0419468 86.83 -0.0195638 -0.0442891 0.998827 1.10596
0.578576 -0.815273 -0.0240718 136.468 0.815259 0.577173 0.0471701 88.2069 -0.024563 -0.0469163 0.998597 1.09879
0.570813 -0.820549 -0.029509 137.401 0.820857 0.569453 0.0437751 89.5745 -0.0191157 -0.0492101 0.998605 1.08216
0.564813 -0.824198 -0.0410372 138.306 0.825167 0.563518 0.0393375 90.9528 -0.00929666 -0.0560808 0.998383 1.04674
0.559998 -0.827681 -0.0366824 139.22 0.8282 0.558071 0.0513956 92.3566 -0.0220678 -0.0591618 0.998004 1.05245
0.553382 -0.83237 -0.0304596 140.11 0.832473 0.551504 0.053214 93.7086 -0.0274952 -0.0548045 0.998118 1.03316
0.543015 -0.839264 -0.0277686 141.028 0.839605 0.542087 0.0347213 95.0959 -0.0140873 -0.0421689 0.999011 0.987932
0.531475 -0.846524 -0.0305279 141.861 0.846797 0.530034 0.0447063 96.4665 -0.0216641 -0.0496112 0.998534 0.960683
0.519719 -0.854267 -0.0109338 142.766 0.853872 0.518972 0.0396297 97.9349 -0.02818 -0.0299324 0.999155 0.923157
0.509918 -0.860217 0.00318563 143.612 0.859886 0.509818 0.0261213 99.3654 -0.0240941 -0.0105804 0.999654 0.917896
0.498411 -0.866935 0.00325473 144.508 0.86691 0.498421 0.00656555 100.79 -0.00731413 -0.00045079 0.999973 0.93275
0.487937 -0.872873 -0.00312741 145.314 0.872579 0.487672 0.0279737 102.318 -0.0228924 -0.0163783 0.999604 0.899682
0.480966 -0.876707 0.00746406 146.094 0.876229 0.480959 0.0300064 103.794 -0.0298968 -0.00789186 0.999522 0.872285
0.476829 -0.878952 -0.00882509 146.866 0.878911 0.476618 0.0187387 105.323 -0.0122642 -0.0166916 0.999786 0.829797
0.473728 -0.880636 -0.00792716 147.651 0.880618 0.473581 0.0152886 106.808 -0.00970956 -0.0142234 0.999852 0.847413
0.472475 -0.881344 -0.000174291 148.427 0.881065 0.472321 0.0252399 108.286 -0.0221627 -0.0120788 0.999681 0.838002
0.469503 -0.882931 0.000240385 149.225 0.88276 0.469417 0.0195633 109.825 -0.0173859 -0.00897283 0.999809 0.782106
0.466328 -0.884611 0.000546537 150.061 0.884609 0.466329 0.00197678 111.318 -0.00200355 -0.000438359 0.999998 0.806159
0.463666 -0.886008 0.00209323 150.824 0.885885 0.463639 0.0157242 112.821 -0.0149022 -0.0054364 0.999874 0.827097
0.461539 -0.887074 0.00901471 151.637 0.886967 0.461624 0.0138564 114.404 -0.016453 0.0016005 0.999863 0.828374
0.461204 -0.887294 0.000551923 152.345 0.887223 0.461175 0.0123926 115.85 -0.0112504 -0.00522583 0.999923 0.803782
0.459458 -0.888198 0.00150978 153.107 0.888071 0.45942 0.0161925 117.371 -0.0150758 -0.006099 0.999868 0.851845
0.458415 -0.888738 0.000751793 153.833 0.888558 0.458339 0.0197431 118.802 -0.0178911 -0.00838254 0.999805 0.84338
0.457007 -0.88945 -0.0047552 154.574 0.889395 0.4569 0.01484 120.274 -0.0110268 -0.0110112 0.999879 0.809915
0.453845 -0.891011 -0.0111273 155.263 0.890864 0.453424 0.0276984 121.66 -0.0196342 -0.0224836 0.999554 0.777874
0.45129 -0.892363 0.00514879 156 0.89182 0.451204 0.0327341 123.045 -0.0315338 -0.0101808 0.999451 0.781975
0.450959 -0.892544 -0.000619682 156.651 0.892323 0.450831 0.0226118 124.351 -0.0199026 -0.0107499 0.999744 0.751954
0.454279 -0.890859 0.000362547 157.578 0.890839 0.454272 0.00663356 126.234 -0.00607427 -0.00269052 0.999978 0.755966
0.468081 -0.883684 0.0018468 158.524 0.883496 0.468023 0.0197372 128.104 -0.0183058 -0.00760699 0.999804 0.748364
0.485908 -0.874008 -0.00190879 159.442 0.873923 0.485828 0.0151749 129.88 -0.0123356 -0.00904172 0.999883 0.713896
0.505116 -0.862964 -0.0122769 160.419 0.863051 0.505056 0.00778605 131.639 -0.000518528 -0.0145285 0.999894 0.741854
0.519387 -0.854531 0.00377816 161.385 0.854475 0.519397 0.00988983 133.309 -0.0104135 -0.00190831 0.999944 0.751231
0.523256 -0.852175 0.000363315 162.414 0.852069 0.523198 0.0155446 134.979 -0.0134368 -0.00782423 0.999879 0.727936
0.522716 -0.852496 -0.00424821 163.387 0.852428 0.522593 0.0162289 136.678 -0.011615 -0.0121044 0.999859 0.723157
0.518281 -0.855081 -0.0148777 164.422 0.855166 0.518353 -0.00122334 138.349 0.00875797 -0.0120889 0.999889 0.700615
0.507973 -0.861365 -0.00364863 165.372 0.861167 0.507754 0.0240282 140.115 -0.0188445 -0.0153478 0.999705 0.71785
0.503669 -0.863896 0.000945879 166.121 0.863593 0.503521 0.0259705 141.344 -0.0229121 -0.0122637 0.999662 0.673207
0.496725 -0.867908 -0.000670305 167.105 0.867891 0.496711 0.00657271 143.083 -0.00537155 -0.00384658 0.999978 0.710253
0.496194 -0.868083 0.0149636 167.873 0.868117 0.496321 0.00622404 144.248 -0.0128297 0.00990183 0.999869 0.713608
0.493708 -0.869344 0.0222365 168.889 0.869582 0.493782 -0.00236717 146.055 -0.00892211 0.0205051 0.99975 0.732104
0.492727 -0.869655 0.030327 169.952 0.870057 0.49295 -0.000123256 147.835 -0.0148425 0.026447 0.99954 0.738296
0.49181 -0.870021 0.0344317 170.963 0.870643 0.491853 -0.00781432 149.595 -0.0101367 0.0338209 0.999377 0.760926
0.492303 -0.870125 0.0228108 171.937 0.870421 0.492065 -0.0154763 151.353 0.00224187 0.027474 0.99962 0.823654
0.491002 -0.870545 0.0326757 172.946 0.87097 0.491331 0.00238593 153.058 -0.0181316 0.027288 0.999463 0.88013
0.48519 -0.87353 0.0391902 173.784 0.874041 0.485798 0.00724242 154.575 -0.025365 0.0307399 0.999206 0.809119
0.458814 -0.887446 0.0439275 174.563 0.888324 0.459217 -0.00102579 156.072 -0.0192619 0.0394924 0.999034 0.742336
0.379535 -0.924014 0.0463803 175.322 0.924969 0.380036 0.00216889 157.975 -0.0196303 0.0420772 0.998922 0.709476
0.238565 -0.97038 0.038062 175.773 0.971089 0.238718 -0.000552272 159.783 -0.00855017 0.0370933 0.999275 0.702266
-0.0198071 -0.999714 -0.0133863 175.775 0.999794 -0.0198647 0.00418275 162.041 -0.00444747 -0.0133007 0.999902 0.711445
-0.251668 -0.966903 -0.0419694 175.376 0.967173 -0.252843 0.0254377 163.832 -0.0352075 -0.0341898 0.998795 0.672467
-0.46564 -0.883501 -0.0510475 174.551 0.88341 -0.467471 0.0325159 165.25 -0.0525911 -0.0299552 0.998167 0.64187
-0.658187 -0.752254 -0.0300733 173.502 0.751937 -0.658831 0.0230709 166.5 -0.0371685 -0.00742827 0.999281 0.592087
-0.76058 -0.648459 -0.0319333 172.423 0.648163 -0.761232 0.0202729 167.423 -0.0374547 -0.00527882 0.999284 0.525068
-0.840497 -0.541054 -0.0287172 170.798 0.540897 -0.840978 0.0136757 168.533 -0.0315498 -0.00403864 0.999494 0.436904
-0.870907 -0.490612 -0.0286533 169.464 0.490716 -0.871311 0.00376932 169.349 -0.0268152 -0.0107779 0.999582 0.376062
-0.881971 -0.470485 -0.027764 167.908 0.47075 -0.88226 -0.00352691 170.051 -0.0228357 -0.0161805 0.999608 0.361265
-0.884281 -0.466178 -0.0269236 166.17 0.466366 -0.884592 -0.000800241 170.881 -0.0234433 -0.0132639 0.999637 0.358721
-0.882787 -0.46926 -0.0219801 164.337 0.469398 -0.882986 -0.00128267 171.817 -0.0188062 -0.0114497 0.999758 0.309679
-0.882942 -0.469065 -0.0197595 162.998 0.469205 -0.883084 -0.00287176 172.528 -0.0161023 -0.0118068 0.999801 0.261695
-0.882597 -0.469775 -0.0182553 161.644 0.46992 -0.882698 -0.00436936 173.324 -0.0140613 -0.0124349 0.999824 0.230312
-0.880615 -0.473583 -0.0153874 160.164 0.473612 -0.880732 0.00196216 173.946 -0.0144814 -0.00555974 0.99988 0.240247
-0.879013 -0.476518 -0.0163246 158.638 0.476516 -0.879156 0.00426453 174.69 -0.016384 -0.00403038 0.999858 0.212587
-0.878372 -0.477628 -0.0182981 157.065 0.477468 -0.878559 0.0125758 175.548 -0.0220825 0.00230953 0.999753 0.226578
-0.87843 -0.477538 -0.0178536 155.538 0.477432 -0.878611 0.0100861 176.404 -0.0205028 0.000336057 0.99979 0.178959
-0.880608 -0.473685 -0.0123497 153.992 0.473589 -0.88069 0.00992404 177.351 -0.0155771 0.00289051 0.999875 0.138318
-0.882792 -0.469473 -0.0165254 152.43 0.469225 -0.882918 0.0168522 178.033 -0.0225022 0.00712287 0.999721 0.144685
-0.884892 -0.465527 -0.0158451 150.893 0.465113 -0.884924 0.0240847 178.776 -0.0252338 0.0139426 0.999584 0.155886
-0.886875 -0.461773 -0.0148175 149.356 0.461451 -0.886923 0.0207615 179.559 -0.0227291 0.0115753 0.999675 0.104163
-0.888062 -0.459578 -0.0115929 147.801 0.459268 -0.888022 0.0221478 180.37 -0.0204734 0.0143444 0.999688 0.0830114
-0.888577 -0.458573 -0.0119221 146.226 0.458443 -0.888641 0.0121419 181.239 -0.0161624 0.00532339 0.999855 0.0560158
-0.889234 -0.457381 -0.00820143 144.682 0.457303 -0.889257 0.00978178 182.139 -0.0117672 0.00494774 0.999919 0.0131803
-0.887798 -0.460167 -0.00778826 143.153 0.460113 -0.887826 0.00786291 182.827 -0.0105329 0.00339719 0.999939 0.0267183
-0.885477 -0.464581 -0.00972466 141.609 0.464533 -0.885529 0.00688401 183.571 -0.0118096 0.00157821 0.999929 0.0313034
-0.883749 -0.467913 -0.00669082 140.191 0.467804 -0.883732 0.0132988 184.352 -0.0121356 0.00862277 0.999889 0.0333912
-0.881424 -0.472298 -0.00511326 138.65 0.472229 -0.881411 0.0106647 185.178 -0.00954381 0.00698551 0.99993 0.0246835
-0.881203 -0.472686 -0.0070213 137.185 0.472616 -0.881215 0.00972479 186.028 -0.010784 0.00525113 0.999928 0.0223426
-0.882995 -0.469294 -0.00910401 135.78 0.469125 -0.882987 0.0159721 186.86 -0.0155344 0.0098324 0.999831 -0.00477054
-0.884923 -0.465713 -0.00488714 134.24 0.465617 -0.884882 0.0136131 187.583 -0.0106643 0.00977101 0.999895 0.0239298
-0.889067 -0.457761 -0.00392366 132.796 0.457736 -0.889068 0.00602371 188.228 -0.00624582 0.00355946 0.999974 0.050011
-0.893361 -0.449311 -0.0051156 131.37 0.449304 -0.893375 0.00252974 188.926 -0.00570679 -3.84858e-05 0.999984 0.0835861
-0.896947 -0.442001 -0.0110534 129.954 0.442053 -0.896986 -0.00267342 189.631 -0.00873306 -0.0072841 0.999935 0.101558
-0.900361 -0.434889 -0.0149288 128.506 0.435036 -0.900372 -0.00859778 190.306 -0.00970243 -0.0142357 0.999852 0.0871297
-0.902535 -0.43039 -0.0139798 127.111 0.430549 -0.902493 -0.0116086 190.986 -0.00762047 -0.0164962 0.999835 0.0751181
-0.903517 -0.428249 -0.0161222 125.742 0.4285 -0.903356 -0.0183058 191.729 -0.00672471 -0.0234479 0.999703 0.0601337
-0.90304 -0.429141 -0.0188929 123.769 0.429496 -0.902779 -0.0228736 192.554 -0.00724013 -0.0287702 0.99956 0.0958301
-0.899816 -0.435789 -0.0204803 121.989 0.436167 -0.899631 -0.020547 193.368 -0.00947052 -0.0274213 0.999579 0.135962
-0.8962 -0.443251 -0.0188147 120.231 0.443596 -0.895945 -0.0224751 194.236 -0.00689487 -0.0284883 0.99957 0.159787
-0.891694 -0.452191 -0.0201536 118.685 0.452577 -0.891428 -0.0230555 195.096 -0.00753995 -0.0296795 0.999531 0.131073
-0.885511 -0.464206 -0.0195945 117.249 0.464569 -0.885247 -0.0226581 195.735 -0.00682801 -0.029167 0.999551 0.191033
-0.876477 -0.480959 -0.0216019 115.577 0.481334 -0.876353 -0.0179969 196.627 -0.0102751 -0.0261716 0.999605 0.200345
-0.865782 -0.499903 -0.0227636 114.167 0.500253 -0.865774 -0.0134903 197.418 -0.0129643 -0.0230672 0.99965 0.219068
-0.852081 -0.523038 -0.0197196 112.823 0.523304 -0.852061 -0.0120492 198.271 -0.0105001 -0.0205863 0.999733 0.239726
-0.841525 -0.540203 -0.0039429 111.595 0.540208 -0.841446 -0.0119891 199.143 0.00315882 -0.0122191 0.99992 0.206002
-0.809101 -0.587589 0.00968356 110.397 0.587297 -0.809065 -0.0222554 199.911 0.0209117 -0.0123197 0.999705 0.257628
-0.717829 -0.696199 0.00533413 109.265 0.696098 -0.717826 -0.0131603 200.904 0.0129912 -0.0057338 0.999899 0.287099
-0.560916 -0.827872 -0.000165264 108.32 0.827865 -0.560912 0.0041635 202.218 -0.00353955 0.00219856 0.999991 0.313018
-0.316514 -0.948574 0.00524419 107.651 0.948546 -0.316442 0.0112058 203.845 -0.00897004 0.00852115 0.999923 0.275358
-0.00581159 -0.999945 0.00870676 107.496 0.999979 -0.00578537 0.00303242 205.968 -0.00298189 0.00872419 0.999958 0.244421
0.219102 -0.975519 0.0188787 107.918 0.975688 0.21916 0.00100717 207.73 -0.00511997 0.0181991 0.999821 0.247972
0.346053 -0.938009 0.0196503 108.453 0.938188 0.346125 0.00025563 209.209 -0.00704124 0.0183472 0.999807 0.265683
0.424872 -0.904942 0.0237231 109.271 0.905205 0.424975 -0.000785432 210.908 -0.00937097 0.021808 0.999718 0.283203
0.465457 -0.884672 0.0265784 110.136 0.884981 0.465627 0.000238949 212.618 -0.012587 0.0234101 0.999647 0.227755
0.484216 -0.874538 0.026791 111.119 0.8749 0.484284 -0.00431813 214.54 -0.00919808 0.0255303 0.999632 0.156118
0.489126 -0.871848 0.0252498 111.84 0.872165 0.489199 -0.0036049 215.777 -0.00920926 0.0237852 0.999675 0.218709
0.490899 -0.870832 0.0258962 112.574 0.871095 0.491109 0.00206847 217.079 -0.0145192 0.0215427 0.999663 0.230781
0.489642 -0.871267 0.0338249 113.314 0.871779 0.489898 -0.000840703 218.455 -0.0158383 0.0298995 0.999427 0.192705
0.486968 -0.872754 0.0341034 114.108 0.87337 0.486988 -0.00829196 219.936 -0.00937108 0.0338228 0.999384 0.145631
0.486524 -0.873393 0.0218831 114.934 0.873659 0.486476 -0.00782979 221.539 -0.00380711 0.0229277 0.99973 0.111231
0.486899 -0.873213 0.0206961 115.786 0.873302 0.487123 0.00737061 223 -0.0165176 0.0144852 0.999759 0.172364
0.486597 -0.872784 0.0383517 116.68 0.873334 0.487101 0.0045 224.57 -0.0226087 0.0313041 0.999254 0.122202
0.485163 -0.873591 0.0381676 117.561 0.874348 0.485232 -0.00804482 226.173 -0.0114923 0.0372748 0.999239 0.104308
0.483533 -0.87475 0.0317353 118.485 0.875315 0.483392 -0.0124918 227.851 -0.00441341 0.0338186 0.999418 0.116032
0.482946 -0.875118 0.0305254 119.385 0.875578 0.48306 -0.00400899 229.607 -0.0112373 0.0286635 0.999526 0.0805772
0.484123 -0.874241 0.0364428 120.37 0.874752 0.484557 0.00363456 231.431 -0.0208361 0.0301188 0.999329 -0.00157495
0.484949 -0.873693 0.038529 121.329 0.874386 0.485225 -0.00245406 233.152 -0.0165512 0.0348793 0.999254 0.0442262
0.484452 -0.873939 0.0392084 122.317 0.874743 0.484511 -0.00862354 234.928 -0.0114604 0.0384749 0.999194 0.0582273
0.482837 -0.874791 0.040122 123.317 0.875598 0.483001 -0.00614863 236.726 -0.0140002 0.0380996 0.999176 0.0649169
0.479295 -0.876429 0.0463503 124.322 0.877474 0.479597 -0.00508942 238.616 -0.0177689 0.0431105 0.998912 0.00800809
0.477417 -0.877472 0.0460013 125.311 0.878646 0.477187 -0.016563 240.474 -0.00741768 0.0483262 0.998804 -0.0190697
0.475093 -0.879131 0.0376181 126.31 0.879919 0.474914 -0.014126 242.405 -0.00544673 0.039812 0.999192 -0.0598919
0.471337 -0.881393 0.0314309 127.316 0.88187 0.471482 -0.00310891 244.244 -0.0120789 0.0291833 0.999501 0.0238444
0.468957 -0.882639 0.0320543 128.296 0.883085 0.469212 0.000504062 246.103 -0.0154851 0.0280703 0.999486 0.0623103
0.468499 -0.882652 0.0378623 129.265 0.883343 0.468713 -0.00356224 247.924 -0.0146023 0.0351143 0.999277 0.0452108
0.468086 -0.882913 0.0368863 130.229 0.883643 0.468054 -0.0100475 249.763 -0.00839373 0.0372974 0.999269 0.0295942
0.468134 -0.88321 0.0281197 131.225 0.883628 0.468141 -0.00673545 251.659 -0.00721518 0.0280005 0.999582 0.0180453
0.468958 -0.882822 0.026537 132.156 0.883158 0.46907 -0.00223244 253.528 -0.0104768 0.0244833 0.999645 -0.0557145
0.469421 -0.8827 0.0220059 133.121 0.882873 0.469599 0.00343807 255.319 -0.0133687 0.0178145 0.999752 0.0337813
0.469838 -0.882319 0.0276742 134.055 0.882543 0.470179 0.00705629 257.107 -0.0192377 0.0211084 0.999592 0.0280354
0.470261 -0.882169 0.0251606 134.98 0.882454 0.470398 -0.000522714 258.871 -0.0113744 0.0224489 0.999683 0.0350073
0.470996 -0.882001 0.0154169 135.951 0.882102 0.471058 0.000426847 260.753 -0.00763871 0.0133982 0.999881 0.0129241
0.471407 -0.881754 0.0168712 136.867 0.881882 0.47147 -0.000313929 262.526 -0.00767746 0.0150264 0.999858 -0.0116353
0.471024 -0.881992 0.0150701 137.856 0.882065 0.471117 0.00315474 264.429 -0.00988226 0.0118069 0.999881 -0.0655338
0.47072 -0.882083 0.0187926 138.842 0.882218 0.470836 0.00207327 266.256 -0.0106771 0.0156033 0.999821 -0.0248689
0.471995 -0.881483 0.014423 139.798 0.881532 0.4721 0.00480118 268.034 -0.0110413 0.0104482 0.999884 0.00815228
0.472098 -0.881386 0.0167942 140.772 0.881464 0.472229 0.0046529 269.87 -0.0120317 0.0126069 0.999848 0.00272533
0.472573 -0.881074 0.0195704 141.767 0.881204 0.472723 0.00362596 271.725 -0.0124461 0.0155319 0.999802 -0.0162374
0.472335 -0.881257 0.0169168 142.759 0.881396 0.472375 -0.00175675 273.638 -0.00644292 0.0157401 0.999855 -0.0664938
0.472008 -0.881489 0.0136008 143.815 0.881544 0.47209 0.00337924 275.661 -0.00939955 0.0103946 0.999902 -0.118179
0.471922 -0.88155 0.0125811 144.786 0.881497 0.472055 0.0113045 277.474 -0.0159045 0.00575535 0.999857 -0.0389109
0.471145 -0.881893 0.0169567 145.768 0.881857 0.47136 0.0121405 279.353 -0.0186993 0.00923349 0.999783 0.00278882
0.47044 -0.882161 0.0218581 146.812 0.882314 0.470637 0.00465904 281.3 -0.0143973 0.0170939 0.99975 -0.000222599
0.469565 -0.882674 0.0198561 147.806 0.882808 0.46972 0.00371735 283.196 -0.012608 0.0157835 0.999796 -0.0246835
0.469125 -0.882833 0.0229856 148.8 0.882942 0.469405 0.00853096 285.061 -0.0183209 0.0162928 0.999699 -0.0253171
0.468562 -0.882896 0.0307448 149.83 0.88326 0.468872 0.00335286 286.98 -0.0173756 0.0255847 0.999522 -0.140503
0.467684 -0.883366 0.0305854 150.794 0.883846 0.467744 -0.00562235 288.859 -0.00933955 0.0296623 0.999516 -0.0468353
0.466537 -0.883875 0.0332886 151.694 0.88441 0.4667 -0.00316046 290.619 -0.0127423 0.0309153 0.999441 0.00575706
0.464816 -0.884623 0.0372685 152.654 0.885227 0.465159 0.000595016 292.463 -0.0178621 0.0327145 0.999305 0.0337538
0.462925 -0.885102 0.0478997 153.562 0.88617 0.463353 -0.00241613 294.217 -0.0200559 0.0435658 0.998849 -0.0051655
0.461994 -0.885574 0.0481683 154.494 0.886714 0.462286 -0.0055623 295.947 -0.0173417 0.0452812 0.998824 -0.0579722
0.460117 -0.886774 0.0438659 155.382 0.887746 0.460284 -0.00682971 297.651 -0.0141344 0.0420842 0.999014 -0.15165
0.459115 -0.887206 0.0456017 156.185 0.888236 0.459351 -0.00578341 299.317 -0.0158161 0.0431603 0.998943 -0.0716782
0.459451 -0.887082 0.0446225 157.002 0.888092 0.459609 -0.00724377 300.956 -0.0140831 0.042957 0.998978 -0.0187006
0.461939 -0.885848 0.0434272 157.797 0.88682 0.462042 -0.00823939 302.508 -0.0127663 0.0423182 0.999023 0.009171
0.465307 -0.883923 0.0465839 158.603 0.885028 0.465471 -0.007931 304.068 -0.014673 0.0449184 0.998883 -0.0111904
0.468546 -0.882178 0.0471796 159.331 0.883275 0.468818 -0.00581033 305.44 -0.0169929 0.044395 0.99887 -0.048701
0.472023 -0.880293 0.0477211 160.108 0.881371 0.472411 -0.00351464 306.795 -0.01945 0.043719 0.998855 -0.121996
0.477197 -0.877325 0.0508396 161.069 0.878538 0.477661 -0.00337895 308.631 -0.0213197 0.046277 0.998701 -0.0460428
0.481857 -0.875207 0.0427382 161.966 0.876112 0.482074 -0.00576327 310.314 -0.0155589 0.0402205 0.99907 -0.0107898
0.481396 -0.875123 0.0491665 162.791 0.876156 0.482026 0.00107925 311.756 -0.024644 0.042558 0.99879 -0.0290007
0.467445 -0.882727 0.0478392 163.511 0.883844 0.467751 -0.0052785 313.109 -0.0177174 0.0447498 0.998841 -0.0954166
0.409685 -0.911295 0.041239 164.137 0.912136 0.409864 -0.00439446 314.754 -0.0128977 0.0394159 0.99914 0.0185022
0.293858 -0.954811 0.0445276 164.597 0.955704 0.294305 0.00368445 316.4 -0.0166226 0.0414725 0.999001 0.120976
0.115155 -0.99259 0.0387818 164.793 0.993094 0.11592 0.0180955 318.147 -0.022457 0.0364302 0.999084 0.144075
-0.165513 -0.985807 0.0280921 164.559 0.985677 -0.164423 0.0374806 320.308 -0.0323297 0.0338933 0.998902 0.101122
-0.410151 -0.910863 0.0458785 163.89 0.911558 -0.407829 0.0523143 322.124 -0.0289405 0.0632777 0.997576 0.0518908
-0.589785 -0.805777 0.053643 163.08 0.807527 -0.58785 0.0483064 323.373 -0.00739017 0.0718085 0.997391 -0.0641476
-0.743889 -0.665656 0.0594282 161.853 0.66827 -0.741794 0.0561898 324.462 0.00668033 0.081513 0.99665 0.063508
-0.84346 -0.536475 0.0277315 160.45 0.537191 -0.842289 0.0444322 325.317 -0.000478803 0.052374 0.998627 0.117911
-0.889453 -0.456935 0.00913093 158.883 0.456923 -0.88865 0.0390051 326.052 -0.00970857 0.0388654 0.999197 0.113355
-0.903563 -0.428205 0.0146493 157.234 0.428453 -0.903141 0.0276541 326.793 0.00138878 0.0312638 0.99951 0.0800276
-0.904055 -0.426469 0.0284315 155.513 0.427104 -0.903937 0.0219461 327.631 0.0163409 0.0319836 0.999355 -0.0347363
-0.902138 -0.430868 0.0223815 153.572 0.431356 -0.901807 0.0260178 328.527 0.00897354 0.033126 0.999411 0.134267
-0.898721 -0.438101 0.0192079 151.497 0.438414 -0.898609 0.0171991 329.378 0.00972539 0.0238781 0.999668 0.19366
-0.89512 -0.445632 0.0131806 150.091 0.445786 -0.895047 0.0129232 330.051 0.00603827 0.0174435 0.99983 0.212293
-0.891972 -0.451997 0.00927551 148.703 0.452092 -0.891805 0.0172374 330.788 0.000480692 0.0195686 0.999808 0.163491
-0.889568 -0.45658 0.0142888 147.258 0.456782 -0.889393 0.0181467 331.59 0.00442298 0.0226696 0.999733 0.0729912
-0.886909 -0.461885 0.00735322 145.705 0.461943 -0.886766 0.0159729 332.322 -0.000857058 0.0175633 0.999845 0.181505
-0.88446 -0.466615 -0.000344238 144.065 0.466477 -0.884216 0.0236968 333.106 -0.0113617 0.0207983 0.999719 0.206744
-0.881974 -0.471295 -0.00152238 142.496 0.471034 -0.881586 0.0305459 333.922 -0.0157382 0.0262236 0.999532 0.216281
-0.880125 -0.474717 0.00494527 140.866 0.474652 -0.879706 0.0286813 334.808 -0.00926513 0.0275904 0.999576 0.148741
-0.880829 -0.473413 0.00458971 139.314 0.473353 -0.880452 0.0272339 335.673 -0.00885185 0.0261609 0.999619 0.0259674
-0.881624 -0.471948 0.0020623 137.598 0.471836 -0.881301 0.0260281 336.534 -0.0104664 0.0239201 0.999659 0.147718
-0.882309 -0.470668 -0.0017758 135.934 0.470495 -0.882075 0.024048 337.376 -0.012885 0.0203822 0.999709 0.201834
-0.882787 -0.469767 -0.00250411 134.354 0.469558 -0.882529 0.0256424 338.188 -0.0142559 0.021461 0.999668 0.236102
-0.883638 -0.468167 -0.00200844 132.699 0.468027 -0.883464 0.021011 339.066 -0.0116111 0.0176261 0.999777 0.22045
-0.886155 -0.463347 -0.00620056 131.124 0.463213 -0.886108 0.0156778 339.914 -0.0127586 0.0110208 0.999858 0.135607
-0.89055 -0.454809 -0.00829999 129.48 0.454593 -0.890484 0.0196028 340.779 -0.0163065 0.0136842 0.999773 0.0338195
-0.893123 -0.449804 -0.00295319 127.849 0.449638 -0.892938 0.0220829 341.484 -0.01257 0.0183949 0.999752 0.151962
-0.894682 -0.446701 -0.00165461 126.211 0.44663 -0.894595 0.0148545 342.296 -0.00811574 0.0125511 0.999888 0.224286
-0.89533 -0.445344 -0.00728602 124.591 0.445244 -0.895328 0.0120529 343.079 -0.0118911 0.00754725 0.999901 0.229488
-0.894408 -0.44722 -0.00535494 122.994 0.447102 -0.894355 0.0151261 343.87 -0.0115539 0.0111347 0.999871 0.206358
-0.89147 -0.453019 -0.00741425 121.416 0.452973 -0.891496 0.00708451 344.671 -0.00981919 0.00295715 0.999947 0.149916
-0.887819 -0.460115 -0.00846766 119.826 0.460065 -0.887856 0.00727143 345.495 -0.0108638 0.00256003 0.999938 0.0383915
-0.883468 -0.468365 -0.0108581 118.241 0.468328 -0.883535 0.00592653 346.273 -0.0123693 0.000150748 0.999924 0.156817
-0.878529 -0.477602 -0.00906811 116.651 0.477543 -0.878572 0.00799517 347.109 -0.0117855 0.00269358 0.999927 0.212709
-0.873446 -0.48686 -0.00777814 115.17 0.486825 -0.873479 0.00600447 347.925 -0.00971737 0.00145798 0.999952 0.234165
-0.868822 -0.495045 -0.00895685 113.634 0.49502 -0.868868 0.00492585 348.76 -0.0102208 -0.000154156 0.999948 0.224492
-0.864182 -0.503044 -0.0117082 112.107 0.503025 -0.864259 0.00468875 349.632 -0.0124776 -0.00183761 0.99992 0.167329
-0.860263 -0.509705 -0.0121924 110.664 0.50964 -0.860349 0.00819702 350.536 -0.0146678 0.000837872 0.999892 0.0294022
-0.857935 -0.513686 -0.00859214 109.168 0.513584 -0.85796 0.0116679 351.369 -0.0133653 0.00559749 0.999895 0.13835
-0.856941 -0.515396 -0.00449221 107.784 0.515324 -0.85692 0.0113469 352.167 -0.00969763 0.00740867 0.999926 0.223601
-0.856704 -0.515798 -0.00317237 106.51 0.515736 -0.856671 0.0114141 352.949 -0.00860505 0.00814239 0.99993 0.266511
-0.858604 -0.512636 -0.00186758 105.28 0.512571 -0.858543 0.0132064 353.689 -0.00837347 0.0103817 0.999911 0.249116
-0.865104 -0.501588 -0.00236315 103.575 0.501457 -0.864969 0.0192278 354.697 -0.0116885 0.015449 0.999812 0.181156
-0.874492 -0.484989 0.00704981 102.033 0.485022 -0.874244 0.0212458 355.643 -0.00414075 0.0219986 0.999749 0.0712356
-0.885146 -0.465283 0.0053256 100.393 0.46529 -0.884932 0.0199936 356.452 -0.00458988 0.0201752 0.999786 0.213361
-0.894087 -0.447729 0.0121139 98.8304 0.447878 -0.893953 0.015949 357.226 0.00368841 0.0196853 0.999799 0.270741
-0.902061 -0.431377 0.0141629 97.2587 0.43152 -0.902055 0.0093391 357.93 0.00874702 0.014536 0.999856 0.284583
-0.908171 -0.418301 0.0158007 95.6127 0.418468 -0.908184 0.00928358 358.696 0.0104666 0.0150432 0.999832 0.274466
-0.912463 -0.408802 0.0171025 93.9196 0.408869 -0.912593 0.000435861 359.49 0.0154294 0.00739039 0.999854 0.141321
-0.913446 -0.406614 0.0167944 92.1707 0.406684 -0.913568 0.000842144 360.242 0.0150004 0.00759926 0.999859 0.306405
-0.912773 -0.40846 -0.00217324 90.269 0.408457 -0.912776 0.00183502 361.058 -0.00273321 0.000787299 0.999996 0.371303
-0.909553 -0.415353 -0.0139638 88.2799 0.41539 -0.909643 0.000250623 361.918 -0.0128062 -0.00557244 0.999902 0.37435
-0.906256 -0.422726 -0.00141632 86.9393 0.422714 -0.906192 -0.0113394 362.52 0.00351002 -0.0108751 0.999935 0.290514
-0.902693 -0.429861 -0.019111 85.5009 0.429983 -0.902833 -0.00259367 363.254 -0.0161392 -0.0105587 0.999814 0.160185
-0.899615 -0.436289 -0.0185624 84.0089 0.436329 -0.899785 0.00207658 363.924 -0.0176082 -0.00623119 0.999826 0.245396
-0.896234 -0.443581 0.000314806 82.5063 0.443548 -0.896176 -0.0115402 364.619 0.00540115 -0.0102031 0.999933 0.31171
-0.89166 -0.452336 -0.0183145 80.9027 0.452661 -0.891413 -0.0219426 365.387 -0.00640039 -0.0278556 0.999592 0.303551
-0.88526 -0.464803 -0.0165293 79.294 0.465082 -0.884953 -0.0235871 366.198 -0.00366433 -0.0285683 0.999585 0.259859
-0.878124 -0.478396 0.00593624 77.6488 0.478197 -0.878014 -0.0204807 367.072 0.01501 -0.0151459 0.999773 0.240894
-0.872259 -0.489009 -0.00592639 75.9721 0.489029 -0.872069 -0.018612 368.049 0.00393321 -0.0191327 0.999809 0.133118
-0.865893 -0.500115 -0.0107125 74.2866 0.500173 -0.865919 -0.00342155 368.983 -0.00756503 -0.00832083 0.999937 0.241901
-0.862901 -0.505363 -0.00314988 72.5699 0.505369 -0.862902 -0.00140612 369.945 -0.00200744 -0.0028052 0.999994 0.33024
-0.862494 -0.506054 -0.00386166 70.8405 0.506049 -0.862502 0.00213618 370.937 -0.0044117 -0.000111746 0.99999 0.350912
-0.862722 -0.505576 -0.0102229 69.0756 0.505578 -0.862777 0.00254234 371.959 -0.0101054 -0.00297514 0.999945 0.346897
-0.866246 -0.499502 -0.0107747 67.3633 0.499476 -0.866312 0.00521768 372.969 -0.0119405 -0.000861904 0.999928 0.260936
-0.870594 -0.49199 0.00359644 65.6753 0.491996 -0.870597 0.00100637 373.966 0.00263592 0.00264556 0.999993 0.146142
-0.873348 -0.487096 0.000996122 63.9369 0.487097 -0.873346 0.00186143 374.898 -3.67407e-05 0.00211089 0.999998 0.287367
-0.876044 -0.482204 -0.00512989 62.1752 0.48217 -0.876053 0.00659021 375.852 -0.00767188 0.00329982 0.999965 0.346848
-0.877583 -0.479406 -0.00424543 60.4721 0.479409 -0.877592 0.000459439 376.737 -0.00394602 -0.00163211 0.999991 0.369063
-0.879964 -0.475028 -0.00345977 58.7457 0.475039 -0.879954 -0.0043674 377.658 -0.000969795 -0.00548669 0.999984 0.378955
-0.882148 -0.470915 -0.00733227 57.0222 0.470926 -0.882173 0.000215791 378.626 -0.00656995 -0.00326261 0.999973 0.328456
-0.885539 -0.464386 -0.0129034 55.3286 0.464351 -0.885633 0.00577961 379.603 -0.0141116 -0.000873636 0.9999 0.22136
-0.888704 -0.458441 -0.00614104 53.6413 0.458414 -0.888723 0.00529137 380.41 -0.00788347 0.00188732 0.999967 0.335671
