0.485763 -0.873752 0.024332 0.691496 0.87403 0.485869 -0.00174955 0.550145 -0.0102935 0.0221168 0.999702 0.784093
0.484701 -0.874323 0.0250082 0.879841 0.874616 0.484813 -0.00176166 0.848819 -0.010584 0.0227264 0.999686 0.781628
0.482991 -0.875249 0.0256924 1.15381 0.875556 0.483115 -0.00156575 1.30986 -0.011042 0.0232514 0.99967 0.769026
0.481397 -0.876102 0.0265256 1.60575 0.876429 0.48153 -0.00156358 2.10888 -0.011403 0.0240005 0.999649 0.760728
0.47961 -0.877083 0.0264812 2.06589 0.877418 0.479724 -0.00232886 2.92932 -0.0106611 0.024352 0.999649 0.763205
0.478171 -0.877905 0.0252711 2.5104 0.878228 0.478228 -0.00415953 3.74178 -0.0084337 0.0241827 0.999675 0.762485
0.476796 -0.878733 0.02229 2.9472 0.878994 0.476814 -0.00488646 4.56242 -0.00633436 0.0219226 0.999743 0.771879
0.475484 -0.879529 0.0186613 3.37845 0.879713 0.475495 -0.00421162 5.37923 -0.00516919 0.0184191 0.999822 0.774025
0.474217 -0.880257 0.0164698 3.81141 0.880397 0.47424 -0.00283285 6.20499 -0.00531708 0.0158433 0.999866 0.772902
0.473069 -0.880877 0.0163713 4.24736 0.881007 0.473114 -0.00141896 7.03271 -0.00649563 0.0150944 0.999871 0.767659
0.472046 -0.88142 0.0167609 4.67606 0.88155 0.472108 -0.000462328 7.8575 -0.00750555 0.0149937 0.999867 0.762079
0.470893 -0.882013 0.0179969 5.10356 0.882166 0.470959 -0.000796147 8.67807 -0.0077737 0.016251 0.999847 0.755305
0.469806 -0.882564 0.0193969 5.53426 0.882749 0.469868 -0.00166972 9.4941 -0.00764042 0.0179067 0.999821 0.755128
0.468984 -0.882982 0.0202541 5.97178 0.883188 0.469046 -0.00209354 10.3136 -0.00765164 0.0188697 0.999804 0.759389
0.468428 -0.883267 0.0207349 6.41302 0.883472 0.468519 -0.000790072 11.1377 -0.00901695 0.0186884 0.999798 0.763021
0.468254 -0.88333 0.0219726 6.85573 0.883531 0.468408 0.00187788 11.9644 -0.011951 0.0185337 0.999772 0.751096
0.468802 -0.883007 0.0232607 7.30546 0.88319 0.469032 0.0050616 12.7992 -0.0153795 0.0181702 0.999733 0.73892
0.470099 -0.882271 0.0250071 7.76219 0.88245 0.470398 0.0072047 13.6394 -0.0181199 0.0186801 0.999679 0.720532
0.471828 -0.881297 0.0267386 8.21387 0.88151 0.472161 0.00722707 14.4724 -0.0189942 0.0201598 0.999636 0.709617
0.473641 -0.880307 0.0273343 8.65413 0.880582 0.473929 0.00451482 15.3088 -0.016929 0.021931 0.999638 0.709291
0.475308 -0.879447 0.0260991 9.08563 0.879751 0.475496 0.00079592 16.1563 -0.0131101 0.0225818 0.999682 0.707326
0.476603 -0.878817 0.0236081 9.52201 0.879095 0.47671 -0.00163512 17.0103 -0.00981739 0.0215324 0.999745 0.705657
0.477263 -0.878498 0.0221352 9.9699 0.878742 0.477368 -0.00111071 17.8753 -0.00959108 0.0199806 0.999781 0.707787
0.477448 -0.878356 0.0237802 10.4366 0.878608 0.477619 0.00129969 18.7465 -0.0124996 0.0202722 0.999745 0.69538
0.477007 -0.878439 0.0290326 10.9137 0.878803 0.477265 0.00186574 19.6143 -0.0154952 0.0246229 0.999608 0.681549
0.475757 -0.878879 0.0355185 11.3901 0.879463 0.476055 -0.000398973 20.4945 -0.016558 0.0314256 0.999402 0.672006
0.474147 -0.879512 0.0409873 11.8606 0.880356 0.474388 -0.00455291 21.3662 -0.0154393 0.0382403 0.999185 0.663025
0.472243 -0.880464 0.0425436 12.3217 0.881423 0.472358 -0.00822562 22.2437 -0.0128532 0.0413813 0.999098 0.659479
0.470595 -0.88137 0.042081 12.7973 0.882334 0.470623 -0.0101627 23.1185 -0.0108469 0.0419098 0.999102 0.660608
0.469203 -0.88223 0.0395537 13.2809 0.883082 0.469247 -0.00908916 24.008 -0.0105416 0.0391918 0.999217 0.658316
0.467995 -0.883044 0.0355342 13.7553 0.883718 0.468107 -0.00605209 24.9001 -0.0112895 0.0342327 0.999393 0.666798
0.466969 -0.883681 0.0332038 14.2229 0.884239 0.467161 -0.00267069 25.8029 -0.0131515 0.0306055 0.99949 0.666346
0.466408 -0.88399 0.032909 14.696 0.884488 0.466704 0.000980653 26.6935 -0.0162256 0.0286485 0.999505 0.665453
0.466165 -0.884089 0.033741 15.1617 0.884544 0.466583 0.00472141 27.5736 -0.019917 0.0276426 0.999469 0.648362
0.466277 -0.88402 0.0340634 15.6293 0.884418 0.466787 0.00783822 28.4624 -0.0228293 0.0264697 0.99944 0.632159
0.466489 -0.883967 0.0325589 16.0997 0.884284 0.467013 0.00977574 29.3592 -0.0238467 0.0242293 0.999476 0.628523
0.466957 -0.883788 0.0307282 16.5601 0.884069 0.467433 0.00953928 30.2486 -0.022794 0.0227099 0.999538 0.617164
0.467 -0.883842 0.0284923 17.0117 0.884107 0.467397 0.00810378 31.1311 -0.0204797 0.0214044 0.999619 0.606119
0.466379 -0.884216 0.0271238 17.4652 0.884474 0.466728 0.00709709 32.0213 -0.0189348 0.0206791 0.999667 0.589849
0.465369 -0.884748 0.0271949 17.9241 0.885018 0.46571 0.00666128 32.9151 -0.0185585 0.0209666 0.99967 0.571364
0.464556 -0.885178 0.0271794 18.3888 0.885452 0.464896 0.0066034 33.8094 -0.0184808 0.020997 0.999674 0.574531
0.463934 -0.885542 0.0260227 18.8457 0.885809 0.464235 0.00572252 34.693 -0.0171482 0.020395 0.999713 0.574682
0.463472 -0.885845 0.0239612 19.2917 0.886095 0.463715 0.00441004 35.5719 -0.0150179 0.0191868 0.999774 0.575827
0.46311 -0.88607 0.0227202 19.7417 0.886311 0.463318 0.00356131 36.4429 -0.0136825 0.0184869 0.99981 0.572806
0.463099 -0.886063 0.0233322 20.198 0.886313 0.463323 0.00388269 37.3086 -0.0142508 0.0188804 0.999798 0.565313
0.462962 -0.886069 0.0258364 20.6461 0.88636 0.463237 0.00454368 38.1763 -0.0159944 0.0207953 0.999736 0.556442
0.462933 -0.886002 0.0286298 21.0943 0.886345 0.46327 0.00521206 39.0355 -0.0178811 0.0229611 0.99966 0.549033
0.462773 -0.885989 0.0315836 21.5464 0.886412 0.463156 0.00486967 39.889 -0.0189423 0.0257402 0.999576 0.542619
0.462466 -0.886083 0.0334745 21.9963 0.886562 0.462881 0.00468968 40.7372 -0.0196497 0.0275057 0.999519 0.533157
0.461831 -0.886322 0.0359426 22.4403 0.886875 0.462293 0.00460755 41.5888 -0.0206991 0.0297455 0.999437 0.515119
0.460756 -0.88675 0.03912 22.8739 0.887376 0.461328 0.00590854 42.4478 -0.0232857 0.0319881 0.999314 0.508863
0.459558 -0.887265 0.0415569 23.3127 0.887916 0.460264 0.00818347 43.3127 -0.0263869 0.0331341 0.999204 0.496388
0.458325 -0.887823 0.0433195 23.7499 0.888506 0.459117 0.00930046 44.1778 -0.0281445 0.0342224 0.999123 0.49155
0.457109 -0.888525 0.0418373 24.1524 0.889284 0.457693 0.00443566 45.0178 -0.0230886 0.0351731 0.999223 0.487356
0.456384 -0.889034 0.0389116 24.5586 0.889793 0.456736 -0.000491478 45.8327 -0.0173344 0.0348432 0.999355 0.480182
0.455697 -0.889615 0.0333946 24.975 0.890231 0.455884 -0.00300591 46.6326 -0.0125495 0.0310951 0.999554 0.482766
0.454961 -0.890183 0.0280005 25.3883 0.890639 0.455104 -0.00234454 47.4381 -0.010656 0.0260024 0.999725 0.47824
0.454181 -0.890679 0.0248308 25.8017 0.891029 0.454359 0.000600394 48.2508 -0.011817 0.0218503 0.999816 0.476247
0.45332 -0.891179 0.0227021 26.2099 0.891442 0.453543 0.00417513 49.0454 -0.0140174 0.0183433 0.999862 0.475572
0.45193 -0.891897 0.0224081 26.6074 0.892115 0.452197 0.00689124 49.8356 -0.0162793 0.0168748 0.999858 0.473935
0.450539 -0.892559 0.0241623 26.9956 0.892788 0.450859 0.00819194 50.6116 -0.0182055 0.0178792 0.999812 0.472296
0.449154 -0.893187 0.0267526 27.3617 0.893471 0.449521 0.00806675 51.3569 -0.0192307 0.020277 0.999751 0.473283
0.448073 -0.893684 0.0283924 27.7223 0.894009 0.448467 0.00784675 52.0831 -0.0197451 0.0218642 0.999712 0.469973
0.447065 -0.894184 0.0287058 28.0756 0.894502 0.447482 0.00862982 52.8098 -0.0205614 0.0218163 0.999701 0.45547
0.445956 -0.894774 0.0276651 28.4274 0.895022 0.446403 0.0110752 53.5394 -0.022259 0.019819 0.999711 0.441273
0.444748 -0.895416 0.026486 28.7707 0.895569 0.445227 0.0143114 54.2558 -0.0246063 0.0173527 0.999707 0.417573
0.443417 -0.896137 0.0245025 29.1013 0.896202 0.443884 0.0166687 54.9513 -0.0258131 0.0145661 0.999725 0.425492
0.442093 -0.896874 0.0214785 29.4263 0.896926 0.442473 0.0156755 55.6231 -0.0235622 0.0123334 0.999816 0.451872
0.440857 -0.897554 0.0185049 29.7425 0.89765 0.441131 0.0120913 56.2717 -0.0190157 0.0112798 0.99993 0.454276
0.440141 -0.897983 0.0146045 30.0602 0.898106 0.44031 0.00809683 56.8988 -0.0137019 0.00955281 1.00004 0.451729
0.439761 -0.898221 0.0113885 30.3568 0.898346 0.439872 0.00588059 57.5109 -0.0102926 0.00764571 1.0001 0.438648
0.439208 -0.898512 0.0101156 30.6452 0.898634 0.439305 0.0055208 58.1059 -0.00940563 0.00666682 1.00012 0.429249
0.438312 -0.898957 0.00994762 30.921 0.899074 0.438411 0.00610658 58.6853 -0.00985199 0.00626853 1.00013 0.44163
0.437625 -0.899268 0.0122731 31.1895 0.899419 0.437736 0.00482753 59.2407 -0.00971474 0.00892676 1.00011 0.461617
0.437947 -0.899075 0.015028 31.468 0.899283 0.438053 0.00202569 59.7789 -0.00840526 0.012627 1.00009 0.48058
0.439848 -0.898131 0.0162826 31.7325 0.89838 0.439923 -0.000864656 60.2964 -0.00638753 0.0150074 1.00007 0.491015
0.443293 -0.896476 0.0142299 31.9919 0.896701 0.443351 -0.00118943 60.8172 -0.00524387 0.013287 1.00011 0.490946
0.447818 -0.894242 0.0135023 32.2372 0.894456 0.447882 -0.000375651 61.3319 -0.00571292 0.0122454 1.00013 0.478292
0.453066 -0.891575 0.0150838 32.477 0.891799 0.453162 0.00129913 61.8347 -0.00799481 0.0128627 1.00011 0.473632
0.4594 -0.888231 0.0202472 32.7257 0.888511 0.45958 0.00343372 62.3129 -0.0123555 0.0164105 1.00002 0.466829
0.467268 -0.884019 0.0243987 32.9835 0.884341 0.467548 0.00566338 62.7759 -0.0164137 0.0189272 0.999917 0.477548
0.478538 -0.877979 0.0242775 33.2392 0.878255 0.478861 0.00813851 63.2137 -0.0187704 0.0174243 0.999907 0.494705
0.493584 -0.86973 0.0198214 33.4871 0.869884 0.493863 0.0109831 63.6323 -0.0193412 0.0118202 0.999982 0.507461
0.510953 -0.859719 0.0164745 33.7496 0.859803 0.511182 0.0128697 64.0401 -0.0194859 0.00758939 1.00002 0.499518
0.531573 -0.847149 0.0155504 34.0219 0.847209 0.531784 0.0137161 64.4272 -0.0198892 0.00588441 1.00003 0.485738
0.555749 -0.831467 0.0171508 34.3004 0.831531 0.555987 0.0138478 64.8013 -0.0210495 0.00656627 1.00001 0.475309
0.581435 -0.813682 0.0189674 34.5932 0.813747 0.581708 0.014179 65.1651 -0.0225702 0.00719085 0.999976 0.47372
0.609527 -0.792822 0.0207989 34.8885 0.792881 0.609838 0.0146637 65.5125 -0.0243089 0.00755321 0.999938 0.472291
0.642966 -0.76594 0.0217731 35.1692 0.765974 0.643296 0.0154703 65.8368 -0.0258548 0.00673095 0.999909 0.478897
0.677285 -0.735757 0.0226013 35.4492 0.735773 0.677626 0.0158715 66.1474 -0.0269916 0.00588038 0.99989 0.47677
0.712779 -0.701456 0.0222567 35.7318 0.701446 0.713097 0.0161382 66.4314 -0.0271902 0.00411011 0.999898 0.474663
0.748722 -0.662988 0.0218548 36.0346 0.662965 0.749012 0.0159888 66.6963 -0.0269687 0.00251965 0.999914 0.47446
0.786715 -0.617489 0.0207763 36.344 0.617463 0.786956 0.0153621 66.9277 -0.0258351 0.000745712 0.999951 0.464705
0.823358 -0.567772 0.0198314 36.6661 0.567746 0.823555 0.0146738 67.1323 -0.0246629 -0.000819006 0.999985 0.46003
0.857857 -0.514227 0.019006 36.9911 0.514201 0.858014 0.0140751 67.2964 -0.0235448 -0.0022972 1.00001 0.438752
0.889429 -0.457507 0.0186849 37.3508 0.457499 0.889562 0.0126014 67.4449 -0.0223863 -0.00265504 1.00004 0.425769
0.917423 -0.398451 0.0187679 37.7248 0.398455 0.917543 0.0113122 67.575 -0.0217275 -0.00289499 1.00006 0.425099
0.941435 -0.337829 0.0197132 38.103 0.337826 0.941558 0.0107444 67.6782 -0.0221906 -0.00345031 1.00006 0.431699
0.961256 -0.276388 0.0211895 38.487 0.276348 0.961392 0.0112991 67.7515 -0.023494 -0.00499995 1.00002 0.436041
0.97687 -0.214644 0.0232013 38.8736 0.214549 0.977029 0.0121844 67.799 -0.025283 -0.00691839 0.999973 0.4243
0.988329 -0.153306 0.0249191 39.2703 0.153178 0.988511 0.0120849 67.822 -0.0264847 -0.00811998 0.999938 0.405781
0.995648 -0.0948034 0.0254432 39.6502 0.0947266 0.995846 0.00908773 67.8135 -0.026198 -0.00663179 0.999961 0.398068
0.999465 -0.0375975 0.0252234 40.0326 0.0375608 0.999656 0.00665438 67.7897 -0.0254638 -0.00569747 0.999991 0.401196
1.00003 0.018364 0.0246823 40.411 -0.018421 1.00019 0.00666641 67.7512 -0.0245637 -0.0071146 1.00001 0.411474
0.997643 0.0719817 0.0237194 40.7945 -0.0720972 0.997752 0.00858657 67.7071 -0.0230477 -0.0102681 1.00002 0.407227
0.993075 0.119815 0.0225128 41.175 -0.119929 0.993145 0.00835104 67.6668 -0.021358 -0.0109843 1.00006 0.361369
0.986619 0.164852 0.0221933 41.5386 -0.164868 0.986718 0.00309381 67.6168 -0.0213879 -0.00670442 1.0001 0.321671
0.978544 0.207507 0.0223601 41.853 -0.207359 0.978669 -0.00514431 67.5743 -0.0229488 0.000400825 1.00009 0.319607
0.969266 0.247358 0.0215753 42.1454 -0.247106 0.969361 -0.0104813 67.5372 -0.0235043 0.00482894 1.00007 0.350418
0.960306 0.28033 0.0193921 42.443 -0.280185 0.960366 -0.00649149 67.5364 -0.0204417 0.000803695 1.00015 0.410911
0.951265 0.309784 0.0172345 42.7906 -0.309776 0.951266 0.000694157 67.5188 -0.0161797 -0.00599238 1.00022 0.428989
0.942578 0.335386 0.0158726 43.1985 -0.335481 0.942482 0.00835441 67.4641 -0.0121595 -0.013189 1.00021 0.395405
0.934381 0.357652 0.0149716 43.6429 -0.357792 0.934192 0.0133843 67.3585 -0.0092025 -0.0178496 1.00018 0.345581
0.926707 0.37727 0.0103502 44.072 -0.377331 0.926495 0.0125496 67.2043 -0.00485882 -0.0155226 1.00025 0.350781
0.919014 0.395778 0.00396166 44.49 -0.395752 0.918813 0.010636 67.0341 0.000564274 -0.0113313 1.00032 0.359766
0.911493 0.412844 -0.0015074 44.9035 -0.412774 0.911323 0.00889025 66.8513 0.00503777 -0.00747149 1.00035 0.350212
0.904394 0.428186 -0.00282714 45.326 -0.428122 0.904243 0.00705871 66.6558 0.00557246 -0.00516496 1.00037 0.325499
0.897567 0.442343 -0.00172367 45.7499 -0.442295 0.897418 0.00543807 66.4467 0.0039463 -0.00411091 1.00039 0.324993
0.891087 0.455278 0.000867093 46.1744 -0.455248 0.89094 0.00335526 66.2276 0.000749816 -0.00337758 1.0004 0.329774
0.885201 0.466626 0.00354893 46.6018 -0.466605 0.885063 0.00086986 65.9937 -0.00273937 -0.00241988 1.00041 0.340317
0.880053 0.476268 0.00524719 47.0516 -0.476247 0.879925 -0.000888029 65.7467 -0.00504365 -0.00171208 1.0004 0.36069
0.875576 0.484458 0.00617607 47.5053 -0.484438 0.875454 -0.00152582 65.5044 -0.00614935 -0.00165085 1.0004 0.3767
0.87214 0.490637 0.00604894 47.9717 -0.490618 0.872018 -0.00182171 65.2511 -0.00617188 -0.00137413 1.00041 0.377312
0.869611 0.495141 0.00466195 48.4568 -0.495122 0.86948 -0.00189681 64.983 -0.00499631 -0.000654385 1.00042 0.378004
0.86719 0.499399 0.00314695 48.9404 -0.499383 0.867053 -0.00176958 64.6951 -0.00361638 -3.29983e-05 1.00043 0.369915
0.864919 0.503349 0.00155205 49.4458 -0.503334 0.864776 -0.00232618 64.3938 -0.00251747 0.00123394 1.00044 0.353601
0.863074 0.506527 0.000555121 49.9765 -0.506514 0.862927 -0.00326525 64.0772 -0.00213749 0.00253925 1.00044 0.341874
0.861435 0.50933 0.000207456 50.5239 -0.509318 0.861285 -0.00380673 63.7462 -0.00212213 0.00317529 1.00045 0.333185
0.860103 0.511594 -0.000184587 51.0915 -0.511582 0.859947 -0.00536111 63.4077 -0.00258837 0.0047061 1.00045 0.327305
0.859297 0.512967 -0.00113753 51.679 -0.512953 0.859117 -0.00848542 63.0502 -0.00337943 0.00787338 1.00043 0.329484
0.85913 0.513265 -0.00169589 52.2757 -0.513249 0.858928 -0.0107795 62.6817 -0.0040797 0.0101281 1.00041 0.332918
0.86009 0.511672 -0.00260112 52.8936 -0.511657 0.859856 -0.0132097 62.3018 -0.00452576 0.0126872 1.00039 0.336457
0.862009 0.508448 -0.00361354 53.5315 -0.508439 0.861743 -0.0151324 61.9207 -0.00458327 0.0148746 1.00036 0.341502
0.86428 0.504593 -0.00445973 54.1786 -0.504591 0.863982 -0.0168949 61.5363 -0.004675 0.0168438 1.00034 0.340124
0.866792 0.50029 -0.00418768 54.8322 -0.500283 0.866488 -0.0173013 61.1581 -0.00503006 0.0170825 1.00034 0.337273
0.869329 0.495894 -0.0036817 55.4972 -0.495873 0.869007 -0.0184846 60.7716 -0.00596962 0.0178847 1.00032 0.332536
0.871832 0.491512 -0.00243391 56.1817 -0.491466 0.871503 -0.0192177 60.3926 -0.00732672 0.0179401 1.00032 0.315615
0.873892 0.487868 0.000361852 56.8853 -0.487791 0.873614 -0.0175204 60.0114 -0.00886549 0.0151249 1.00036 0.304905
0.876015 0.484064 0.00196176 57.5982 -0.483972 0.875762 -0.016811 59.6359 -0.00985708 0.0137682 1.00038 0.308952
0.877926 0.480609 0.00247757 58.3204 -0.480534 0.877708 -0.0143614 59.2514 -0.00907867 0.0114098 1.00042 0.332422
0.879352 0.478022 0.00109828 59.0384 -0.477995 0.879167 -0.00990439 58.8666 -0.00570352 0.00817865 1.00048 0.358568
0.880292 0.476314 -0.000150493 59.7509 -0.476318 0.880136 -0.00410602 58.482 -0.00182862 0.00368332 1.00053 0.378719
0.880933 0.47515 -0.000766301 60.4733 -0.475157 0.880784 0.00116929 58.0766 0.00122361 -0.000665903 1.00054 0.379579
0.881324 0.474447 -0.00083041 61.1966 -0.474449 0.881168 0.00433351 57.6725 0.00277985 -0.00342336 1.00054 0.376896
0.881635 0.473891 -0.000696236 61.926 -0.473895 0.881479 0.00429691 57.2672 0.00264196 -0.00345657 1.00054 0.370412
0.881836 0.47354 0.000712025 62.6532 -0.47355 0.881675 0.0047737 56.8686 0.00162492 -0.00454442 1.00055 0.377407
0.882009 0.473233 0.00261776 63.3838 -0.473254 0.881843 0.00536047 56.4796 0.000220808 -0.00596365 1.00055 0.395761
0.882061 0.473142 0.00475243 64.1145 -0.47318 0.881887 0.00673868 56.1047 -0.00100998 -0.00818804 1.00054 0.417371
0.881901 0.473445 0.00638105 64.8415 -0.473502 0.88171 0.00868766 55.7257 -0.00152038 -0.0106767 1.00052 0.436462
0.881328 0.474523 0.00715657 65.5748 -0.474592 0.881123 0.0100811 55.3509 -0.00152956 -0.0122737 1.00051 0.445227
0.880201 0.476629 0.00744657 66.3093 -0.476704 0.879986 0.0108653 54.9557 -0.00138187 -0.0131052 1.0005 0.448896
0.878447 0.479858 0.00858029 67.0411 -0.479951 0.878223 0.0116415 54.5503 -0.00195678 -0.0143354 1.00049 0.453948
0.875448 0.485263 0.0117456 67.7596 -0.485408 0.875224 0.0122924 54.1521 -0.0043217 -0.0164521 1.00046 0.452842
0.871927 0.491532 0.0136819 68.482 -0.491712 0.871713 0.0121848 53.7448 -0.00594357 -0.0173405 1.00044 0.454917
0.867919 0.49857 0.0145911 69.2179 -0.49877 0.867704 0.0125258 53.323 -0.00642167 -0.0181369 1.00043 0.465293
0.863327 0.506508 0.0143521 69.9378 -0.506702 0.86312 0.0119238 52.9003 -0.00635406 -0.0175547 1.00045 0.481719
0.858207 0.515168 0.01393 70.6474 -0.515355 0.858002 0.0115166 52.4807 -0.00602511 -0.017051 1.00047 0.484449
0.852734 0.524194 0.0140458 71.3465 -0.524387 0.852524 0.0117562 52.0641 -0.00581816 -0.0173785 1.00047 0.48472
0.846756 0.533803 0.0145569 72.0343 -0.534006 0.84655 0.011563 51.6401 -0.00615698 -0.0175524 1.00047 0.485864
0.840477 0.543655 0.0145436 72.7081 -0.543856 0.840281 0.0108747 51.217 -0.00631476 -0.0170377 1.00048 0.495083
0.833935 0.553655 0.0145537 73.3686 -0.553857 0.833742 0.0105794 50.7922 -0.00628284 -0.0168714 1.00049 0.504894
0.827427 0.563355 0.0144891 74.0179 -0.563559 0.82723 0.0106888 50.3611 -0.00597056 -0.0169977 1.0005 0.516125
0.820914 0.57284 0.0137125 74.6607 -0.573034 0.82071 0.0107891 49.9252 -0.00508036 -0.0167028 1.00052 0.528772
0.814642 0.581769 0.0125991 75.2855 -0.581947 0.814428 0.0109716 49.4942 -0.00388553 -0.0162583 1.00054 0.535088
0.808715 0.590013 0.0118457 75.8976 -0.590183 0.808486 0.0116421 49.0599 -0.00271623 -0.0163943 1.00055 0.535441
0.803067 0.597702 0.011424 76.5 -0.597868 0.802836 0.0117031 48.6235 -0.00218506 -0.0162165 1.00056 0.540522
0.797705 0.604851 0.0117637 77.0882 -0.605025 0.797467 0.0120994 48.1748 -0.00207145 -0.0167566 1.00056 0.547211
0.792535 0.611632 0.0115014 77.6689 -0.6118 0.792319 0.0105987 47.7209 -0.00263863 -0.0154251 1.00059 0.558064
0.787856 0.617669 0.01121 78.2535 -0.617827 0.787675 0.00811659 47.2584 -0.00382417 -0.0133111 1.00062 0.569056
0.783974 0.622583 0.0124921 78.8318 -0.62275 0.783821 0.00630875 46.8021 -0.00587042 -0.0127164 1.00062 0.575447
0.781486 0.625692 0.0138452 79.4036 -0.625863 0.781368 0.00419315 46.3459 -0.00819976 -0.0119339 1.00063 0.583594
0.780028 0.627505 0.0148464 79.9634 -0.627671 0.77994 0.00226312 45.8961 -0.0101632 -0.0110766 1.00063 0.59285
0.779571 0.6281 0.0144324 80.5091 -0.628247 0.779495 0.000745324 45.461 -0.0107854 -0.00964212 1.00064 0.596264
0.780027 0.627592 0.0126691 81.0347 -0.627707 0.779944 -0.000828369 45.0282 -0.0104047 -0.00730253 1.00067 0.601078
0.781564 0.62574 0.0103047 81.5461 -0.625833 0.781463 -0.00165317 44.6115 -0.00909148 -0.00515513 1.00071 0.612921
0.784292 0.622354 0.00935986 82.0511 -0.622451 0.784175 -0.00039584 44.214 -0.00759128 -0.00551347 1.00072 0.620045
0.788098 0.617561 0.00852929 82.5511 -0.617659 0.78797 0.000544007 43.8284 -0.00639074 -0.00569467 1.00074 0.62659
0.793509 0.610615 0.00845928 83.0351 -0.610717 0.793375 0.00132414 43.4616 -0.00590905 -0.00621427 1.00075 0.622425
0.800797 0.60104 0.00909471 83.5197 -0.601154 0.800654 0.00289471 43.1202 -0.00554839 -0.00778128 1.00075 0.614833
0.809232 0.589658 0.00919105 84.0054 -0.589778 0.809075 0.00443549 42.7928 -0.00482788 -0.00900476 1.00075 0.61547
0.819505 0.575335 0.00820873 84.4882 -0.575451 0.819327 0.00623958 42.4882 -0.00314398 -0.009831 1.00075 0.618609
0.833014 0.555656 0.00572618 84.956 -0.555748 0.832809 0.00834661 42.2064 -0.000141186 -0.0101287 1.00076 0.623222
0.847298 0.533668 0.00392124 85.4316 -0.533738 0.847073 0.0102148 41.9265 0.0021179 -0.0107407 1.00076 0.62978
0.862719 0.508398 0.00329093 85.9051 -0.508455 0.862483 0.0112362 41.6619 0.00286159 -0.0113592 1.00076 0.633127
0.879457 0.478896 0.00336253 86.3852 -0.478953 0.879225 0.0106198 41.4245 0.00211716 -0.0109428 1.00078 0.628082
0.896793 0.445616 0.00457111 86.8793 -0.445683 0.89657 0.00949056 41.215 0.000119798 -0.0105414 1.00079 0.62605
0.914494 0.408055 0.00758817 87.3648 -0.408149 0.914283 0.00882848 41.0318 -0.00334408 -0.0111633 1.00079 0.620743
0.933729 0.361792 0.0125942 87.8409 -0.361944 0.933543 0.00932155 40.9081 -0.00839031 -0.0132527 1.00074 0.614907
0.951598 0.311583 0.0176773 88.3306 -0.311817 0.951453 0.0107974 40.806 -0.013457 -0.0157749 1.00066 0.620472
0.967522 0.257808 0.0201162 88.8182 -0.258085 0.967407 0.0118698 40.7206 -0.0164005 -0.016663 1.00061 0.630245
0.981341 0.199083 0.0183047 89.3094 -0.19929 0.981237 0.0100968 40.6663 -0.0159513 -0.0135465 1.00067 0.644324
0.991983 0.137048 0.0147405 89.8038 -0.137169 0.991859 0.00809249 40.6383 -0.0135132 -0.0100433 1.00076 0.658654
0.998932 0.0712794 0.0104458 90.2957 -0.0713274 0.998782 0.0061093 40.6525 -0.0100017 -0.00684493 1.00083 0.664313
1.00151 0.00386968 0.00583578 90.783 -0.00387142 1.00134 0.00531015 40.695 -0.00583023 -0.00533936 1.00088 0.671029
0.999415 -0.0653117 0.00155206 91.2567 0.0653408 0.999218 0.00645548 40.7677 -0.00198266 -0.00634764 1.0009 0.660661
0.992337 -0.135568 -0.00168857 91.7142 0.135628 0.992137 0.00711134 40.8633 0.000698805 -0.00728206 1.00091 0.636495
0.980189 -0.205787 -0.00283534 92.1665 0.205864 0.979997 0.00653297 40.9776 0.00142104 -0.00698368 1.00092 0.606561
0.96319 -0.27459 -0.00183498 92.6152 0.27467 0.963006 0.00572564 41.1111 0.000182442 -0.00601637 1.00093 0.605675
0.941646 -0.341241 0.00184993 93.0603 0.341311 0.941475 0.00559453 41.2751 -0.00366039 -0.00463572 1.00094 0.614384
0.915885 -0.405279 0.00749633 93.4937 0.405324 0.915754 0.00710264 41.4648 -0.00974831 -0.00346721 1.00092 0.630275
0.886619 -0.465687 0.0140862 93.9093 0.465682 0.886579 0.0103017 41.6804 -0.0172849 -0.00257556 1.00083 0.633751
0.854656 -0.521854 0.0198112 94.2968 0.521767 0.854742 0.0144724 41.9178 -0.0244791 -0.0020344 1.00069 0.642506
0.823666 -0.569434 0.022041 94.6875 0.569218 0.823818 0.0198232 42.1908 -0.0294346 -0.00378182 1.00056 0.642908
0.792529 -0.612032 0.0220861 95.0627 0.611632 0.792675 0.0263075 42.4986 -0.0335934 -0.00733685 1.00042 0.633777
0.762168 -0.649558 0.0189128 95.4196 0.649016 0.762187 0.0317871 42.8328 -0.0350464 -0.0119428 1.00033 0.618977
0.733368 -0.682005 0.0153018 95.7685 0.681416 0.733258 0.0347298 43.164 -0.0348897 -0.0150292 1.00031 0.598677
0.706056 -0.710284 0.0136436 96.1021 0.709752 0.705935 0.0338991 43.516 -0.0336938 -0.014238 1.00037 0.57065
0.682922 -0.732487 0.0172803 96.4247 0.732132 0.683009 0.027552 43.8648 -0.0319694 -0.00616088 1.00052 0.513389
0.664066 -0.749592 0.0190642 96.7691 0.749356 0.664239 0.0237777 44.2203 -0.0304729 -0.00150602 1.00059 0.502432
0.649654 -0.762142 0.0185298 97.1179 0.761918 0.649821 0.0236168 44.5949 -0.0300267 -0.00122667 1.00061 0.50478
0.639018 -0.771128 0.0171348 97.4654 0.770846 0.639147 0.0257267 45.0048 -0.0307756 -0.00323101 1.00059 0.489274
0.634605 -0.774883 0.011556 97.8391 0.774572 0.634559 0.0278669 45.4333 -0.0289134 -0.00872599 1.00062 0.501039
0.632806 -0.776432 0.005935 98.2075 0.776139 0.632588 0.0295051 45.8599 -0.0266518 -0.0140501 1.00064 0.499042
0.634068 -0.775434 0.00338836 98.5869 0.775221 0.633812 0.0277732 46.2855 -0.0236751 -0.0149673 1.00071 0.476735
0.63679 -0.773224 0.00194579 98.9665 0.773133 0.636569 0.0229811 46.7133 -0.0190035 -0.0131155 1.00084 0.458487
0.640207 -0.770418 0.000544108 99.3344 0.770421 0.640019 0.0183458 47.1404 -0.0144817 -0.0113136 1.00095 0.446085
0.644292 -0.767017 -0.00309509 99.6948 0.767069 0.64406 0.0180959 47.5892 -0.0118884 -0.014017 1.00096 0.426985
0.648699 -0.763289 -0.00677434 100.059 0.763374 0.648385 0.0204204 48.0464 -0.0111971 -0.0183958 1.0009 0.411621
0.653008 -0.759615 -0.00773074 100.44 0.759676 0.65261 0.0240258 48.5139 -0.0132061 -0.0215351 1.00083 0.406712
0.657163 -0.756053 -0.00653151 100.831 0.755989 0.65664 0.0302373 48.9937 -0.0185677 -0.0247772 1.00068 0.394406
0.660673 -0.753032 -0.00235306 101.233 0.752759 0.660117 0.0351436 49.4745 -0.0249001 -0.0249577 1.00054 0.371416
0.663387 -0.750655 0.00389096 101.653 0.750196 0.662966 0.0366508 49.9582 -0.0300752 -0.021367 1.00049 0.347192
0.665127 -0.749066 0.0106838 102.079 0.748599 0.664978 0.0330567 50.4645 -0.0318474 -0.0139708 1.00058 0.348619
0.666057 -0.748182 0.0151007 102.503 0.747879 0.666112 0.0262208 50.9691 -0.0296597 -0.00616291 1.00073 0.36739
0.666164 -0.748096 0.0156031 102.931 0.748011 0.66626 0.0179454 51.4988 -0.0238092 -0.000282851 1.00092 0.381875
0.664833 -0.749353 0.0126306 103.352 0.749408 0.664863 0.0108138 52.0318 -0.016497 0.00227336 1.00107 0.376401
0.66274 -0.751285 0.00812669 103.787 0.751375 0.662704 0.00777042 52.5752 -0.0112249 0.000955572 1.00115 0.36575
0.660391 -0.753405 0.00341311 104.254 0.753473 0.6603 0.0105767 53.1257 -0.010225 -0.00440645 1.00116 0.354187
0.657929 -0.75558 0.00168514 104.735 0.755604 0.657789 0.0152765 53.6767 -0.0126513 -0.00876479 1.00112 0.341583
0.65596 -0.75731 0.000903501 105.232 0.757246 0.655737 0.0217708 54.2348 -0.0170752 -0.013577 1.00101 0.326851
0.654092 -0.758942 0.000177162 105.743 0.758793 0.653779 0.026826 54.8097 -0.0204669 -0.017387 1.00089 0.307687
0.651988 -0.760764 -0.00257964 106.257 0.760594 0.65155 0.0303369 55.3936 -0.0213891 -0.0217097 1.0008 0.297525
0.649408 -0.762977 -0.00424762 106.779 0.762829 0.648921 0.0310147 55.9904 -0.0208982 -0.0233469 1.00078 0.275665
0.646213 -0.765699 -0.00484476 107.3 0.765582 0.645738 0.0300942 56.6007 -0.0199067 -0.0231216 1.00082 0.249056
0.642851 -0.768544 -0.00438142 107.82 0.76844 0.642416 0.0288026 57.2263 -0.019314 -0.0218493 1.00087 0.213532
0.639697 -0.771195 -0.0032869 108.34 0.771087 0.639307 0.0277061 57.8623 -0.019258 -0.0202265 1.00091 0.186601
0.637981 -0.772638 -0.00129584 108.882 0.772504 0.637643 0.0270668 58.501 -0.020078 -0.0182401 1.00095 0.165483
0.637314 -0.773205 0.00175275 109.428 0.773036 0.637053 0.0262895 59.1411 -0.0214335 -0.0153745 1.00098 0.149811
0.636948 -0.773518 0.00373636 109.969 0.773318 0.636729 0.0263664 59.7827 -0.0227619 -0.0138813 1.00098 0.125892
0.637132 -0.773379 0.00486867 110.502 0.773154 0.636935 0.026742 60.4328 -0.0237693 -0.0132512 1.00098 0.111156
0.637772 -0.772872 0.00461591 111.023 0.772644 0.637564 0.0270006 61.085 -0.0237973 -0.0136301 1.00098 0.115993
0.638739 -0.772105 0.00113028 111.542 0.771903 0.638433 0.0281776 61.7435 -0.0224656 -0.0170964 1.00097 0.121211
0.640207 -0.770899 -0.00363443 112.067 0.770745 0.639754 0.0303065 62.4095 -0.0210278 -0.0221663 1.00091 0.115806
0.642103 -0.769303 -0.0083893 112.595 0.769203 0.641473 0.0334483 63.0771 -0.0203409 -0.0278837 1.0008 0.0986033
0.644111 -0.76759 -0.0122187 113.138 0.767547 0.643312 0.0364451 63.7517 -0.0201053 -0.0327984 1.00066 0.0765668
0.646246 -0.765781 -0.0140645 113.691 0.765776 0.645367 0.0377267 64.4266 -0.0198048 -0.035092 1.0006 0.0568669
0.648229 -0.764153 -0.0123297 114.262 0.764125 0.647443 0.0359708 65.1045 -0.0194959 -0.0326828 1.0007 0.0423037
0.649533 -0.763127 -0.00741015 114.841 0.763046 0.64898 0.0312509 65.7815 -0.0190312 -0.0259069 1.00092 0.0371164
0.650544 -0.762309 -0.0042194 115.42 0.762211 0.650124 0.0281599 66.4668 -0.0187155 -0.0214959 1.00104 0.0468892
0.651262 -0.76172 -0.00320201 116.006 0.761606 0.650868 0.0278694 67.1581 -0.0191361 -0.0205506 1.00106 0.0483205
0.652217 -0.760921 -0.0033638 116.586 0.760751 0.651758 0.0307608 67.8405 -0.0212028 -0.0225798 1.00098 0.0383585
0.652974 -0.76029 -0.00361687 117.158 0.760018 0.652393 0.0355388 68.5202 -0.0246442 -0.0259071 1.00083 0.00968878
0.653726 -0.759661 -0.00397366 117.717 0.759332 0.653066 0.0381385 69.1867 -0.0263588 -0.027898 1.00075 -0.0159858
0.654579 -0.758936 -0.00546143 118.26 0.75884 0.654105 0.0295367 69.7902 -0.0188356 -0.0234336 1.00104 -0.0100017
0.654758 -0.758785 -0.00735801 118.798 0.758874 0.654468 0.019443 70.4004 -0.00994093 -0.0182772 1.00129 -0.0183363
0.654465 -0.759053 -0.00775362 119.321 0.759178 0.654232 0.0160105 71.0495 -0.00708763 -0.0163305 1.00135 -0.0132846
0.654154 -0.759367 -0.00448951 119.855 0.759435 0.653936 0.016816 71.7023 -0.00983745 -0.0143785 1.00137 -0.0198191
0.653328 -0.760081 0.00660991 120.444 0.759823 0.653164 0.0270535 72.3783 -0.0248631 -0.0126242 1.00115 -0.0326965
0.651828 -0.761269 0.0149198 121.009 0.760608 0.651806 0.0366181 73.0597 -0.037566 -0.0124925 1.00076 -0.087314
0.650306 -0.762658 0.0109063 121.535 0.761912 0.650075 0.0404899 73.6999 -0.037934 -0.0179835 1.00068 -0.101437
0.649036 -0.763824 0.00449527 122.065 0.763201 0.648572 0.0406913 74.3354 -0.0339659 -0.0229328 1.00073 -0.125004
0.648178 -0.764586 -0.000251939 122.594 0.764251 0.647709 0.0346917 74.9678 -0.0263417 -0.0226323 1.00098 -0.146553
0.64675 -0.765805 -0.00377486 123.122 0.765699 0.646352 0.0278772 75.5942 -0.0188992 -0.0208758 1.00119 -0.1573
0.64441 -0.767772 -0.00712555 123.645 0.767821 0.644075 0.0222171 76.2209 -0.0124682 -0.0197452 1.00133 -0.16064
0.64121 -0.77043 -0.0102859 124.168 0.770581 0.640927 0.0180217 76.8499 -0.00729959 -0.019439 1.00139 -0.158207
0.637527 -0.773433 -0.0145191 124.689 0.773678 0.637255 0.0163889 77.488 -0.00343689 -0.0216343 1.00138 -0.147647
0.634118 -0.776174 -0.0181657 125.202 0.776501 0.633836 0.0164453 78.1191 -0.00126745 -0.0244812 1.00133 -0.12793
0.631815 -0.778043 -0.0192931 125.721 0.778398 0.631515 0.0170976 78.7571 -0.00113645 -0.0257647 1.00131 -0.094326
0.630305 -0.779301 -0.0187283 126.25 0.779637 0.62997 0.018528 79.4097 -0.00265636 -0.0262227 1.00131 -0.0745256
0.629476 -0.780028 -0.0170915 126.788 0.780315 0.629102 0.0202443 80.0751 -0.0050512 -0.026023 1.00132 -0.0694854
0.628467 -0.780899 -0.0152765 127.308 0.781132 0.628072 0.0214781 80.7374 -0.00718669 -0.0253748 1.00133 -0.0575709
0.627003 -0.782152 -0.0120196 127.819 0.782309 0.626643 0.0211113 81.4046 -0.00898688 -0.022588 1.00139 -0.0371978
0.62417 -0.784479 -0.008558 128.311 0.784579 0.623875 0.0195534 82.0651 -0.0100052 -0.0188735 1.00147 -0.00894837
0.619431 -0.788264 -0.00657996 128.782 0.78833 0.619162 0.0193362 82.7134 -0.0111714 -0.0171219 1.0015 -0.00427177
0.613771 -0.792714 -0.00438132 129.254 0.792729 0.613513 0.020407 83.3511 -0.0134888 -0.0159575 1.0015 -0.027045
0.608144 -0.797067 -0.00227634 129.736 0.796996 0.607867 0.0237173 83.9734 -0.0175141 -0.0161962 1.00144 -0.0611278
0.603148 -0.800876 -0.00094342 130.221 0.800685 0.602817 0.0285295 84.5968 -0.0222658 -0.0179178 1.00133 -0.0964759
0.599023 -0.803985 -0.000336415 130.707 0.803694 0.59864 0.0322172 85.2269 -0.025681 -0.0195207 1.00123 -0.11147
0.594859 -0.80709 0.000466769 131.192 0.806762 0.594485 0.0329748 85.8699 -0.0268693 -0.0191906 1.00122 -0.0958505
0.590212 -0.81051 0.00203116 131.671 0.810239 0.589939 0.029711 86.517 -0.0252599 -0.0158478 1.00133 -0.0662668
0.585057 -0.814258 0.00152888 132.152 0.814058 0.584815 0.0270888 87.1775 -0.0229356 -0.0145636 1.00141 -0.055501
0.579451 -0.818277 -0.000833647 132.629 0.818137 0.579177 0.025917 87.8544 -0.0207122 -0.0156569 1.00145 -0.0541819
0.573216 -0.822664 -0.00422075 133.101 0.822593 0.572891 0.0252362 88.5487 -0.0183346 -0.0178904 1.00147 -0.0647199
0.566215 -0.827481 -0.00864697 133.563 0.827503 0.565825 0.0248016 89.2666 -0.0156264 -0.0211442 1.00146 -0.0768413
0.558924 -0.832406 -0.01161 134.017 0.832515 0.558534 0.0229587 89.984 -0.0126277 -0.0224404 1.00149 -0.0912156
0.551528 -0.837319 -0.0131881 134.47 0.837486 0.551169 0.0208229 90.6975 -0.0101722 -0.0224713 1.00152 -0.106802
0.544384 -0.841974 -0.0147459 134.913 0.842179 0.54402 0.0203738 91.4181 -0.00913969 -0.0234495 1.00152 -0.134806
0.537475 -0.846396 -0.0160462 135.353 0.84661 0.537048 0.0224818 92.1395 -0.0104165 -0.0256031 1.00146 -0.167937
0.530538 -0.85078 -0.0160674 135.792 0.850958 0.530034 0.0253772 92.8626 -0.0130753 -0.0270676 1.0014 -0.188282
0.524241 -0.854703 -0.0154905 136.231 0.854804 0.523639 0.0292732 93.5812 -0.0169032 -0.0285154 1.00132 -0.192433
0.518972 -0.857949 -0.0145179 136.665 0.857957 0.518294 0.032594 94.2932 -0.0204281 -0.0292968 1.00124 -0.194782
0.514773 -0.860485 -0.0150725 137.097 0.860448 0.514003 0.0352835 95.0073 -0.0225984 -0.0310536 1.00115 -0.181406
0.511445 -0.862434 -0.0178293 137.513 0.862452 0.510567 0.0367381 95.7259 -0.0225658 -0.034081 1.00106 -0.169467
0.509032 -0.863793 -0.021596 137.916 0.863957 0.508099 0.0360576 96.4398 -0.0201623 -0.0369204 1.00102 -0.178788
0.506734 -0.86507 -0.0250224 138.322 0.865364 0.505736 0.0360398 97.1633 -0.0185141 -0.0398171 1.00095 -0.189933
0.504893 -0.866079 -0.0278538 138.728 0.866472 0.503807 0.036918 97.9015 -0.0179339 -0.0426684 1.00085 -0.1989
0.502854 -0.867258 -0.0286546 139.135 0.867634 0.50164 0.0395324 98.6493 -0.0198999 -0.0446299 1.00074 -0.203164
0.499927 -0.869029 -0.0267468 139.543 0.869278 0.498669 0.0414246 99.3858 -0.0226458 -0.0438494 1.00073 -0.214708
0.496198 -0.871285 -0.0232107 139.95 0.87139 0.495039 0.0410459 100.098 -0.0242537 -0.0404881 1.00084 -0.237666
0.490777 -0.874498 -0.0177626 140.35 0.874484 0.489889 0.0373314 100.798 -0.023926 -0.0337633 1.0011 -0.261011
0.484463 -0.878096 -0.0141873 140.734 0.878046 0.48377 0.0338751 101.495 -0.0228653 -0.0287867 1.00129 -0.291859
0.477548 -0.881924 -0.0122832 141.116 0.88187 0.476962 0.0315895 102.205 -0.0219854 -0.0258416 1.0014 -0.319891
0.470303 -0.885845 -0.0109493 141.495 0.885796 0.469795 0.0297013 102.932 -0.0211527 -0.0235955 1.00148 -0.321205
0.463323 -0.88956 -0.00872535 141.882 0.889475 0.462883 0.0289226 103.66 -0.0216743 -0.0210944 1.00154 -0.318206
0.457258 -0.892736 -0.00564619 142.268 0.892595 0.456896 0.0286617 104.39 -0.0229897 -0.0180845 1.00158 -0.309218
0.4519 -0.895498 -0.000903709 142.655 0.895319 0.451676 0.0270464 105.139 -0.0237921 -0.012981 1.00165 -0.306344
0.446753 -0.898075 0.00608506 143.044 0.897948 0.446736 0.0222517 105.9 -0.0226841 -0.00444475 1.00175 -0.305423
0.441433 -0.900657 0.012358 143.436 0.900674 0.441551 0.015415 106.648 -0.0193282 0.00433907 1.00183 -0.30223
0.435713 -0.903426 0.0144839 143.81 0.903527 0.435847 0.0115363 107.428 -0.0167276 0.00806502 1.00187 -0.318615
0.429745 -0.906317 0.0133899 144.166 0.906397 0.429869 0.0123893 108.234 -0.0169767 0.00681963 1.00188 -0.346206
0.424687 -0.908723 0.0130055 144.529 0.908718 0.424831 0.0168375 109.049 -0.0208107 0.00467924 1.00183 -0.383916
0.420596 -0.91064 0.0132744 144.892 0.910526 0.420766 0.0216747 109.85 -0.0252996 0.00298532 1.00174 -0.383523
0.417936 -0.911862 0.0146953 145.261 0.911685 0.418155 0.0242234 110.63 -0.0282038 0.00328758 1.00167 -0.374272
0.417103 -0.912354 0.00710122 145.606 0.912194 0.417123 0.0236145 111.399 -0.0244845 -0.00334344 1.00178 -0.378025
0.415851 -0.912974 8.99673e-05 145.936 0.912895 0.415728 0.0218975 112.166 -0.0200156 -0.00898275 1.00185 -0.403033
0.4143 -0.913697 -0.00200434 146.265 0.913696 0.41417 0.0186769 112.937 -0.0162286 -0.00952648 1.00192 -0.434771
0.413092 -0.914264 -0.00210599 146.601 0.914301 0.412984 0.0162641 113.72 -0.0139981 -0.00860317 1.00197 -0.455271
0.412593 -0.914511 0.00137876 146.944 0.914525 0.412537 0.0161785 114.502 -0.0153597 -0.0053805 1.00198 -0.466953
0.411769 -0.914899 0.0028946 147.287 0.914879 0.411732 0.0177913 115.287 -0.0174604 -0.00464568 1.00196 -0.456454
0.410698 -0.915399 0.00334515 147.634 0.915348 0.410663 0.019353 116.073 -0.0190776 -0.00485384 1.00194 -0.451321
0.409325 -0.916029 0.00455463 147.984 0.915998 0.40932 0.0180365 116.847 -0.0183757 -0.00318209 1.00197 -0.450704
0.407526 -0.916824 0.00837298 148.343 0.91688 0.407588 0.0127571 117.618 -0.0151045 0.00249401 1.00203 -0.45275
0.405687 -0.917611 0.0126175 148.694 0.917761 0.40578 0.00756812 118.392 -0.0120662 0.0085115 1.00205 -0.457147
0.403647 -0.918482 0.015774 149.031 0.918703 0.403741 0.00423578 119.181 -0.0102645 0.0127738 1.00203 -0.45393
0.402208 -0.919105 0.0173798 149.379 0.919357 0.402308 0.00336021 119.98 -0.0100863 0.0146139 1.00202 -0.45603
0.401108 -0.9196 0.017744 149.718 0.919849 0.401223 0.00412019 120.775 -0.0109127 0.0146556 1.00201 -0.453605
0.401736 -0.91938 0.01587 150.039 0.91959 0.40185 0.00540839 121.559 -0.0113536 0.0124123 1.00205 -0.437031
0.401984 -0.919338 0.012978 150.354 0.919501 0.402082 0.0068806 122.344 -0.0115477 0.00916557 1.00209 -0.427421
0.401803 -0.919467 0.0108411 150.673 0.9196 0.401885 0.00787195 123.133 -0.0115989 0.0068098 1.00212 -0.421892
0.401136 -0.919801 0.00873141 150.992 0.919904 0.401203 0.00954475 123.931 -0.0122853 0.00421234 1.00213 -0.423943
0.400344 -0.920189 0.00609755 151.33 0.92025 0.400385 0.0122621 124.726 -0.0137251 0.000719147 1.00213 -0.436738
0.399821 -0.920452 0.0031169 151.67 0.920476 0.399816 0.0151855 125.517 -0.0152212 -0.00317648 1.00211 -0.44909
0.399273 -0.920713 0.00210919 152.016 0.920728 0.39925 0.0161192 126.293 -0.01568 -0.00446502 1.00211 -0.433854
0.398519 -0.921064 -0.000367764 152.356 0.921098 0.398462 0.0157412 127.056 -0.0143519 -0.00657783 1.00213 -0.41137
0.397524 -0.92151 -0.00305184 152.676 0.921573 0.397436 0.015153 127.811 -0.0127541 -0.00879658 1.00214 -0.400326
0.396051 -0.922156 -0.00523233 152.988 0.922226 0.395925 0.0162914 128.56 -0.0129548 -0.011232 1.00213 -0.426347
0.394612 -0.922807 -0.00177305 153.299 0.922774 0.394496 0.020612 129.288 -0.0183133 -0.00972796 1.00207 -0.4756
0.392961 -0.923527 0.00338248 153.599 0.923372 0.392924 0.0244781 130.01 -0.0239148 -0.0064618 1.00199 -0.531059
0.39188 -0.923984 0.00741752 153.895 0.923757 0.391938 0.0265219 130.717 -0.0273848 -0.00351487 1.00192 -0.528221
0.391948 -0.923977 0.00741648 154.185 0.923747 0.392006 0.0266919 131.403 -0.0275412 -0.00358416 1.00193 -0.499994
0.39279 -0.923642 0.00716673 154.477 0.923486 0.39285 0.023923 132.066 -0.0248883 -0.00275344 1.00201 -0.469662
0.393911 -0.923197 0.00571946 154.761 0.923158 0.393952 0.0188309 132.724 -0.0196257 -0.00211409 1.00214 -0.452657
0.395599 -0.922509 0.00307827 155.024 0.922574 0.39561 0.0128777 133.377 -0.0130998 -0.00223012 1.00225 -0.460495
0.398884 -0.92112 0.000851713 155.298 0.92125 0.398886 0.00686018 134.013 -0.00667537 -0.00192778 1.00232 -0.474391
0.40376 -0.919016 -0.000528339 155.561 0.919169 0.403763 0.00254253 134.635 -0.00215027 -0.00148903 1.00235 -0.489931
0.411277 -0.915697 0.00204001 155.824 0.91583 0.411287 0.00652158 135.239 -0.00682783 -0.00079283 1.00234 -0.512577
0.417908 -0.912704 0.00424304 156.096 0.912768 0.417932 0.0131327 135.847 -0.0137615 -0.00159285 1.00228 -0.520806
0.423488 -0.910145 0.0054158 156.365 0.910094 0.423514 0.0198132 136.458 -0.020314 -0.00343513 1.00218 -0.519484
0.429117 -0.907538 0.00330626 156.627 0.90744 0.429083 0.0226059 137.051 -0.0219184 -0.00666566 1.00214 -0.501541
0.435093 -0.904718 0.000339094 156.895 0.904672 0.435007 0.021218 137.638 -0.0193337 -0.0088844 1.00218 -0.476359
0.44172 -0.901517 -0.00379427 157.172 0.901583 0.441606 0.0169989 138.229 -0.0136522 -0.0108833 1.00227 -0.460381
0.448739 -0.898052 -0.00649982 157.461 0.898203 0.448651 0.0120277 138.83 -0.00790162 -0.0111877 1.00233 -0.46144
0.455252 -0.89479 -0.00678694 157.761 0.894973 0.455213 0.00701441 139.428 -0.00321412 -0.00922413 1.00239 -0.45531
