0.480565 -0.87665 0.0232865 0.687383 0.876925 0.48061 -0.00401009 0.55236 -0.0076763 0.0223477 0.999721 0.786151
0.479549 -0.877265 0.020957 1.11512 0.877497 0.479554 -0.00512609 1.34693 -0.00555306 0.0208479 0.999767 0.785165
0.477718 -0.878305 0.0191105 1.51101 0.878508 0.47768 -0.00678976 2.08272 -0.00316523 0.0200323 0.999794 0.786081
0.47592 -0.879352 0.0155066 1.93227 0.879486 0.475886 -0.00605718 2.88395 -0.00205297 0.0165205 0.999861 0.78198
0.47547 -0.879624 0.0137751 2.34391 0.87973 0.475445 -0.00525977 3.66902 -0.00192269 0.0146192 0.999891 0.784192
0.473744 -0.880538 0.014816 2.77777 0.880657 0.473732 -0.00447822 4.47711 -0.00307556 0.0151693 0.99988 0.790864
0.47287 -0.88099 0.0158233 3.19944 0.881122 0.472873 -0.00373648 5.29405 -0.0041906 0.0157091 0.999868 0.795736
0.471822 -0.881539 0.0165166 3.61512 0.88168 0.471835 -0.00332561 6.08589 -0.00486145 0.0161314 0.999858 0.801455
0.470231 -0.882393 0.0162862 4.04862 0.882535 0.470228 -0.00427412 6.90015 -0.0038868 0.016383 0.999858 0.802456
0.46947 -0.882785 0.0169787 4.48444 0.882941 0.469457 -0.00496232 7.73178 -0.00359013 0.0173209 0.999844 0.806022
0.4686 -0.883247 0.0170114 4.91133 0.883397 0.468614 -0.00343754 8.54747 -0.00493559 0.0166387 0.999849 0.810993
0.468662 -0.883216 0.0168984 5.33311 0.88334 0.468733 0.000274433 9.34802 -0.00816324 0.0147984 0.999857 0.811779
0.469093 -0.882965 0.0180108 5.78188 0.883073 0.469222 0.00349847 10.1992 -0.0115401 0.0142637 0.999832 0.815821
0.470544 -0.882128 0.0209193 6.22038 0.882261 0.470734 0.00498575 11.0411 -0.0142455 0.0161103 0.999769 0.815135
0.47156 -0.881539 0.0228082 6.66573 0.881706 0.471775 0.00486239 11.8739 -0.0150467 0.0178172 0.999728 0.812669
0.472946 -0.880778 0.0234824 7.10219 0.880992 0.473125 0.00237659 12.7043 -0.0132033 0.0195638 0.999721 0.803165
0.474045 -0.880244 0.0212596 7.54519 0.880451 0.474136 -0.000870686 13.5572 -0.0093135 0.0191307 0.999774 0.79562
0.474969 -0.879806 0.0186237 7.9932 0.879978 0.475007 -0.0026177 14.4018 -0.0065433 0.0176317 0.999823 0.788017
0.475883 -0.879339 0.0172561 8.45324 0.87948 0.475935 -0.00124162 15.2396 -0.00712099 0.0157673 0.99985 0.790701
0.475839 -0.879315 0.019548 8.91725 0.879458 0.47597 0.00243833 16.1014 -0.0114483 0.0160314 0.999806 0.794356
0.475105 -0.879524 0.0266959 9.38342 0.879798 0.47534 0.00286267 16.9607 -0.0152074 0.0221269 0.99964 0.790201
0.473925 -0.879775 0.0372948 9.85097 0.88044 0.474146 -0.00324036 17.8124 -0.0148324 0.0343716 0.999299 0.787952
0.472894 -0.880259 0.0389223 10.3115 0.881041 0.47298 -0.00754523 18.6691 -0.0117677 0.0378602 0.999214 0.781182
0.471525 -0.881114 0.0360907 10.7808 0.881812 0.471502 -0.00970599 19.5511 -0.00846475 0.0364018 0.999301 0.77856
0.469763 -0.882238 0.0313037 11.2399 0.882765 0.469731 -0.00880688 20.4321 -0.00693457 0.031771 0.999471 0.776841
0.468862 -0.882775 0.0296208 11.7097 0.883233 0.468891 -0.00636503 21.3192 -0.00827006 0.0291464 0.999541 0.781977
0.467787 -0.883341 0.0297237 12.1732 0.883773 0.467903 -0.00335213 22.2016 -0.0109467 0.0278371 0.999553 0.779078
0.467369 -0.883764 0.0229593 12.64 0.883975 0.467529 0.00188452 23.1311 -0.0123996 0.0194147 0.999735 0.795048
0.466131 -0.884398 0.0237189 13.1224 0.88459 0.466349 0.00436068 24.0334 -0.0149179 0.0189489 0.999709 0.774464
0.465699 -0.884663 0.0222859 13.6042 0.884749 0.465977 0.00922888 24.8914 -0.0185492 0.0154196 0.999709 0.776645
0.464848 -0.885109 0.0223245 14.07 0.885146 0.465165 0.0117951 25.8058 -0.0208245 0.0142775 0.999681 0.759395
0.464929 -0.885075 0.021996 14.5174 0.885111 0.465236 0.0116057 26.7006 -0.0205053 0.0140731 0.999691 0.744816
0.465089 -0.885028 0.0204471 14.9819 0.885074 0.465344 0.00999329 27.5687 -0.0183593 0.0134494 0.999741 0.752757
0.465359 -0.884888 0.020351 15.4171 0.884958 0.465593 0.0085541 28.4295 -0.0170447 0.014029 0.999756 0.707099
0.464778 -0.885261 0.0171757 15.85 0.885279 0.464968 0.00926046 29.3223 -0.0161841 0.0109012 0.99981 0.707387
0.463076 -0.886094 0.0199506 16.2766 0.886154 0.463306 0.00885078 30.2458 -0.0170858 0.0135807 0.999762 0.696463
0.462328 -0.886492 0.0196037 16.7603 0.886538 0.46256 0.00942967 31.1381 -0.0174272 0.0130198 0.999763 0.703059
0.462742 -0.886284 0.0192539 17.2399 0.886338 0.462958 0.00861909 31.947 -0.0165527 0.013077 0.999777 0.691754
0.462383 -0.886512 0.0172435 17.6781 0.88659 0.462526 0.00522564 32.7838 -0.0126082 0.0128717 0.999838 0.67716
0.462197 -0.886682 0.0130191 18.124 0.886719 0.462285 0.00470286 33.6625 -0.0101885 0.00937061 0.999904 0.689887
0.462074 -0.886789 0.00967185 18.6164 0.88675 0.462155 0.00932153 34.5327 -0.0127361 0.00426928 0.99991 0.710823
0.46185 -0.886903 0.00984124 19.0471 0.886827 0.461944 0.0120388 35.406 -0.0152234 0.00316737 0.999879 0.722288
0.461971 -0.886779 0.0143361 19.4739 0.886735 0.462134 0.0115 36.2781 -0.0168231 0.00739962 0.999831 0.701586
0.462086 -0.886678 0.0167083 19.905 0.886686 0.462272 0.00964331 37.109 -0.0162743 0.010359 0.999814 0.700942
0.461713 -0.886834 0.0186115 20.3721 0.886907 0.461896 0.00694539 37.9726 -0.014756 0.0132999 0.999803 0.701524
0.460344 -0.887587 0.0165264 20.7887 0.887628 0.460502 0.00735998 38.8295 -0.0141431 0.0112812 0.999836 0.722107
0.459711 -0.887841 0.0200852 21.2418 0.887864 0.459973 0.0110469 39.6609 -0.0190465 0.0127545 0.999737 0.707667
0.459206 -0.887897 0.0277488 21.6605 0.887989 0.459671 0.0133691 40.5399 -0.0246257 0.0185014 0.999526 0.695816
0.458682 -0.888279 0.0239061 22.1568 0.888182 0.459125 0.0183318 41.4238 -0.0272596 0.0128246 0.999546 0.710241
0.457649 -0.888829 0.0232508 22.5528 0.888783 0.458046 0.0160579 42.203 -0.0249227 0.013316 0.999601 0.678311
0.45512 -0.890097 0.0243565 22.922 0.890227 0.45543 0.00889499 42.9922 -0.0190101 0.0176345 0.999664 0.604888
0.455089 -0.890335 0.0140614 23.3355 0.890353 0.455213 0.00724005 43.7621 -0.012847 0.00922474 0.999875 0.648626
0.452871 -0.891558 0.00563736 23.761 0.89149 0.452906 0.0110306 44.5782 -0.0123876 3.01953e-05 0.999923 0.666747
0.452342 -0.891804 0.00851841 24.1659 0.891714 0.452418 0.0127969 45.4222 -0.0152662 0.00180741 0.999882 0.627747
0.451714 -0.892112 0.00954112 24.5562 0.892003 0.451809 0.0141309 46.2137 -0.0169171 0.0021276 0.999855 0.629049
0.450519 -0.892742 0.00665703 24.9355 0.89262 0.450567 0.0147978 46.9749 -0.01621 -0.000724474 0.999868 0.652848
0.449202 -0.893403 0.00695931 25.3114 0.893273 0.449255 0.0152486 47.7579 -0.0167497 -0.000633156 0.99986 0.627514
0.448079 -0.893963 0.00743503 25.6865 0.893825 0.44814 0.0157496 48.5082 -0.0174115 -0.000411455 0.999848 0.623906
0.446914 -0.89456 0.00550032 26.0525 0.894405 0.44694 0.0168452 49.2665 -0.0175273 -0.00260881 0.999843 0.646397
0.446065 -0.894983 0.0056921 26.4256 0.894819 0.446093 0.017328 50.0074 -0.0180475 -0.00263602 0.999834 0.647428
0.445285 -0.895374 0.00510996 26.7595 0.895155 0.445292 0.0202896 50.7136 -0.0204422 -0.00446046 0.999781 0.64656
0.444328 -0.895846 0.0056806 27.1056 0.895558 0.444333 0.023334 51.4114 -0.0234277 -0.00528063 0.999712 0.642957
0.44246 -0.896761 0.00703613 27.4303 0.896401 0.442486 0.0259224 52.0952 -0.0263596 -0.00516244 0.999639 0.627513
0.440896 -0.897527 0.00742685 27.7822 0.89723 0.440944 0.0234017 52.8111 -0.0242785 -0.00365415 0.999699 0.623435
0.43885 -0.89856 -0.00031958 28.3516 0.898481 0.438807 0.0134158 54.1122 -0.0119147 -0.00617467 0.99991 0.605343
0.437213 -0.899332 -0.00676589 28.953 0.899267 0.43705 0.017473 55.3612 -0.012757 -0.0137238 0.999824 0.602563
0.435109 -0.900354 -0.00657163 29.514 0.900267 0.434929 0.0188516 56.4907 -0.0141149 -0.0141187 0.999801 0.622223
0.4356 -0.90014 -0.000466529 30.0518 0.900127 0.435591 0.00569533 57.578 -0.00492338 -0.00290083 0.999984 0.634541
0.442316 -0.896822 -0.00823258 30.5898 0.896847 0.442242 0.00941345 58.6692 -0.00480139 -0.0115471 0.999922 0.627542
0.451928 -0.892054 -0.000894636 31.0722 0.891969 0.451871 0.0142694 59.6167 -0.0123248 -0.00724675 0.999898 0.625474
0.468298 -0.883557 0.00495097 31.6075 0.88341 0.468312 0.0164549 60.5626 -0.0168575 -0.00333206 0.999852 0.676787
0.496767 -0.86788 -0.00257766 32.0439 0.867718 0.496612 0.0210058 61.4584 -0.0169504 -0.0126717 0.999776 0.657227
0.538978 -0.842318 0.0018775 32.5699 0.842123 0.538899 0.020415 62.2363 -0.0182077 -0.00942216 0.99979 0.677173
0.592464 -0.805572 0.00633267 33.0917 0.805259 0.592425 0.0243073 62.8873 -0.0233329 -0.00930179 0.999685 0.664198
0.654353 -0.756154 0.00729585 33.7357 0.755829 0.654309 0.0245316 63.5268 -0.0233234 -0.0105379 0.999672 0.642195
0.727622 -0.685949 0.00637133 34.3217 0.685635 0.72752 0.0249026 64.0831 -0.0217171 -0.0137512 0.99967 0.62981
0.803638 -0.595106 0.00379989 34.9852 0.594884 0.803485 0.0229098 64.6221 -0.0166869 -0.0161507 0.99973 0.604362
0.871742 -0.489957 0.00295083 35.6949 0.489777 0.871557 0.0224996 65.0342 -0.0135957 -0.0181686 0.999743 0.565544
0.928006 -0.372559 0.00200312 36.4381 0.372464 0.927869 0.0181578 65.3488 -0.00862346 -0.0161044 0.999833 0.586907
0.981613 -0.190695 0.0084896 37.5235 0.19047 0.981443 0.0221714 65.6304 -0.01256 -0.0201467 0.999718 0.582388
0.999823 -0.0166656 0.00868175 38.5919 0.0165333 0.999749 0.0150868 65.6206 -0.008931 -0.0149406 0.999848 0.605087
0.990887 0.134637 0.00408069 39.7324 -0.13468 0.9908 0.0132949 65.5012 -0.00225316 -0.0137233 0.999903 0.590366
0.969045 0.246745 0.00834767 40.804 -0.246749 0.969079 -0.000546164 65.155 -0.00822432 -0.00153052 0.999965 0.636185
0.943921 0.330172 0.000101395 41.8952 -0.330134 0.943809 0.0153566 64.7899 0.00497463 -0.0145289 0.999882 0.641177
0.927787 0.372994 -0.00928669 42.6512 -0.372949 0.927831 0.00629155 64.4465 0.0109632 -0.00237376 0.999937 0.627646
0.913041 0.407573 -0.0155159 43.4664 -0.407453 0.913167 0.0103749 64.1084 0.0183971 -0.00315076 0.999826 0.651468
0.899865 0.436081 -0.00870071 44.2754 -0.435989 0.899889 0.0106829 63.711 0.0124883 -0.00581978 0.999905 0.677863
0.888204 0.459331 -0.0104091 45.1654 -0.459324 0.888263 0.00325165 63.2079 0.0107396 0.00189303 0.999941 0.686434
0.878899 0.476824 -0.0132352 46.0795 -0.476867 0.878975 -0.000101503 62.7071 0.011585 0.00640066 0.999912 0.706224
0.87334 0.486846 -0.0160885 47.0707 -0.486944 0.873429 -0.00265784 62.1679 0.0127582 0.0101554 0.999867 0.701085
0.86723 0.497668 -0.0154112 48.0887 -0.497746 0.867321 -0.00145356 61.4843 0.0126431 0.00893144 0.99988 0.687181
0.863393 0.504284 -0.0158236 49.1856 -0.504364 0.86349 -0.00130644 60.8717 0.0130047 0.00910883 0.999874 0.709412
0.861821 0.506973 -0.015565 50.2978 -0.507062 0.861907 -0.00216554 60.1828 0.0123177 0.00975872 0.999877 0.71732
0.863547 0.503894 -0.019423 51.5329 -0.504107 0.863604 -0.00800024 59.4488 0.0127425 0.0166999 0.999779 0.743517
0.865242 0.500957 -0.0199807 52.1919 -0.501211 0.865262 -0.010486 59.093 0.0120355 0.0190874 0.999745 0.751745
0.867685 0.496668 -0.0210425 52.7963 -0.496961 0.86769 -0.0119672 58.7091 0.0123147 0.0208411 0.999707 0.767688
0.869978 0.492676 -0.0202201 53.5023 -0.492941 0.869992 -0.0110715 58.3042 0.0121366 0.0195993 0.999734 0.767032
0.872128 0.488934 -0.0183179 54.1947 -0.489152 0.872142 -0.00998494 57.9307 0.0110938 0.0176684 0.999782 0.797737
0.873611 0.486292 -0.0179961 54.8689 -0.486526 0.873581 -0.0121993 57.5514 0.00978865 0.019413 0.999764 0.80272
0.875604 0.482726 -0.0171089 55.5551 -0.482953 0.875545 -0.0132793 57.1851 0.00856936 0.0198902 0.999765 0.814348
0.877457 0.47941 -0.0153313 56.2805 -0.479569 0.877458 -0.00906098 56.7673 0.00910867 0.015303 0.999842 0.85462
0.87863 0.477009 -0.0217096 56.9726 -0.477313 0.878654 -0.0118156 56.3691 0.0134391 0.0207438 0.999695 0.855323
0.879399 0.475709 -0.018917 57.7207 -0.475793 0.879557 2.61967e-05 56.0034 0.016651 0.00897753 0.999821 0.851654
0.879465 0.475646 -0.0173784 58.4232 -0.475631 0.879629 0.00523736 55.6713 0.0177777 0.00365966 0.999835 0.871933
0.879158 0.476334 -0.0136769 59.1928 -0.476181 0.87925 0.0130394 55.2635 0.0182365 -0.00495099 0.999821 0.887369
0.879775 0.475222 -0.0126778 59.9357 -0.475101 0.879857 0.011467 54.8927 0.016604 -0.00406511 0.999854 0.905152
0.8796 0.475548 -0.0125814 60.6173 -0.47545 0.879685 0.0100456 54.4987 0.0158448 -0.00285426 0.99987 0.924625
0.879716 0.475384 -0.0105217 61.3254 -0.475254 0.879757 0.0126739 54.1169 0.0152815 -0.00614892 0.999864 0.946443
0.879962 0.474964 -0.0087593 62.0719 -0.474804 0.879954 0.0155575 53.7423 0.015097 -0.00953103 0.999841 0.973445
0.87961 0.475553 -0.0116638 62.7974 -0.475414 0.879668 0.0128785 53.3231 0.0163847 -0.00578297 0.999849 1.0041
0.8791 0.476527 -0.0102539 63.5491 -0.476291 0.879078 0.0191955 52.951 0.0181612 -0.0119909 0.999763 1.04046
0.877734 0.479047 -0.00986203 64.2725 -0.478829 0.877715 0.0184236 52.5507 0.0174818 -0.0114488 0.999782 1.05052
0.876001 0.482262 -0.00679263 64.978 -0.482075 0.875927 0.0188705 52.1663 0.0150504 -0.013256 0.999799 1.09182
0.87426 0.485444 -0.00375828 65.7229 -0.485312 0.87416 0.0178188 51.7651 0.0119354 -0.0137543 0.999834 1.11369
0.871121 0.491065 0.00199293 66.4245 -0.490965 0.870845 0.0241527 51.4041 0.010125 -0.0220184 0.999706 1.12553
0.867194 0.49797 0.000951773 67.153 -0.497842 0.866926 0.0243546 50.9898 0.0113027 -0.021594 0.999703 1.17602
0.862767 0.505601 0.000195729 67.8774 -0.50548 0.862552 0.022243 50.5806 0.0110773 -0.0192895 0.999753 1.17924
0.857364 0.514709 -0.00135058 68.5405 -0.514575 0.857194 0.0207453 50.1987 0.0118355 -0.0170913 0.999784 1.21002
0.851935 0.523643 -0.00241964 69.2167 -0.523532 0.851834 0.0171403 49.801 0.0110365 -0.0133356 0.99985 1.22215
0.846946 0.531678 0.000506192 69.8967 -0.531592 0.846792 0.0188035 49.3828 0.00956875 -0.0161946 0.999823 1.24408
0.840737 0.541438 0.00222293 70.5801 -0.541359 0.840528 0.0210586 48.9376 0.00953349 -0.0189081 0.999776 1.27547
0.833979 0.551789 0.00268368 71.2534 -0.551699 0.833731 0.0228305 48.4846 0.0103602 -0.0205208 0.999736 1.28678
0.827053 0.562119 0.00226299 71.9068 -0.562039 0.826853 0.0206555 48.0662 0.00973971 -0.0183551 0.999784 1.27146
0.821111 0.570765 0.00183712 72.5201 -0.570676 0.820917 0.0206116 47.6464 0.0102563 -0.0179729 0.999786 1.2554
0.815115 0.579298 0.00131375 73.1628 -0.57919 0.814916 0.0212216 47.2081 0.011223 -0.018059 0.999774 1.27868
0.809378 0.587287 0.00140733 73.7996 -0.587148 0.80913 0.023806 46.7372 0.0128422 -0.0200944 0.999716 1.29686
0.803467 0.595349 0.000385152 74.4041 -0.5952 0.803252 0.0229 46.3148 0.0133241 -0.0186286 0.999738 1.34412
0.797937 0.602739 -0.00148567 74.9816 -0.602615 0.797818 0.018508 45.8556 0.0123408 -0.0138729 0.999828 1.3636
0.792955 0.609275 -0.00244019 75.5988 -0.609145 0.792857 0.0178969 45.3885 0.0128388 -0.012705 0.999837 1.37804
0.785786 0.618496 0.00172919 76.7029 -0.618405 0.785617 0.0195234 44.5252 0.0107167 -0.0164106 0.999808 1.41489
0.783245 0.621713 -3.22461e-05 77.2647 -0.621643 0.783158 0.0149813 44.0932 0.00933933 -0.011714 0.999888 1.43481
0.781614 0.623762 -0.000606831 77.8457 -0.623713 0.781564 0.0118296 43.6112 0.00785312 -0.00886767 0.99993 1.46072
0.779893 0.62591 -0.00190217 78.9139 -0.625871 0.779872 0.00919255 42.7904 0.00723716 -0.00597869 0.999956 1.47405
0.781971 0.623276 -0.00693201 79.9002 -0.623198 0.781991 0.0106582 41.9837 0.0120638 -0.00401441 0.999919 1.50214
0.791122 0.611631 -0.00569599 80.8666 -0.611544 0.791121 0.0118913 41.1858 0.0117793 -0.00592414 0.999913 1.53069
0.805822 0.592114 -0.00723037 81.8231 -0.592037 0.805844 0.0103742 40.4729 0.0119693 -0.00407912 0.99992 1.55818
0.826511 0.56281 -0.0111562 82.6689 -0.562667 0.826571 0.0136302 39.86 0.0168926 -0.00498824 0.999845 1.58041
0.852265 0.522967 -0.0121986 83.5562 -0.522738 0.852307 0.017839 39.4149 0.0197262 -0.00882691 0.999766 1.6153
0.886138 0.463315 -0.0099335 84.4632 -0.463084 0.886107 0.0191815 38.9207 0.0176892 -0.0123974 0.999767 1.6441
0.922956 0.384843 -0.00699691 85.3849 -0.384703 0.922906 0.0157618 38.5972 0.0125233 -0.0118558 0.999851 1.65809
0.957002 0.290067 -0.00273659 86.3552 -0.289982 0.956882 0.0169266 38.3684 0.00752843 -0.0154052 0.999853 1.67817
0.983827 0.179045 -0.00522945 87.3328 -0.178957 0.983755 0.0141569 38.2809 0.00767922 -0.0129921 0.999886 1.71875
0.998932 0.0443302 -0.0130165 88.3211 -0.0441874 0.998962 0.0110671 38.3197 0.0134936 -0.0104802 0.999854 1.73733
0.994999 -0.0984154 -0.0170652 89.261 0.0986734 0.995007 0.0150018 38.3994 0.0155036 -0.0166107 0.999742 1.72537
0.97163 -0.235661 -0.0199873 90.1585 0.235931 0.971691 0.0123718 38.6845 0.0165059 -0.0167364 0.999724 1.74454
0.930254 -0.366753 -0.0109592 91.0392 0.366892 0.930124 0.0161391 39.0654 0.00427432 -0.0190343 0.99981 1.77233
0.876051 -0.482215 -0.00172287 91.8852 0.482135 0.87583 0.0216348 39.4956 -0.00892366 -0.0197838 0.999764 1.78922
0.818694 -0.574218 0.00380557 92.6748 0.573919 0.81845 0.0274988 40.0582 -0.018905 -0.020329 0.999615 1.80894
0.768221 -0.640181 -0.00216579 93.3524 0.639792 0.767626 0.0376483 40.6642 -0.0224392 -0.0303078 0.999289 1.7798
0.731495 -0.681836 -0.00394422 94.0487 0.68156 0.731006 0.0332722 41.2821 -0.0198029 -0.0270266 0.999439 1.74975
0.712858 -0.701296 -0.00428765 94.7376 0.701002 0.712351 0.0339573 41.9659 -0.0207598 -0.0272124 0.999414 1.74428
0.704037 -0.710044 -0.0130468 95.4758 0.709929 0.703212 0.0386577 42.6552 -0.018274 -0.0364788 0.999167 1.72172
0.705659 -0.708207 -0.0220891 96.2154 0.708497 0.704876 0.0343722 43.4369 -0.00877252 -0.0399051 0.999165 1.74095
0.710405 -0.703227 -0.0282264 97.0475 0.703788 0.709673 0.0323555 44.2401 -0.00272178 -0.0428509 0.999078 1.72429
0.717723 -0.695461 -0.0347542 97.8662 0.696327 0.716956 0.0332153 45.0757 0.00181727 -0.0480397 0.998844 1.70967
0.725035 -0.687995 -0.031434 98.7694 0.688699 0.723978 0.0393576 45.991 -0.0043203 -0.0501842 0.998731 1.70868
0.730624 -0.682413 -0.0223871 99.636 0.682657 0.729477 0.0429285 46.8448 -0.0129641 -0.0466473 0.998827 1.69427
0.734546 -0.67832 -0.0180124 100.643 0.678434 0.733645 0.0386205 47.7638 -0.0129823 -0.0405888 0.999092 1.69371
0.732835 -0.679922 -0.0256771 101.612 0.680406 0.732256 0.0291196 48.6462 -0.000996877 -0.0388107 0.999246 1.70448
0.731411 -0.681253 -0.0305344 102.109 0.681934 0.730816 0.0295755 49.1536 0.00216659 -0.0424543 0.999096 1.69042
0.729233 -0.683598 -0.0302119 102.626 0.684263 0.728633 0.0296454 49.6557 0.00174779 -0.0422913 0.999104 1.70459
0.728237 -0.684817 -0.0263953 103.144 0.68532 0.727544 0.031879 50.1713 -0.00262752 -0.0413047 0.999143 1.72495
0.728393 -0.684922 -0.018022 103.721 0.685112 0.727784 0.0308355 50.6654 -0.00800377 -0.0348075 0.999362 1.73641
0.726693 -0.686717 -0.0183719 104.211 0.686882 0.72594 0.0347049 51.1711 -0.0104955 -0.0378391 0.999229 1.69753
0.725106 -0.688229 -0.0237056 104.775 0.688611 0.72435 0.0336461 51.7173 -0.00598503 -0.0407209 0.999153 1.70205
0.723343 -0.689914 -0.028169 105.342 0.690489 0.722687 0.0308077 52.2569 -0.000897333 -0.0417349 0.999128 1.70685
0.720618 -0.692676 -0.0301737 105.898 0.693332 0.719992 0.0300352 52.7993 0.000920148 -0.0425643 0.999093 1.70955
0.717566 -0.695839 -0.0301372 106.466 0.69649 0.716945 0.0298521 53.3254 0.000834404 -0.0424111 0.9991 1.69925
0.714985 -0.698712 -0.0244443 107.042 0.699137 0.714448 0.0277685 53.8646 -0.00193801 -0.036944 0.999316 1.69106
0.712984 -0.700672 -0.0266902 107.642 0.701164 0.712194 0.0338892 54.4151 -0.00473663 -0.0428767 0.999069 1.66845
0.712212 -0.701558 -0.0239049 108.225 0.701933 0.711444 0.0337247 54.9474 -0.00665286 -0.0407988 0.999145 1.65566
0.712084 -0.701806 -0.020121 108.794 0.702039 0.711379 0.0328866 55.5294 -0.00876636 -0.0375438 0.999257 1.64134
0.712396 -0.701523 -0.0188858 109.401 0.70172 0.711734 0.0320019 56.1571 -0.00900845 -0.0360506 0.999309 1.67181
0.711945 -0.702012 -0.0176985 109.994 0.702192 0.711398 0.0289699 56.7599 -0.00774658 -0.0330527 0.999424 1.66238
0.711674 -0.702231 -0.0198055 110.565 0.702481 0.711105 0.0291637 57.3609 -0.00639584 -0.034668 0.999378 1.65494
0.71188 -0.70183 -0.0257209 111.111 0.702286 0.711144 0.0327034 57.9259 -0.00466094 -0.0413444 0.999134 1.66986
0.713091 -0.700322 -0.0324084 111.726 0.70106 0.712055 0.0386372 58.5487 -0.00398191 -0.0502721 0.998728 1.67397
0.715132 -0.69828 -0.0314762 112.349 0.698973 0.714081 0.0390475 59.1538 -0.00478956 -0.0499251 0.998742 1.69423
0.717875 -0.695523 -0.0300642 112.911 0.69616 0.716928 0.0370862 59.7461 -0.00424041 -0.0475527 0.99886 1.70404
0.718979 -0.694395 -0.0297387 113.538 0.695027 0.718163 0.0343287 60.3647 -0.00248046 -0.0453508 0.998968 1.68944
0.720294 -0.693025 -0.0298828 114.199 0.693663 0.719439 0.0352156 60.983 -0.00290649 -0.0460942 0.998933 1.68214
0.720745 -0.692513 -0.0308479 114.816 0.693198 0.719925 0.0344254 61.5592 -0.0016319 -0.0461956 0.998931 1.70886
0.720855 -0.692469 -0.029226 115.44 0.693083 0.720098 0.0330869 62.1448 -0.00186608 -0.0441069 0.999025 1.71057
0.721671 -0.69165 -0.02848 116.064 0.692217 0.720739 0.0370215 62.7372 -0.00507929 -0.0464317 0.998909 1.68547
0.72331 -0.689963 -0.0278279 116.664 0.690462 0.722116 0.0425467 63.3399 -0.00926066 -0.0499886 0.998707 1.69935
0.724014 -0.689191 -0.0286394 117.279 0.689655 0.722444 0.0495115 63.9585 -0.0134325 -0.0555983 0.998363 1.69712
0.72424 -0.68907 -0.0256552 117.894 0.689475 0.723122 0.0414684 64.534 -0.0100228 -0.0477217 0.99881 1.68022
0.724602 -0.688574 -0.0285935 118.491 0.689167 0.724054 0.0281938 65.1093 0.0012897 -0.040135 0.999193 1.66482
0.723626 -0.689409 -0.0328776 119.09 0.690116 0.723433 0.0196167 65.6955 0.0102608 -0.0368845 0.999267 1.70336
0.722381 -0.69063 -0.0345842 119.671 0.691454 0.721984 0.0251168 66.2483 0.00762281 -0.0420572 0.999086 1.72177
0.721918 -0.691569 -0.023819 120.314 0.691948 0.721133 0.0342854 66.8809 -0.00653405 -0.0412328 0.999128 1.69002
0.722253 -0.6916 -0.00626095 120.975 0.691007 0.721191 0.0489076 67.5036 -0.0293092 -0.03965 0.998784 1.6905
0.721088 -0.692773 -0.00991266 121.576 0.692424 0.720078 0.0451292 68.0502 -0.0241264 -0.0394059 0.998932 1.69018
0.720215 -0.693421 -0.0213631 122.128 0.693664 0.719299 0.0379307 68.6188 -0.0109355 -0.0421371 0.999052 1.70886
0.719464 -0.693859 -0.0305267 122.722 0.69453 0.718783 0.0312946 69.1721 0.000228065 -0.043717 0.999044 1.73651
0.718268 -0.694999 -0.032679 123.321 0.695764 0.717606 0.0308789 69.7552 0.00198983 -0.0449162 0.998989 1.77557
0.716079 -0.697332 -0.0309698 123.901 0.698019 0.71532 0.0329641 70.341 -0.000833623 -0.0452224 0.998977 1.76937
0.713455 -0.700065 -0.0298487 124.464 0.700701 0.712788 0.0308529 70.9145 -0.000323212 -0.0429272 0.999078 1.77276
0.710149 -0.703388 -0.0305695 125.093 0.704048 0.709611 0.0277198 71.5485 0.00219469 -0.0412076 0.999148 1.77746
0.70725 -0.706234 -0.0321005 125.617 0.706962 0.70661 0.0301082 72.1526 0.00141906 -0.0439879 0.999031 1.78049
0.706028 -0.707275 -0.0358733 126.193 0.708184 0.705116 0.0358752 72.7148 -7.8762e-05 -0.0507338 0.998712 1.74473
0.705389 -0.707833 -0.0373913 126.769 0.70882 0.704375 0.0378125 73.3017 -0.000427434 -0.0531763 0.998585 1.79208
0.704332 -0.708981 -0.0355253 127.371 0.709859 0.703152 0.0409588 73.9065 -0.00405929 -0.0540666 0.998529 1.81524
0.702715 -0.710727 -0.0325487 127.905 0.711464 0.701758 0.0367925 74.4425 -0.00330814 -0.0490119 0.998793 1.85794
0.700438 -0.712981 -0.0323338 128.488 0.713713 0.699687 0.0324314 75.0247 -0.000499434 -0.0457933 0.998951 1.86573
0.698307 -0.715038 -0.0329813 129.103 0.715796 0.69769 0.029421 75.6168 0.00197357 -0.0441528 0.999023 1.86477
0.693073 -0.720215 -0.0306492 129.707 0.720866 0.692515 0.0278207 76.2261 0.00118814 -0.0413758 0.999143 1.85315
0.688088 -0.724965 -0.0309936 130.228 0.725627 0.687474 0.029058 76.7723 0.000241232 -0.0424842 0.999097 1.87438
0.684036 -0.729013 -0.0251854 130.78 0.729426 0.683344 0.0312824 77.4101 -0.00559504 -0.0397692 0.999193 1.90639
0.680207 -0.732776 -0.0189307 131.318 0.732865 0.679305 0.0381239 78.0035 -0.0150766 -0.0398058 0.999094 1.8826
0.678122 -0.73478 -0.0157734 131.89 0.734686 0.677148 0.0413214 78.6145 -0.0196812 -0.0396095 0.999021 1.89865
0.674874 -0.7376 -0.0221627 132.395 0.737814 0.67392 0.0382479 79.1933 -0.0132758 -0.0421644 0.999022 1.8997
0.670607 -0.741323 -0.0269336 132.926 0.741778 0.669785 0.0339651 79.752 -0.00713945 -0.042756 0.99906 1.88849
0.665059 -0.746204 -0.0295991 133.51 0.746788 0.664424 0.0291359 80.3938 -0.002075 -0.0414813 0.999137 1.86763
0.659441 -0.75109 -0.0316622 134.018 0.751755 0.658761 0.029984 80.9984 -0.00166287 -0.0435749 0.999049 1.89097
0.654357 -0.755464 -0.033041 134.54 0.756167 0.653408 0.035629 81.6222 -0.00532716 -0.0482986 0.998819 1.848
0.648192 -0.760681 -0.0348176 135.11 0.761465 0.647249 0.0352037 82.2704 -0.0042431 -0.0493312 0.998774 1.87225
0.641418 -0.766218 -0.038645 135.59 0.767191 0.640569 0.0329946 82.9202 -0.000526224 -0.0508115 0.998708 1.87568
0.634646 -0.771733 -0.0406495 136.098 0.772796 0.63398 0.0292356 83.5457 0.00320885 -0.049968 0.998746 1.85951
0.627769 -0.777336 -0.0406731 136.603 0.778395 0.62709 0.0293214 84.1943 0.00271307 -0.0500668 0.998742 1.87039
0.620804 -0.782882 -0.0412134 137.105 0.783962 0.619776 0.0357945 84.8804 -0.00247973 -0.0545311 0.998509 1.90728
0.614764 -0.787821 -0.0374574 137.634 0.788646 0.61341 0.0420147 85.5406 -0.0101233 -0.0553698 0.998415 1.90234
0.609152 -0.792255 -0.0355661 138.121 0.792918 0.607607 0.0457773 86.2061 -0.0146571 -0.0560863 0.998318 1.90655
0.603247 -0.796787 -0.0349786 138.606 0.79737 0.601584 0.0479262 86.8495 -0.0171444 -0.0568022 0.998238 1.88532
0.599372 -0.79958 -0.0377518 139.12 0.800316 0.597665 0.0478516 87.5412 -0.0156982 -0.0588943 0.998141 1.87668
0.595902 -0.801915 -0.042825 139.607 0.802999 0.594366 0.0438341 88.2467 -0.00969745 -0.0605093 0.998121 1.90507
0.592828 -0.80395 -0.0471152 140.051 0.805308 0.591377 0.0418571 88.8571 -0.00578817 -0.0627564 0.998012 1.87456
0.589456 -0.806116 -0.0521306 140.537 0.807799 0.588118 0.0397287 89.5609 -0.00136696 -0.0655294 0.99785 1.8734
0.587887 -0.807118 -0.0543026 141.021 0.808942 0.586448 0.0411278 90.2286 -0.00134931 -0.0681062 0.997677 1.88168
0.585234 -0.809125 -0.0530855 141.497 0.810821 0.583267 0.0486655 90.9166 -0.00841347 -0.0715236 0.997403 1.85995
0.583017 -0.810938 -0.0497037 141.988 0.812197 0.580179 0.0610671 91.631 -0.0206847 -0.0759723 0.996895 1.90307
0.578939 -0.814157 -0.0444675 142.4 0.815133 0.576592 0.0556752 92.2352 -0.0196887 -0.0684795 0.997458 1.86953
0.574194 -0.817765 -0.0395182 142.909 0.81864 0.572801 0.0415648 92.8795 -0.0113542 -0.0562175 0.998354 1.89874
0.569123 -0.82125 -0.0405936 143.369 0.822238 0.568128 0.0339872 93.5573 -0.00484962 -0.0527205 0.998598 1.88884
0.564015 -0.824354 -0.0482541 143.844 0.825756 0.562778 0.0375177 94.2541 -0.00377153 -0.0610067 0.99813 1.85919
0.557676 -0.828891 -0.0440144 144.304 0.829996 0.5562 0.0418129 94.941 -0.0101775 -0.0598499 0.998156 1.84961
0.550705 -0.83395 -0.0353878 144.761 0.834535 0.549257 0.0432234 95.6865 -0.0166091 -0.0533357 0.998439 1.8813
0.545724 -0.837501 -0.0278681 145.231 0.837738 0.544501 0.0413872 96.4082 -0.0194876 -0.0459322 0.998755 1.86737
0.541452 -0.840598 -0.0150024 145.7 0.840526 0.540839 0.0317633 97.0955 -0.0185863 -0.0298082 0.999383 1.90715
0.536073 -0.844122 -0.00913292 146.155 0.844035 0.535761 0.0237903 97.763 -0.0151889 -0.0204619 0.999675 1.92155
0.530177 -0.847739 -0.0158111 146.602 0.847858 0.529913 0.0181514 98.4636 -0.00700914 -0.023029 0.99971 1.87949
0.524158 -0.851353 -0.0213848 147.061 0.85162 0.523955 0.0146229 99.1511 -0.00124458 -0.0258764 0.999664 1.84213
0.518589 -0.854526 -0.0291705 147.469 0.855001 0.518024 0.0249973 99.8803 -0.00624987 -0.0379041 0.999262 1.84613
0.51434 -0.857251 -0.0239711 147.912 0.857391 0.513425 0.0357067 100.617 -0.0183022 -0.038918 0.999075 1.86411
0.50993 -0.860012 -0.0187115 148.325 0.859796 0.508881 0.042324 101.35 -0.0268772 -0.0376704 0.998929 1.87467
0.507621 -0.861478 -0.0132569 148.725 0.861178 0.506853 0.0383769 102.042 -0.0263415 -0.0308975 0.999175 1.848
0.505453 -0.862705 -0.0160526 149.158 0.862665 0.504866 0.0303208 102.777 -0.0180535 -0.0291737 0.999411 1.80893
0.50271 -0.864071 -0.0257882 149.531 0.864412 0.502163 0.0249842 103.515 -0.00863826 -0.0348515 0.999355 1.78012
0.501097 -0.864727 -0.0338835 149.931 0.865379 0.500499 0.0248867 104.225 -0.00456153 -0.0417927 0.999116 1.79087
0.499629 -0.865639 -0.0322483 150.393 0.866193 0.498871 0.0289446 104.977 -0.00896779 -0.0423948 0.999061 1.79776
0.499185 -0.86604 -0.0280873 150.813 0.866371 0.4983 0.0331437 105.751 -0.0147078 -0.0408788 0.999056 1.79847
0.49914 -0.866074 -0.0278458 151.202 0.866287 0.498 0.0392849 106.454 -0.0201564 -0.0437311 0.99884 1.77519
0.497216 -0.867283 -0.0244255 151.646 0.867367 0.496182 0.0384452 107.262 -0.0212233 -0.0403014 0.998962 1.75728
0.496299 -0.867977 -0.0173942 152.049 0.868054 0.495843 0.0249351 108.002 -0.0130184 -0.0274744 0.999538 1.73822
0.49344 -0.869648 -0.0151532 152.442 0.869768 0.493267 0.0138337 108.697 -0.0045559 -0.0200059 0.999789 1.75733
0.491755 -0.870563 -0.0172123 152.889 0.870733 0.49168 0.0086565 109.473 0.000926932 -0.0192442 0.999814 1.77428
0.490359 -0.871098 -0.0271497 153.242 0.8715 0.489893 0.0222148 110.186 -0.00605086 -0.0345542 0.999385 1.74294
0.489386 -0.871568 -0.0294996 153.638 0.871965 0.488532 0.0318326 110.908 -0.0133328 -0.041301 0.999058 1.75293
0.488661 -0.872119 -0.0248603 154.13 0.872316 0.487833 0.0329007 111.731 -0.0165657 -0.0377634 0.999149 1.72001
0.487471 -0.872676 -0.0284267 154.536 0.873043 0.486679 0.0306428 112.508 -0.0129066 -0.0397553 0.999126 1.71461
0.486948 -0.873147 -0.0222707 154.89 0.873382 0.486493 0.0229792 113.227 -0.00922967 -0.0306405 0.999488 1.72807
0.487419 -0.87275 -0.0270319 155.29 0.873125 0.486854 0.0250118 113.963 -0.00866846 -0.0357935 0.999322 1.73304
0.48668 -0.872808 -0.0367295 155.701 0.873513 0.485691 0.0328403 114.705 -0.0108241 -0.0480664 0.998786 1.71193
0.486376 -0.872983 -0.0366033 156.121 0.873645 0.485243 0.0358254 115.481 -0.0135134 -0.0494029 0.998688 1.73603
0.486125 -0.873062 -0.0379988 156.524 0.87375 0.484814 0.038936 116.229 -0.0155712 -0.0521292 0.998519 1.73054
0.485091 -0.873521 -0.040599 156.898 0.874317 0.483636 0.0408031 116.952 -0.0160072 -0.0552896 0.998342 1.70022
0.484599 -0.873782 -0.0408445 157.306 0.874639 0.48332 0.0375354 117.665 -0.0130567 -0.0539138 0.99846 1.68818
0.483368 -0.874552 -0.0389 157.666 0.875372 0.482414 0.0316287 118.38 -0.00889501 -0.0493403 0.998742 1.69925
0.482524 -0.875038 -0.0384643 158.045 0.875838 0.481589 0.0313169 119.093 -0.00887953 -0.0487996 0.998769 1.74362
0.481097 -0.875888 -0.0369614 158.42 0.876534 0.479861 0.0377002 119.764 -0.0152849 -0.0505354 0.998605 1.72664
0.47991 -0.876754 -0.0314417 158.826 0.876932 0.478328 0.0468245 120.478 -0.0260142 -0.0500438 0.998408 1.73454
0.479322 -0.877026 -0.032807 159.235 0.877176 0.47752 0.0503764 121.154 -0.0285154 -0.052924 0.998191 1.69174
0.478037 -0.877901 -0.0277533 159.589 0.878045 0.47682 0.0409721 121.831 -0.0227361 -0.0439549 0.998775 1.68235
0.479524 -0.877105 -0.0272606 160.256 0.877466 0.478885 0.0268819 123.073 -0.0105235 -0.0368107 0.999267 1.76326
0.482018 -0.875657 -0.0297158 160.915 0.876158 0.481643 0.0191883 124.281 -0.00248998 -0.0352848 0.999374 1.74563
0.490621 -0.870887 -0.0291023 161.548 0.871333 0.490005 0.0259616 125.506 -0.0083494 -0.0380951 0.999239 1.73775
0.501155 -0.864888 -0.0284846 162.236 0.865123 0.499982 0.0397581 126.668 -0.0201445 -0.0445677 0.998803 1.75018
0.513521 -0.857367 -0.0349034 162.87 0.858026 0.51262 0.0318236 127.809 -0.00939232 -0.0462901 0.998884 1.70663
0.526385 -0.849259 -0.040962 163.545 0.850236 0.526006 0.0204232 128.912 0.00420163 -0.0455779 0.998952 1.72581
0.536393 -0.843127 -0.0376644 164.218 0.843962 0.53568 0.0278483 130.062 -0.00330359 -0.046725 0.998902 1.78186
0.546869 -0.836803 -0.0263762 164.89 0.837182 0.546282 0.0264897 131.038 -0.00775784 -0.0365681 0.999301 1.80316
0.550148 -0.834574 -0.0287028 165.61 0.835009 0.549376 0.0307736 132.074 -0.00991423 -0.0408971 0.999114 1.79653
0.549929 -0.834854 -0.024439 166.366 0.835081 0.54909 0.033777 133.198 -0.0147796 -0.0389834 0.999131 1.82579
0.549278 -0.835321 -0.0230569 167.035 0.835572 0.548676 0.027811 134.228 -0.0105804 -0.0345417 0.999347 1.82624
0.546318 -0.836882 -0.0341183 167.727 0.837559 0.546126 0.0155604 135.324 0.0056107 -0.037077 0.999297 1.79239
0.539276 -0.841468 -0.0333643 168.429 0.842129 0.538869 0.0209523 136.456 0.000348295 -0.0393962 0.999224 1.83586
0.532022 -0.846379 -0.0243858 169.15 0.846366 0.530728 0.0446441 137.629 -0.0248436 -0.044391 0.998705 1.82551
0.528859 -0.848561 -0.0158674 169.553 0.848124 0.527706 0.0470348 138.24 -0.0315386 -0.0383323 0.998767 1.82599
0.524347 -0.851268 -0.0200761 170.28 0.851174 0.523341 0.0402119 139.417 -0.0237244 -0.0381733 0.99899 1.77604
0.519156 -0.854471 -0.0188723 170.99 0.8546 0.518679 0.0251222 140.614 -0.0116775 -0.0291706 0.999506 1.7823
0.517732 -0.855536 -0.00331803 171.762 0.855373 0.517548 0.0219523 141.771 -0.0170638 -0.0142036 0.999754 1.80605
0.516434 -0.856326 0.00122546 172.111 0.856093 0.516325 0.022654 142.388 -0.020032 -0.0106502 0.999743 1.76694
0.515661 -0.856786 0.00331999 172.478 0.856612 0.515628 0.0185322 143.007 -0.01759 -0.00671238 0.999823 1.78414
0.513737 -0.857914 0.00766096 173.174 0.857873 0.513789 0.00860731 144.135 -0.0113204 0.00215024 0.999934 1.78292
0.51275 -0.858414 0.014573 173.949 0.858342 0.512922 0.0126633 145.378 -0.0183452 0.00601553 0.999814 1.79567
0.511938 -0.858844 0.0175285 174.302 0.858768 0.512176 0.0139147 146.012 -0.0209283 0.00792941 0.99975 1.8187
0.511472 -0.859127 0.0172414 174.953 0.859204 0.511612 0.00468359 147.101 -0.0128447 0.0124184 0.99984 1.80212
0.511992 -0.85896 0.00718517 175.649 0.858986 0.511999 -0.00105064 148.285 -0.00277634 0.00670988 0.999974 1.75117
0.51196 -0.858982 0.00683005 176.323 0.858985 0.511989 0.0034834 149.435 -0.00648909 0.00408355 0.999971 1.78342
0.511678 -0.859007 0.0171159 177.007 0.858996 0.511878 0.0103893 150.548 -0.0176857 0.00938656 0.9998 1.84226
0.508465 -0.860759 0.0236178 177.586 0.860759 0.508835 0.0134545 151.589 -0.0235986 0.0134881 0.999631 1.83545
0.496498 -0.867525 0.0298235 178.161 0.867812 0.496859 0.00572466 152.537 -0.0197844 0.0230389 0.999539 1.8612
0.476148 -0.878946 0.0271415 178.669 0.879244 0.476368 0.00190286 153.503 -0.0146018 0.0229579 0.99963 1.80112
0.444646 -0.895227 0.0293149 179.079 0.895642 0.444768 -0.0025754 154.47 -0.0107328 0.0274008 0.999567 1.8085
0.397349 -0.917121 0.0316575 179.424 0.917535 0.397642 0.00329345 155.389 -0.0156089 0.0277382 0.999493 1.83152
0.336462 -0.941145 0.0322433 179.808 0.941603 0.336714 0.00257608 156.356 -0.0132813 0.0294937 0.999477 1.87798
0.257296 -0.966 0.0253707 179.969 0.96632 0.257336 -0.00172022 157.206 -0.00486706 0.0249588 0.999677 1.82385
0.111225 -0.993793 -0.00216535 180.059 0.993794 0.111221 0.00202571 158.482 -0.00177231 -0.00237723 0.999996 1.83343
-0.0586012 -0.997743 -0.0327867 179.89 0.998261 -0.0587779 0.00445389 159.738 -0.00637097 -0.0324687 0.999453 1.82399
-0.174203 -0.98367 -0.0452419 179.698 0.984422 -0.175078 0.0161317 160.589 -0.0237891 -0.041727 0.998846 1.83148
-0.284909 -0.956736 -0.0590151 179.381 0.957492 -0.286951 0.0294552 161.398 -0.0451153 -0.0481145 0.997822 1.76302
-0.391771 -0.917832 -0.064027 179.016 0.918513 -0.3942 0.0306578 162.18 -0.0533781 -0.0467988 0.997477 1.7564
-0.496832 -0.866286 -0.0520187 178.586 0.866426 -0.498555 0.0273625 162.897 -0.049638 -0.0314758 0.998271 1.76158
-0.596401 -0.80163 -0.0411634 178.056 0.801528 -0.597511 0.0230968 163.522 -0.0431107 -0.0192187 0.998885 1.70879
-0.677493 -0.734251 -0.0433451 177.475 0.734246 -0.678615 0.0190808 164.152 -0.0434247 -0.0188988 0.998878 1.63575
-0.743047 -0.6678 -0.0438775 176.752 0.66769 -0.74419 0.0192661 164.768 -0.0455191 -0.014981 0.998851 1.60083
-0.792784 -0.608051 -0.0420481 176.002 0.607929 -0.793807 0.0171086 165.315 -0.043781 -0.0119988 0.998969 1.56168
-0.826516 -0.561404 -0.0411867 175.161 0.561348 -0.827461 0.0140123 165.832 -0.0419469 -0.0115387 0.999053 1.50705
-0.850177 -0.52491 -0.0408503 174.263 0.525042 -0.851036 0.00828501 166.313 -0.0391139 -0.0144044 0.999131 1.45501
-0.861823 -0.505545 -0.0410459 173.33 0.505863 -0.862609 0.00299314 166.921 -0.0369197 -0.018184 0.999153 1.41499
-0.867682 -0.495532 -0.0396868 172.297 0.496017 -0.868308 -0.0027821 167.436 -0.0330818 -0.0220993 0.999208 1.41224
-0.870232 -0.491038 -0.0397172 171.225 0.491456 -0.870902 -0.000879057 168.041 -0.0341582 -0.0202842 0.999211 1.37288
-0.870391 -0.490974 -0.0369254 170.051 0.491228 -0.871028 0.00249722 168.684 -0.0333891 -0.0159652 0.999315 1.34487
-0.869832 -0.492121 -0.0347669 169.395 0.492335 -0.870402 0.00270668 169.044 -0.0315932 -0.0147626 0.999392 1.30624
-0.868906 -0.493861 -0.0332136 168.154 0.494145 -0.869379 -0.000385393 169.754 -0.0286849 -0.0167472 0.999448 1.25506
-0.867959 -0.495542 -0.0329528 167.491 0.495819 -0.868426 -0.000254253 170.127 -0.0284911 -0.0165593 0.999457 1.2313
-0.86767 -0.496168 -0.0310919 166.797 0.496398 -0.868095 0.00036497 170.482 -0.0271719 -0.0151173 0.999516 1.23838
-0.866592 -0.498025 -0.031441 166.067 0.498291 -0.86701 -0.000712663 170.932 -0.0269047 -0.0162843 0.999505 1.2017
-0.865875 -0.499283 -0.0312535 165.368 0.499497 -0.866315 0.00106746 171.318 -0.0276083 -0.0146867 0.999511 1.16618
-0.865286 -0.50039 -0.0298156 164.65 0.500499 -0.865726 0.00421638 171.708 -0.027922 -0.0112743 0.999547 1.15401
-0.864709 -0.501458 -0.0285872 163.91 0.501442 -0.865152 0.00824401 172.155 -0.0288663 -0.00720615 0.999557 1.12926
-0.863957 -0.502634 -0.0306244 163.172 0.502567 -0.864476 0.0104341 172.589 -0.0317186 -0.00637619 0.999476 1.10252
-0.863236 -0.50359 -0.0349493 162.389 0.503581 -0.863894 0.00968244 173.024 -0.0350685 -0.0092416 0.999342 1.09204
-0.86309 -0.503771 -0.0359176 161.595 0.503704 -0.863799 0.011564 173.516 -0.0368512 -0.00811109 0.999288 1.08401
-0.863175 -0.503534 -0.0371716 160.821 0.503402 -0.863947 0.0135166 173.961 -0.0389204 -0.0070451 0.999218 1.04622
-0.863205 -0.503577 -0.0358728 160.046 0.503474 -0.86392 0.0125226 174.396 -0.0372973 -0.00725144 0.999278 1.03619
-0.863867 -0.502695 -0.0321176 159.284 0.502639 -0.864434 0.0103945 174.826 -0.0329888 -0.00716404 0.99943 1.02398
-0.86491 -0.500934 -0.0315382 158.55 0.500867 -0.86546 0.0105736 175.252 -0.0325917 -0.00665124 0.999447 0.956169
-0.866685 -0.497675 -0.0342913 157.798 0.497587 -0.867335 0.0116598 175.693 -0.0355448 -0.00695756 0.999344 0.937791
-0.867809 -0.495462 -0.0377318 156.995 0.49518 -0.868621 0.0171477 176.164 -0.0412707 -0.00380308 0.999141 0.926149
-0.869811 -0.491761 -0.0400036 156.218 0.491374 -0.870727 0.0196639 176.581 -0.0445021 -0.0025529 0.999006 0.90065
-0.871516 -0.488728 -0.0400561 155.468 0.488148 -0.872435 0.0238471 176.998 -0.0466011 0.00122983 0.998913 0.869704
-0.872377 -0.487344 -0.0381195 154.695 0.486774 -0.873207 0.0236769 177.444 -0.044825 0.00209964 0.998993 0.845519
-0.874196 -0.484183 -0.0367068 153.931 0.483739 -0.874967 0.0207315 177.871 -0.042155 0.000366873 0.999111 0.818927
-0.87556 -0.481814 -0.0353642 153.176 0.481414 -0.876274 0.0196263 178.28 -0.0404449 0.000159214 0.999182 0.77955
-0.875845 -0.481322 -0.0350065 152.426 0.480881 -0.876543 0.02063 178.676 -0.0406144 0.00123474 0.999174 0.740486
-0.876261 -0.480569 -0.034929 151.653 0.480257 -0.876956 0.0173697 179.069 -0.0389785 -0.00155452 0.999239 0.734141
-0.876882 -0.479497 -0.0340488 150.89 0.479403 -0.877521 0.0114022 179.469 -0.0353459 -0.00632473 0.999355 0.734949
-0.87668 -0.47994 -0.0330121 150.118 0.479935 -0.877262 0.00858368 179.882 -0.0330799 -0.00831852 0.999418 0.720365
-0.877245 -0.478789 -0.034675 149.373 0.47893 -0.877841 0.00465851 180.26 -0.0326696 -0.0125202 0.999388 0.675451
-0.876114 -0.480826 -0.035093 148.646 0.480941 -0.876735 0.00562677 180.664 -0.0334727 -0.011948 0.999368 0.665912
-0.875282 -0.482379 -0.0345213 147.867 0.482493 -0.875882 0.00550613 181.087 -0.0328927 -0.0118369 0.999389 0.6648
-0.874436 -0.483901 -0.0346785 147.113 0.484071 -0.87502 0.00387488 181.502 -0.0322194 -0.0133985 0.999391 0.647679
-0.873338 -0.48571 -0.0369853 146.412 0.485897 -0.874005 0.00433048 181.867 -0.0344287 -0.0141891 0.999306 0.608555
