0.477284 -0.878556 0.0184031 0.681433 0.878745 0.477243 -0.00686302 0.552625 -0.00275319 0.0194472 0.999807 0.791128
0.476231 -0.879204 0.0142851 1.12346 0.879319 0.476196 -0.00596318 1.34353 -0.00155967 0.015401 0.99988 0.790924
0.475315 -0.87972 0.012963 1.52153 0.879815 0.475286 -0.00544893 2.13398 -0.00136758 0.013995 0.999901 0.788512
0.474152 -0.880334 0.0138732 1.94988 0.88044 0.474134 -0.00472444 2.9393 -0.00241866 0.0144546 0.999893 0.801341
0.472395 -0.881267 0.0145504 2.36209 0.88138 0.47239 -0.00397665 3.74915 -0.00336899 0.014703 0.999886 0.808407
0.471732 -0.881615 0.0150014 2.79626 0.881733 0.471737 -0.00341448 4.57029 -0.00406645 0.0148379 0.999882 0.811405
0.470199 -0.882431 0.0151183 3.23045 0.882555 0.470189 -0.00443255 5.36992 -0.00319705 0.0154269 0.999876 0.807607
0.46918 -0.882957 0.01602 3.66263 0.883098 0.469159 -0.00528352 6.19273 -0.0028508 0.0166261 0.999858 0.819298
0.468584 -0.883276 0.0159024 4.08542 0.88341 0.468586 -0.00384657 7.01816 -0.00405405 0.0158508 0.999866 0.825365
0.468186 -0.883487 0.0158841 4.52237 0.883602 0.468239 -0.000455246 7.83364 -0.00703533 0.0142483 0.999874 0.824198
0.468952 -0.883056 0.017194 4.95688 0.88316 0.469064 0.00288872 8.67904 -0.010616 0.0138303 0.999848 0.826294
0.470166 -0.882361 0.0195766 5.41246 0.882484 0.470324 0.00416054 9.51742 -0.0128785 0.0153199 0.9998 0.823978
0.471645 -0.881515 0.0219424 5.84289 0.881676 0.471837 0.00424285 10.3538 -0.0140934 0.0173449 0.99975 0.812669
0.472834 -0.880855 0.0228539 6.28695 0.881065 0.472991 0.00171301 11.2056 -0.0123186 0.0193258 0.999737 0.813016
0.474082 -0.88024 0.0205644 6.73192 0.880442 0.47415 -0.00172833 12.0449 -0.00822925 0.0189251 0.999787 0.803554
0.474883 -0.879845 0.0189496 7.17501 0.880035 0.474886 -0.00466635 12.8971 -0.00489323 0.0188923 0.99981 0.809319
0.475653 -0.879476 0.0166211 7.63948 0.879613 0.475685 -0.00221638 13.7349 -0.00595716 0.0156743 0.999859 0.812119
0.47568 -0.879423 0.018529 8.10386 0.879559 0.475787 0.00156444 14.6014 -0.0101917 0.0155532 0.999827 0.809599
0.47511 -0.879564 0.025259 8.57206 0.87982 0.475303 0.00190448 15.4512 -0.0136808 0.0213185 0.999679 0.803229
0.473993 -0.879802 0.0357678 9.03602 0.880422 0.474176 -0.0037173 16.3122 -0.0136897 0.0332527 0.999353 0.804593
0.472989 -0.880275 0.0373868 9.49778 0.881004 0.473042 -0.00797368 17.1621 -0.0106665 0.0367093 0.999269 0.795254
0.471533 -0.881153 0.0350249 9.96695 0.881818 0.471474 -0.0104346 18.0439 -0.00731883 0.0358059 0.999332 0.80077
0.469816 -0.882245 0.0302842 10.4287 0.882744 0.469759 -0.00943366 18.9268 -0.00590348 0.0311653 0.999497 0.795395
0.468877 -0.882798 0.0286601 10.903 0.883233 0.468884 -0.00688221 19.8139 -0.00736265 0.0285404 0.999566 0.798544
0.467768 -0.883386 0.0286648 11.3582 0.883796 0.467856 -0.00397479 20.7051 -0.00989971 0.0271931 0.999581 0.792064
0.466776 -0.883961 0.0270777 11.8271 0.884304 0.466909 -0.00156286 21.601 -0.0112613 0.0246744 0.999632 0.799039
0.46597 -0.884449 0.0249481 12.2958 0.884707 0.466145 0.00136825 22.4918 -0.0128396 0.0214342 0.999688 0.7892
0.465939 -0.884493 0.0239312 12.7819 0.884664 0.46619 0.00595873 23.4057 -0.0164269 0.0183947 0.999696 0.803682
0.46579 -0.884575 0.023819 13.2342 0.88469 0.466093 0.00897939 24.3137 -0.0190448 0.0168899 0.999676 0.784973
0.465674 -0.884695 0.021485 13.6876 0.88476 0.465945 0.00974776 25.1483 -0.0186346 0.0144698 0.999722 0.777647
0.465599 -0.884715 0.0222897 14.1721 0.884822 0.465859 0.00811896 26.0633 -0.0175668 0.0159422 0.999719 0.76771
0.465807 -0.884628 0.0213657 14.5701 0.884756 0.466017 0.00592471 26.9099 -0.015198 0.0161436 0.999754 0.748285
0.465207 -0.885019 0.0179768 15.0256 0.885071 0.465391 0.00771237 27.7827 -0.0151918 0.0123229 0.999809 0.747883
0.464251 -0.885483 0.0197942 15.518 0.88556 0.464462 0.00760674 28.6826 -0.0159293 0.0139975 0.999775 0.747966
0.463533 -0.885861 0.0196671 15.9812 0.885914 0.463761 0.00901837 29.5589 -0.0171098 0.013243 0.999766 0.734709
0.463026 -0.88602 0.0240061 16.4154 0.886208 0.46326 0.00502549 30.4496 -0.0155738 0.0189475 0.999699 0.723594
0.46273 -0.886267 0.0202906 16.8498 0.88643 0.462858 0.00188841 31.31 -0.0110653 0.0171124 0.999792 0.719041
0.462593 -0.886407 0.0170482 17.3007 0.886524 0.462681 0.00138751 32.1693 -0.00911778 0.0144718 0.999854 0.718895
0.462056 -0.886775 0.0115788 17.7835 0.886772 0.462149 0.00731259 33.0561 -0.0118358 0.00688894 0.999906 0.741392
0.462207 -0.886633 0.0156874 18.2139 0.886637 0.462373 0.00928447 33.9244 -0.0154853 0.00961765 0.999834 0.737094
0.461433 -0.886975 0.0188693 18.6509 0.88703 0.461637 0.00826941 34.7875 -0.0160455 0.0129219 0.999788 0.727724
0.461898 -0.886676 0.0213554 19.1083 0.886798 0.462114 0.00633747 35.6411 -0.0154879 0.0160106 0.999752 0.716357
0.461606 -0.886755 0.0242168 19.5573 0.88697 0.461814 0.00351973 36.483 -0.0143048 0.0198548 0.999701 0.713707
0.460494 -0.88734 0.0239586 19.9901 0.887545 0.460705 0.00390302 37.3516 -0.0145011 0.019467 0.999705 0.725347
0.460068 -0.88749 0.0264362 20.4252 0.887709 0.460364 0.0061514 38.2119 -0.0176296 0.0206376 0.999632 0.724582
0.459089 -0.887834 0.0314394 20.8875 0.888109 0.459547 0.0088874 39.0757 -0.0223384 0.0238415 0.999466 0.718532
0.458381 -0.888098 0.0341973 21.3205 0.888407 0.45894 0.010378 39.9285 -0.0249112 0.025624 0.999361 0.68897
0.456947 -0.888828 0.0344228 21.7444 0.889192 0.457458 0.00837786 40.7766 -0.0231935 0.0267802 0.999372 0.696065
0.455635 -0.889581 0.0322864 22.1602 0.890008 0.455939 0.00235072 41.6261 -0.0168118 0.0276641 0.999476 0.675898
0.455191 -0.89001 0.0261226 22.5801 0.890321 0.455333 -0.000604981 42.4364 -0.011356 0.0235329 0.999659 0.6652
0.454427 -0.89064 0.016023 22.9568 0.890712 0.454545 0.00448478 43.1773 -0.0112775 0.0122339 0.999862 0.660132
0.453371 -0.891211 0.0140355 23.3792 0.891216 0.453504 0.00828818 44.0274 -0.0137517 0.00875102 0.999867 0.661497
0.452445 -0.891678 0.0142686 23.7852 0.891666 0.452592 0.00963193 44.83 -0.0150464 0.00836486 0.999852 0.662385
0.450878 -0.892417 0.0173734 24.1547 0.892458 0.451057 0.00811124 45.5708 -0.015075 0.0118479 0.999816 0.654572
0.449427 -0.893217 0.013389 24.5362 0.893181 0.44957 0.0107165 46.3562 -0.0155915 0.00714254 0.999853 0.662584
0.448491 -0.893708 0.0119521 24.9286 0.893651 0.448616 0.0114803 47.1337 -0.0156219 0.00553219 0.999863 0.676939
0.447406 -0.894256 0.0115691 25.273 0.894188 0.447528 0.0120937 47.8213 -0.0159924 0.00493419 0.99986 0.68674
0.446618 -0.894657 0.01102 25.6312 0.894557 0.446739 0.013875 48.5777 -0.0173365 0.00366122 0.999843 0.681502
0.4453 -0.895323 0.010248 25.9847 0.895162 0.445415 0.0170488 49.3354 -0.0198288 0.00158178 0.999802 0.672963
0.444671 -0.895648 0.00903545 26.3241 0.895394 0.444761 0.0213985 50.0169 -0.0231841 -0.00142501 0.99973 0.675482
0.442445 -0.896729 0.010974 26.6788 0.896412 0.44258 0.0238201 50.7307 -0.0262171 -0.000701891 0.999656 0.642799
0.440863 -0.897516 0.010281 27.0078 0.89727 0.440982 0.0209836 51.3929 -0.0233669 -2.60137e-05 0.999727 0.65219
0.439024 -0.898418 0.0101593 27.6265 0.898415 0.439097 0.00658942 52.7574 -0.010381 0.00623436 0.999927 0.630262
0.438195 -0.898879 -0.00101899 28.2341 0.898807 0.438145 0.013263 53.9711 -0.0114754 -0.00672768 0.999912 0.655411
0.435858 -0.899987 0.0071421 28.801 0.899942 0.43591 0.00929802 55.1359 -0.0114814 0.00237487 0.999931 0.651585
0.436865 -0.899458 0.0111459 29.3397 0.89952 0.436878 -0.00139107 56.1972 -0.00361817 0.0106336 0.999937 0.651262
0.442934 -0.896547 0.00372832 29.813 0.896544 0.442945 0.00284942 57.2803 -0.00420608 0.0020805 0.999989 0.670392
0.452537 -0.891704 0.00855687 30.3071 0.891683 0.452598 0.00752192 58.2446 -0.0105802 0.00422607 0.999935 0.712842
0.469063 -0.88305 0.0142525 30.8033 0.88304 0.469207 0.00923667 59.1829 -0.0148438 0.00825292 0.999856 0.713417
0.497802 -0.867271 0.00591907 31.2923 0.867147 0.497832 0.0148337 60.0739 -0.0158115 -0.00225154 0.999873 0.716118
0.542134 -0.840236 0.00970112 31.8012 0.840111 0.54222 0.0144914 60.7824 -0.0174363 0.000293741 0.999848 0.722903
0.593822 -0.804495 0.0127867 32.3773 0.804291 0.593959 0.018112 61.5 -0.0221658 -0.000471085 0.999754 0.731012
0.656375 -0.75431 0.0137001 32.9703 0.754065 0.656514 0.0193664 62.1529 -0.0236026 -0.00238089 0.999719 0.715172
0.726221 -0.687351 0.0123044 33.59 0.687085 0.726299 0.0200879 62.6942 -0.0227441 -0.00613409 0.999723 0.707774
0.801297 -0.598153 0.0116651 34.2176 0.597923 0.801345 0.0182728 63.2074 -0.0202777 -0.00766711 0.999765 0.688276
0.870013 -0.492928 0.0100035 34.8724 0.49273 0.870013 0.0171792 63.5605 -0.0171712 -0.0100171 0.999802 0.669541
0.926458 -0.376271 0.00979432 35.6079 0.376121 0.92646 0.0142937 63.856 -0.0144524 -0.00955868 0.99985 0.674945
0.980669 -0.195104 0.0149424 36.7246 0.194858 0.980693 0.0164658 64.0816 -0.0178665 -0.0132358 0.999753 0.673197
0.999661 -0.0212862 0.0150088 37.7946 0.0211361 0.999726 0.0100803 64.0574 -0.0152193 -0.00975969 0.999837 0.688705
0.991161 0.132161 0.0115632 38.8773 -0.132282 0.991158 0.0103601 64.0098 -0.0100918 -0.0117981 0.99988 0.651178
0.969136 0.246139 0.0138085 39.9848 -0.246088 0.969233 -0.00527711 63.6798 -0.0146825 0.00171615 0.999891 0.701727
0.952441 0.304542 0.0105205 40.7259 -0.30465 0.952403 0.0107961 63.4494 -0.00673191 -0.0134877 0.999886 0.664151
0.935837 0.352412 0.00387369 41.4346 -0.352431 0.935814 0.00663401 63.1343 -0.00128715 -0.00757356 0.999971 0.66959
0.920658 0.39028 -0.0083608 42.1787 -0.390281 0.920695 0.00163105 62.8174 0.00833431 0.00176142 0.999964 0.652967
0.907007 0.421094 -0.00426036 43.0099 -0.421057 0.907003 0.00748949 62.4038 0.00701794 -0.00499917 0.999963 0.685852
0.89452 0.447028 -9.17111e-05 43.891 -0.447024 0.894514 0.00376816 61.9687 0.00176651 -0.0033297 0.999993 0.696114
0.883101 0.469174 -0.00304539 44.7327 -0.46918 0.883102 -0.0016432 61.4655 0.00191844 0.00287993 0.999994 0.692065
0.876782 0.480865 -0.00462042 45.7102 -0.480884 0.876771 -0.0048106 60.9093 0.0017378 0.00643974 0.999978 0.697042
0.871237 0.490819 -0.00656576 46.7447 -0.490851 0.871231 -0.00472112 60.3201 0.00340308 0.00733603 0.999967 0.70875
0.866051 0.499903 -0.00728232 47.8253 -0.499939 0.866048 -0.00453164 59.719 0.00404147 0.00756535 0.999963 0.712222
0.863447 0.504396 -0.0066689 48.9377 -0.50443 0.863437 -0.00514307 59.0369 0.00316404 0.00780475 0.999965 0.713559
0.863464 0.504328 -0.00910112 50.0732 -0.504402 0.86341 -0.0100752 58.3593 0.00277677 0.0132902 0.999908 0.713404
0.866644 0.498797 -0.0114318 51.3004 -0.498919 0.866535 -0.0140163 57.6236 0.00291479 0.0178507 0.999837 0.71497
0.868862 0.4949 -0.0124095 51.9406 -0.495046 0.868728 -0.0155691 57.2517 0.00307535 0.0196707 0.999802 0.722883
0.871487 0.490296 -0.0110008 52.6286 -0.490411 0.871389 -0.0134056 56.8714 0.00301324 0.0170777 0.99985 0.717663
0.874148 0.485568 -0.00942145 53.3074 -0.485655 0.874063 -0.0124343 56.5147 0.00219723 0.015445 0.999878 0.716498
0.875795 0.48261 -0.00843554 54.0386 -0.482682 0.875707 -0.012453 56.1409 0.0013771 0.014978 0.999887 0.716935
0.877624 0.479319 -0.00542628 54.7379 -0.479349 0.877545 -0.0118281 55.7671 -0.000907615 0.0129817 0.999915 0.708453
0.879603 0.475669 -0.00620422 55.4752 -0.475709 0.879515 -0.0124617 55.3565 -0.000470933 0.0139127 0.999903 0.739528
0.881138 0.472787 -0.00830708 56.1604 -0.47285 0.881095 -0.00917657 55.0068 0.00298077 0.0120138 0.999923 0.735946
0.8818 0.471481 -0.0116346 56.8929 -0.471573 0.881801 -0.00688529 54.6447 0.00701313 0.011558 0.999909 0.739849
0.88188 0.471387 -0.00912904 57.593 -0.471388 0.881923 0.00212873 54.2734 0.00905457 0.00242603 0.999956 0.75592
0.881626 0.471903 -0.00659809 58.3603 -0.471863 0.881646 0.0067973 53.8648 0.00902485 -0.00287928 0.999955 0.767116
0.881723 0.471725 -0.00642291 59.1045 -0.471703 0.881745 0.00468474 53.4808 0.00787328 -0.00110095 0.999968 0.796946
0.881738 0.471682 -0.00741666 59.7898 -0.471681 0.881767 0.00196984 53.109 0.0074689 0.00176141 0.999971 0.807623
0.881807 0.471568 -0.00637241 60.5121 -0.471558 0.88183 0.00307908 52.7269 0.00707138 0.000289811 0.999975 0.820749
0.881802 0.47159 -0.00534573 61.2408 -0.471573 0.881817 0.00420586 52.3457 0.00669739 -0.00118785 0.999977 0.840754
0.881972 0.471275 -0.00509375 61.9692 -0.471247 0.881982 0.00589037 51.9795 0.00726857 -0.00279474 0.99997 0.849967
0.881496 0.472176 -0.00392081 62.688 -0.472128 0.881483 0.00915245 51.6003 0.00777769 -0.00621673 0.99995 0.869422
0.880529 0.473981 -0.00334477 63.4232 -0.473927 0.880502 0.0104319 51.2243 0.00788962 -0.00760045 0.99994 0.883796
0.878829 0.477137 -0.000388145 64.1511 -0.477086 0.878746 0.0139058 50.8489 0.00697605 -0.0120356 0.999903 0.882424
0.876545 0.48131 0.00329067 64.8789 -0.481297 0.876413 0.0159501 50.4481 0.00479295 -0.0155648 0.999867 0.897337
0.873932 0.485999 0.00693563 65.6122 -0.486042 0.873755 0.0177381 50.0507 0.00256067 -0.0188729 0.999819 0.918984
0.870217 0.49262 0.00689335 66.3285 -0.492662 0.870051 0.0171744 49.6621 0.0024629 -0.0183416 0.999829 0.926521
0.866039 0.49994 0.00597088 67.0206 -0.499969 0.865901 0.0157074 49.2683 0.00268256 -0.0165884 0.999859 0.925108
0.860955 0.508637 0.00675558 67.728 -0.508674 0.860795 0.0168053 48.8574 0.00273264 -0.017905 0.999836 0.94454
0.855608 0.51759 0.00593796 68.4264 -0.517617 0.855483 0.0148465 48.4485 0.00260456 -0.0157764 0.999872 0.959904
0.849957 0.526813 0.00638397 69.0899 -0.526848 0.849843 0.0140859 48.0721 0.00199526 -0.0153358 0.99988 0.98011
0.843702 0.536759 0.00745097 69.7632 -0.53681 0.843591 0.0137552 47.6541 0.00109768 -0.0156051 0.999878 0.994056
0.837387 0.54656 0.0073858 70.4548 -0.546607 0.83726 0.0147208 47.1892 0.00186195 -0.0163641 0.999864 1.02024
0.831435 0.555572 0.0074171 71.1196 -0.555616 0.831296 0.0153932 46.7777 0.00238624 -0.0169195 0.999854 1.03547
0.824938 0.565174 0.007395 71.7514 -0.565213 0.824778 0.0166195 46.3203 0.00329368 -0.0178898 0.999835 1.02249
0.81915 0.57355 0.00579969 72.4044 -0.573564 0.819012 0.0156427 45.8679 0.00422186 -0.0161402 0.999861 1.04409
0.813221 0.581919 0.00642606 72.9882 -0.581935 0.813051 0.0173455 45.4396 0.00486898 -0.0178453 0.999829 1.04073
0.807483 0.589857 0.0063336 73.6196 -0.589866 0.807304 0.0178549 44.9853 0.00541873 -0.0181535 0.999821 1.0655
0.801739 0.59764 0.00640603 74.2156 -0.597651 0.801566 0.0174888 44.5472 0.00531717 -0.01785 0.999827 1.07993
0.796177 0.60503 0.00645292 74.7963 -0.605047 0.796031 0.0158798 44.0975 0.00447102 -0.0165474 0.999853 1.10225
0.792155 0.610274 0.00749088 75.3715 -0.610304 0.791983 0.017121 43.6546 0.00451586 -0.0181342 0.999825 1.10519
0.789015 0.614326 0.00765579 75.9737 -0.614368 0.788891 0.014251 43.194 0.00271515 -0.0159477 0.999869 1.14044
0.786433 0.617618 0.00849737 76.5422 -0.617676 0.786338 0.0122309 42.7456 0.000872193 -0.0148674 0.999889 1.15705
0.78404 0.620658 0.00808023 77.5944 -0.620707 0.784013 0.00683051 41.9064 -0.0020956 -0.0103708 0.999944 1.17197
0.784413 0.620228 0.00356738 78.6501 -0.620238 0.784406 0.00343106 41.0982 -0.000670228 -0.00490399 0.999988 1.20572
0.788931 0.614475 0.00271633 79.6725 -0.614479 0.788908 0.00630108 40.2928 0.00172893 -0.00664025 0.999977 1.22088
0.800271 0.599635 0.00211294 80.6091 -0.599634 0.800244 0.0069694 39.5688 0.00248823 -0.0068444 0.999974 1.23701
0.817739 0.575588 -0.000807509 81.4903 -0.575569 0.817722 0.00718235 38.9571 0.00479439 -0.00540851 0.999974 1.26331
0.841537 0.540188 -0.0037152 82.4207 -0.540123 0.841513 0.0111154 38.3881 0.00913078 -0.00734735 0.999931 1.28431
0.871707 0.489995 -0.00560858 83.2881 -0.489895 0.87168 0.0133032 37.9515 0.0114074 -0.00884889 0.999896 1.30279
0.906918 0.421304 -0.0017086 84.2139 -0.421249 0.906853 0.0129598 37.5171 0.00700946 -0.0110337 0.999915 1.29805
0.942116 0.335214 0.00702923 85.1769 -0.335283 0.942004 0.0146456 37.2879 -0.00171216 -0.0161546 0.999868 1.31773
0.972752 0.231642 0.00978239 86.1289 -0.231775 0.972641 0.0158208 37.1315 -0.00584998 -0.017657 0.999827 1.31916
0.994369 0.105926 0.00307704 87.1176 -0.105954 0.994309 0.0110577 37.114 -0.00188822 -0.0113215 0.999934 1.3642
0.999484 -0.0318104 -0.00435186 88.0202 0.0318581 0.999428 0.0113805 37.2224 0.00398736 -0.0115132 0.999926 1.36023
0.985014 -0.172226 -0.00923102 88.9466 0.172328 0.984969 0.0118096 37.4017 0.00705835 -0.0132234 0.999888 1.33891
0.951919 -0.306308 -0.00506676 89.8794 0.306348 0.951842 0.0121761 37.7266 0.00109311 -0.0131429 0.999913 1.35199
0.901955 -0.431793 0.00564892 90.7327 0.431663 0.901893 0.0159864 38.1343 -0.0119976 -0.0119806 0.999856 1.34963
0.844486 -0.535405 0.0136101 91.5259 0.535063 0.844515 0.0224252 38.6306 -0.0235005 -0.0116555 0.999656 1.34756
0.788998 -0.61429 0.0114575 92.2675 0.613756 0.78889 0.0309207 39.1971 -0.0280329 -0.0173642 0.999456 1.35535
0.745102 -0.666936 0.00439226 92.9649 0.666499 0.744823 0.0318948 39.776 -0.0245433 -0.0208375 0.999482 1.29642
0.716607 -0.697431 0.00802798 93.5765 0.697069 0.716533 0.0259912 40.4661 -0.0238794 -0.0130294 0.99963 1.32561
0.700228 -0.713916 0.00195059 94.2891 0.713487 0.699897 0.0328617 41.2125 -0.0248257 -0.021619 0.999458 1.28013
0.694103 -0.719845 -0.00664598 94.98 0.719508 0.693423 0.0383779 41.9755 -0.0230177 -0.03142 0.999241 1.25771
0.694655 -0.719271 -0.0101414 95.7513 0.719158 0.694088 0.0324491 42.7797 -0.0163007 -0.0298342 0.999422 1.23382
0.702183 -0.711829 -0.0154524 96.5381 0.711969 0.701796 0.0241388 43.5709 -0.00633831 -0.0279515 0.999589 1.23757
0.709079 -0.704841 -0.020172 97.3728 0.705083 0.708416 0.0316787 44.4052 -0.00803826 -0.0366856 0.999295 1.2294
0.715094 -0.698927 -0.011929 98.274 0.69887 0.714463 0.0335307 45.3298 -0.0149127 -0.0323144 0.999367 1.2375
0.720853 -0.693078 -0.00372501 99.2085 0.692759 0.720335 0.0346706 46.2088 -0.0213461 -0.0275729 0.999392 1.18075
0.721107 -0.692814 -0.00375412 100.212 0.692697 0.720861 0.0230106 47.1255 -0.0132358 -0.0191936 0.999728 1.1806
0.721261 -0.692582 -0.0105754 100.719 0.69261 0.720933 0.0233826 47.6356 -0.00857019 -0.0241896 0.999671 1.15289
0.717383 -0.696423 -0.0188747 101.719 0.696648 0.716834 0.0288049 48.6116 -0.00653036 -0.0338132 0.999407 1.1254
0.716682 -0.69723 -0.0153878 102.25 0.697315 0.716075 0.0314513 49.1435 -0.01091 -0.0332707 0.999387 1.13706
0.714402 -0.699658 -0.0103785 102.788 0.699535 0.713765 0.0345047 49.6521 -0.0167337 -0.0319104 0.999351 1.11497
0.712451 -0.701678 -0.00782585 103.293 0.701523 0.711939 0.0317605 50.1679 -0.0167141 -0.0281178 0.999465 1.11173
0.711022 -0.70309 -0.0105387 103.828 0.703029 0.710501 0.0306423 50.7157 -0.0140565 -0.0291964 0.999475 1.11471
0.708985 -0.705088 -0.0138237 104.364 0.705158 0.708515 0.0275289 51.2766 -0.00961597 -0.0292655 0.999525 1.12273
0.706498 -0.707477 -0.0183577 104.921 0.707695 0.706044 0.0258539 51.8385 -0.00532969 -0.0312574 0.999497 1.11762
0.703527 -0.710423 -0.0186759 105.487 0.710641 0.703023 0.027366 52.3884 -0.00631188 -0.0325246 0.999451 1.0729
0.70082 -0.713146 -0.0165473 106.064 0.713295 0.700335 0.0272246 52.9677 -0.00782648 -0.0308826 0.999492 1.08612
0.699091 -0.714892 -0.0141908 106.633 0.714967 0.698619 0.0274417 53.5644 -0.00970391 -0.0293302 0.999523 1.08731
0.698238 -0.715716 -0.0146325 107.236 0.715781 0.697695 0.0296474 54.1565 -0.0110101 -0.0311746 0.999453 1.05173
0.69768 -0.71635 -0.00920265 107.794 0.71632 0.697334 0.0247001 54.7328 -0.0112766 -0.0238249 0.999653 1.07865
0.697899 -0.716149 -0.00818875 108.325 0.716065 0.697508 0.0270895 55.3243 -0.0136884 -0.0247694 0.9996 1.04858
0.697269 -0.716745 -0.00956578 108.905 0.716695 0.696858 0.0271572 55.9133 -0.0127988 -0.0257916 0.999585 1.04154
0.698325 -0.715644 -0.0139863 109.465 0.71571 0.697848 0.0277031 56.536 -0.0100653 -0.029356 0.999518 1.03721
0.698987 -0.714887 -0.0188144 110.035 0.71508 0.698367 0.0307266 57.152 -0.00882672 -0.0349313 0.999351 1.04084
0.700536 -0.713294 -0.0214869 110.639 0.713563 0.699794 0.0333948 57.7797 -0.00878394 -0.0387265 0.999211 1.04651
0.702542 -0.711238 -0.0239807 111.247 0.711579 0.701633 0.0369551 58.3962 -0.00945826 -0.0430267 0.999029 1.03816
0.704019 -0.709803 -0.0231587 111.852 0.710121 0.703162 0.0359382 59.0397 -0.00922474 -0.0417466 0.999086 1.02731
0.705532 -0.70834 -0.0219188 112.434 0.708639 0.70483 0.032314 59.631 -0.00744018 -0.0383311 0.999237 1.03423
0.706669 -0.707315 -0.0180122 113.073 0.707511 0.706158 0.0277401 60.2446 -0.00690157 -0.0323469 0.999453 1.04489
0.706598 -0.707466 -0.0145748 113.691 0.707588 0.706235 0.0234818 60.8352 -0.00631934 -0.0269051 0.999618 1.04963
0.707911 -0.706173 -0.0134831 114.295 0.70627 0.707571 0.0229536 61.4556 -0.00666898 -0.0257718 0.999646 1.06197
0.709135 -0.704927 -0.0143398 114.953 0.705021 0.70869 0.0265311 62.0693 -0.00854004 -0.028924 0.999545 1.05443
0.70951 -0.704498 -0.0166762 115.53 0.704585 0.708784 0.0344127 62.6951 -0.0124238 -0.036166 0.999269 1.05613
0.710112 -0.703912 -0.0158074 116.13 0.703885 0.709186 0.0400076 63.2943 -0.0169514 -0.0395365 0.999074 1.04401
0.710749 -0.703274 -0.0155538 116.758 0.70335 0.710114 0.0322152 63.8968 -0.0116111 -0.0338367 0.99936 1.04442
0.711191 -0.702724 -0.0196729 117.335 0.702997 0.710973 0.0176734 64.4685 0.00156737 -0.0263991 0.99965 1.01848
0.710761 -0.703083 -0.0221775 117.936 0.70339 0.710712 0.0113922 65.073 0.00775216 -0.0236966 0.999689 1.05513
0.710358 -0.703529 -0.0209239 118.54 0.703835 0.710152 0.017313 65.6826 0.00267898 -0.0270254 0.999631 1.05904
0.709565 -0.704536 -0.012065 119.163 0.704579 0.709176 0.0252447 66.2964 -0.00922956 -0.0264135 0.999609 1.0608
0.708363 -0.705839 0.00346598 119.77 0.705258 0.707964 0.0373976 66.9116 -0.0288505 -0.0240467 0.999295 1.03459
0.708042 -0.706167 0.00242431 120.341 0.705579 0.707585 0.0384986 67.4946 -0.0289018 -0.025548 0.999256 1.04816
0.706445 -0.707689 -0.0105475 120.93 0.707606 0.705887 0.031881 68.0627 -0.0151165 -0.0299856 0.999436 1.04036
0.70555 -0.708407 -0.0189298 121.509 0.708647 0.705123 0.0249319 68.671 -0.0043141 -0.0310053 0.99951 1.00279
0.704465 -0.709444 -0.0204609 122.082 0.709736 0.704086 0.0231978 69.2603 -0.00205125 -0.0308639 0.999522 1.02762
0.702665 -0.711217 -0.0207784 122.658 0.711514 0.702233 0.024833 69.8692 -0.00307036 -0.0322334 0.999476 1.05481
0.700343 -0.713538 -0.0195942 123.21 0.713793 0.699898 0.0253538 70.4643 -0.00437693 -0.0317426 0.999487 1.02263
0.696457 -0.717282 -0.0213127 123.769 0.717594 0.69604 0.024212 71.0505 -0.00253229 -0.0321565 0.99948 1.04704
0.693884 -0.719652 -0.0250328 124.354 0.720084 0.693363 0.0269444 71.6713 -0.00203376 -0.036722 0.999323 1.0413
0.691971 -0.721461 -0.025877 124.908 0.721922 0.69143 0.0274322 72.2739 -0.00189913 -0.0376635 0.999289 1.06793
0.691072 -0.722306 -0.0263373 125.467 0.722777 0.690429 0.0300072 72.8529 -0.00349033 -0.0397731 0.999203 1.0789
0.690428 -0.722931 -0.0260809 126.067 0.72337 0.689619 0.0340718 73.4874 -0.00664566 -0.0423902 0.999079 1.05652
0.689093 -0.724237 -0.025144 126.615 0.724647 0.688359 0.0323619 74.0362 -0.00612958 -0.0405209 0.99916 1.06392
0.687211 -0.726043 -0.0245597 127.166 0.726447 0.686618 0.0288153 74.6185 -0.00405802 -0.0376435 0.999283 1.06822
0.684387 -0.728774 -0.0224314 127.714 0.729118 0.684014 0.0226087 75.216 -0.0011332 -0.0318282 0.999493 1.11777
0.679054 -0.733788 -0.0210134 128.256 0.734089 0.678765 0.0197947 75.8055 -0.000261899 -0.0288674 0.999583 1.164
0.673913 -0.738562 -0.0191679 128.8 0.738798 0.67352 0.023417 76.4184 -0.00438494 -0.0299422 0.999542 1.10467
0.669717 -0.7425 -0.0131521 129.321 0.742528 0.669259 0.0272645 77.0197 -0.0114417 -0.0280254 0.999542 1.11132
0.666441 -0.745526 -0.00694286 129.853 0.745244 0.665861 0.0352078 77.602 -0.0216253 -0.028638 0.999356 1.1398
0.663694 -0.747947 -0.00924377 130.427 0.747613 0.662897 0.0405274 78.2354 -0.0241847 -0.0338086 0.999136 1.13914
0.659755 -0.751373 -0.0127645 130.944 0.751246 0.659028 0.0362298 78.8429 -0.01881 -0.0334921 0.999262 1.11957
0.654466 -0.755808 -0.0206944 131.487 0.756051 0.653906 0.0281705 79.4789 -0.00775926 -0.0340827 0.999389 1.10597
0.650096 -0.759611 -0.0191323 131.979 0.759844 0.649768 0.0209373 80.0608 -0.00347266 -0.0281489 0.999598 1.12604
0.644884 -0.764042 -0.0190824 132.489 0.764266 0.64452 0.0221413 80.6634 -0.00461792 -0.0288626 0.999573 1.11473
0.639541 -0.768446 -0.0218596 133.019 0.768718 0.638966 0.0281918 81.2941 -0.00769629 -0.0348337 0.999363 1.08206
0.632989 -0.773719 -0.0261404 133.54 0.774133 0.632318 0.0298675 81.9199 -0.00658004 -0.039142 0.999212 1.08965
0.625953 -0.779338 -0.0285631 134.009 0.779852 0.625346 0.0278149 82.589 -0.00381539 -0.0396858 0.999205 1.09926
0.619418 -0.784491 -0.029926 134.529 0.785061 0.618945 0.0242039 83.2337 -0.000465227 -0.0384861 0.999259 1.1037
0.612563 -0.789806 -0.031203 135.033 0.790421 0.612032 0.0255195 83.9072 -0.00105817 -0.0402958 0.999187 1.10316
0.606505 -0.794506 -0.0302066 135.531 0.795042 0.605666 0.0328209 84.5827 -0.0077813 -0.0439215 0.999005 1.088
0.600023 -0.799495 -0.0279323 136.054 0.799864 0.598968 0.0381345 85.2425 -0.0137577 -0.0452237 0.998882 1.10987
0.593608 -0.804281 -0.0275914 136.513 0.804572 0.592395 0.0416147 85.9455 -0.0171249 -0.0469022 0.998753 1.09622
0.587873 -0.808478 -0.0277362 136.978 0.808738 0.58658 0.0432188 86.6186 -0.0186719 -0.0478384 0.998681 1.11068
0.584152 -0.811158 -0.0280825 137.471 0.811434 0.582865 0.0429307 87.2831 -0.0184553 -0.0478652 0.998683 1.09456
0.580228 -0.813777 -0.0332063 137.93 0.814349 0.579016 0.0397168 87.9823 -0.0130936 -0.0500863 0.998659 1.10086
0.577072 -0.815714 -0.0399826 138.377 0.816664 0.575947 0.0366782 88.6564 -0.00689107 -0.0538183 0.998527 1.06822
0.574293 -0.817423 -0.0447961 138.855 0.818644 0.573221 0.0352181 89.3519 -0.00311002 -0.0568975 0.998375 1.07297
0.572265 -0.818856 -0.0445802 139.331 0.820045 0.570994 0.038626 90.0591 -0.00617406 -0.0586621 0.998259 1.08446
0.569588 -0.820942 -0.0402913 139.785 0.821779 0.567859 0.0470675 90.7394 -0.0157599 -0.0599196 0.998079 1.09227
0.567015 -0.822921 -0.0359769 140.273 0.823351 0.564944 0.0541374 91.437 -0.0242259 -0.0603184 0.997885 1.08633
0.56301 -0.82575 -0.0340184 140.689 0.826181 0.561298 0.0486851 92.0683 -0.0211073 -0.0555155 0.998235 1.08639
0.558465 -0.828914 -0.0319213 141.187 0.82945 0.557468 0.0352536 92.7657 -0.0114271 -0.046165 0.998868 1.09462
0.55258 -0.832864 -0.031494 141.621 0.833424 0.551816 0.0300564 93.4349 -0.00765397 -0.0428565 0.999052 1.05461
0.547463 -0.835989 -0.0375092 142.034 0.836778 0.546381 0.0356217 94.0947 -0.00928503 -0.0508884 0.998661 1.05763
0.541026 -0.840316 -0.0340596 142.466 0.840868 0.539759 0.0400196 94.7823 -0.0152452 -0.0502913 0.998618 1.04235
0.534579 -0.844789 -0.0236003 142.921 0.844909 0.533617 0.0371686 95.5153 -0.0188061 -0.0398097 0.99903 1.05668
0.529189 -0.848382 -0.0143945 143.389 0.848222 0.5285 0.034753 96.2346 -0.0218763 -0.0306007 0.999292 1.02334
0.524591 -0.851332 -0.00621027 143.804 0.851049 0.524193 0.0306164 96.91 -0.0228094 -0.0213464 0.999512 1.03407
0.519184 -0.854662 -0.000205962 144.252 0.854471 0.519063 0.0212681 97.6472 -0.0180701 -0.011218 0.999774 1.04123
0.513388 -0.858157 6.16945e-05 144.724 0.85813 0.513372 0.00780797 98.3533 -0.00673214 -0.00395558 0.99997 1.04936
0.50734 -0.861746 -2.71313e-05 145.168 0.861744 0.507339 0.00204154 99.0536 -0.00174552 -0.00105913 0.999998 1.07932
0.501096 -0.865354 -0.0080694 145.579 0.865362 0.500981 0.0128995 99.8129 -0.00712 -0.0134468 0.999884 1.06803
0.496623 -0.867946 -0.00585469 145.986 0.867783 0.496369 0.0238822 100.568 -0.0178224 -0.0169411 0.999698 1.05911
0.492532 -0.87029 -0.00288086 146.401 0.869905 0.49221 0.0315566 101.32 -0.0260454 -0.0180487 0.999498 1.05934
0.489399 -0.872045 0.00508064 146.77 0.871693 0.489353 0.0261657 102.025 -0.0253039 -0.0083767 0.999645 1.03902
0.486772 -0.873529 -0.000945274 147.175 0.873344 0.486646 0.0211338 102.791 -0.018001 -0.0111129 0.999776 1.01953
0.485023 -0.874432 -0.0110115 147.544 0.874464 0.484848 0.0153611 103.539 -0.0080933 -0.0170797 0.999821 1.00098
0.483275 -0.875383 -0.0122632 147.918 0.875458 0.483154 0.0116236 104.262 -0.00425003 -0.0163533 0.999857 1.01163
0.481793 -0.876229 -0.00985139 148.327 0.876265 0.481676 0.0121867 105.001 -0.00593319 -0.0145039 0.999877 1.02325
0.480498 -0.876979 -0.00542959 148.718 0.876909 0.480354 0.0170741 105.77 -0.0123655 -0.0129653 0.99984 1.02423
0.480487 -0.877 -0.00176468 149.102 0.876803 0.480334 0.0222564 106.454 -0.0186712 -0.0122412 0.999751 1.012
0.478907 -0.877865 0.000101445 149.494 0.877622 0.478777 0.0234879 107.225 -0.0206678 -0.0111595 0.999724 0.975162
0.477494 -0.878634 -0.00124211 149.906 0.878523 0.477411 0.0166097 107.98 -0.0140008 -0.00902227 0.999861 0.949647
0.475639 -0.879619 -0.00614416 150.318 0.879624 0.475576 0.009413 108.696 -0.00535784 -0.00988174 0.999937 0.923545
0.47431 -0.880358 -0.000964953 150.752 0.880357 0.474311 -0.000998546 109.463 0.00133677 -0.000375884 0.999999 0.97499
0.472759 -0.881184 -0.0036982 151.134 0.881188 0.472741 0.0047886 110.221 -0.00247135 -0.00552266 0.999982 0.979363
0.471736 -0.881739 0.000815844 151.523 0.881664 0.471707 0.0126716 110.961 -0.0115578 -0.00525833 0.999919 0.997919
0.470499 -0.882388 0.00480412 151.936 0.882275 0.470517 0.0142853 111.766 -0.0148656 -0.00248264 0.999886 0.994824
0.469763 -0.882758 0.00780278 152.349 0.882696 0.469824 0.0106228 112.548 -0.0130433 0.0018973 0.999913 1.00094
0.470044 -0.88263 0.00484979 152.695 0.882604 0.470068 0.00688948 113.23 -0.00836059 0.00104208 0.999965 0.974173
0.469664 -0.882845 -0.000615222 153.063 0.882811 0.46964 0.00907295 113.992 -0.00772108 -0.00480436 0.999959 0.977636
0.468835 -0.883281 -0.00294681 153.438 0.88324 0.468774 0.0117384 114.746 -0.0089869 -0.0081061 0.999927 1.01136
0.468235 -0.883604 0.000445405 153.838 0.88353 0.468202 0.0127067 115.514 -0.0114363 -0.00555622 0.999919 1.03267
0.468306 -0.883565 0.00138949 154.223 0.883463 0.468274 0.0145859 116.266 -0.0135383 -0.0056031 0.999893 1.02589
0.467513 -0.883986 -0.000233691 154.582 0.883874 0.46745 0.0160617 116.947 -0.0140891 -0.00771562 0.999871 1.02596
0.467026 -0.884244 0.000452496 154.971 0.884174 0.466995 0.0123093 117.686 -0.0110958 -0.00534869 0.999924 1.02523
0.466407 -0.884551 -0.00579399 155.352 0.884543 0.466331 0.0109261 118.435 -0.00696277 -0.010221 0.999924 0.990829
0.465263 -0.885121 -0.00948638 155.724 0.885146 0.465141 0.0126589 119.166 -0.0067922 -0.0142866 0.999875 1.00291
0.463551 -0.885988 -0.0120524 156.077 0.885939 0.463206 0.0235182 119.853 -0.0152541 -0.0215796 0.999651 0.960088
0.462222 -0.886757 -0.00346909 156.47 0.88646 0.461958 0.0280091 120.582 -0.0232347 -0.0160216 0.999602 0.957716
0.46128 -0.887244 0.00426914 156.859 0.886848 0.461209 0.0280632 121.279 -0.0268679 -0.00915891 0.999597 0.973774
0.46113 -0.887327 0.00305107 157.201 0.887091 0.461082 0.0217379 121.977 -0.0206954 -0.00731742 0.999759 0.983559
0.462393 -0.886665 -0.00427538 157.873 0.886621 0.462306 0.01329 123.253 -0.00980725 -0.00993584 0.999903 0.963877
0.464818 -0.885406 -0.000666346 158.48 0.885405 0.464816 0.00173703 124.474 -0.00122825 -0.00139739 0.999998 0.984789
0.474597 -0.880203 0.000761125 159.101 0.88019 0.474595 0.00507487 125.67 -0.00482814 -0.00173859 0.999987 1.01977
0.484432 -0.874827 0.00183902 159.757 0.874626 0.484364 0.0204912 126.861 -0.018817 -0.00831815 0.999788 1.00963
0.496584 -0.867986 -0.00223169 160.355 0.867949 0.496534 0.0109019 127.999 -0.00835456 -0.00735068 0.999938 0.992632
0.509193 -0.860568 -0.0120863 161.011 0.860639 0.509213 0.00158376 129.147 0.00479155 -0.0112084 0.999926 1.00984
0.519981 -0.854098 -0.0117108 161.664 0.854177 0.519918 0.0081476 130.226 -0.000870206 -0.0142397 0.999898 1.07917
0.529196 -0.848488 0.00447613 162.325 0.848459 0.529215 0.00703457 131.308 -0.00833759 7.51428e-05 0.999965 1.0731
0.532513 -0.846418 0.00237762 163.035 0.846356 0.532505 0.0109723 132.412 -0.0105533 -0.00383061 0.999937 1.07367
0.531238 -0.847212 0.00422525 163.709 0.847081 0.531234 0.0156402 133.492 -0.0154952 -0.00472957 0.999869 1.06067
0.531047 -0.84734 -0.00218573 164.381 0.84726 0.530958 0.0153077 134.624 -0.0118103 -0.00998097 0.99988 1.0617
0.528279 -0.848944 -0.0146763 165.051 0.849056 0.528294 0.00314167 135.722 0.00508629 -0.0141207 0.999887 1.02639
0.5215 -0.853164 -0.0122293 165.767 0.85325 0.521468 0.00591023 136.865 0.00133479 -0.0135168 0.999908 1.07034
0.514306 -0.857607 -0.000212293 166.425 0.857342 0.514141 0.0249995 138.057 -0.0213306 -0.0130394 0.999687 1.05225
0.511076 -0.859523 0.00462276 166.877 0.859055 0.510963 0.0306797 138.721 -0.028732 -0.0117084 0.999519 1.00533
0.506564 -0.862201 0.00133554 167.535 0.861915 0.506435 0.0250348 139.911 -0.0222614 -0.0115306 0.999686 0.988868
0.50107 -0.865399 0.00380384 168.223 0.865351 0.501082 0.00914318 141.093 -0.00981854 -0.00128971 0.999951 1.01755
0.49957 -0.866046 0.0198801 169.019 0.866086 0.499807 0.00932482 142.302 -0.0180119 0.0125595 0.999759 0.997621
0.498999 -0.866309 0.0225737 169.381 0.866379 0.499293 0.00973274 142.935 -0.0197024 0.0147007 0.999698 0.980516
0.49637 -0.86768 0.0273684 170.054 0.867991 0.496579 0.000955401 144.154 -0.0144195 0.0232813 0.999625 0.980619
0.495088 -0.868217 0.0329603 170.777 0.868708 0.495322 -0.00120483 145.361 -0.0152799 0.0292294 0.999456 0.952886
0.493373 -0.868948 0.0388887 171.472 0.869507 0.493899 0.00464029 146.563 -0.0232392 0.0315246 0.999233 0.931799
0.493551 -0.868828 0.0393047 172.143 0.869591 0.493744 -0.00529303 147.749 -0.0148077 0.0367914 0.999213 0.926843
0.493921 -0.868949 0.0311386 172.797 0.869507 0.493624 -0.0171394 148.935 -0.000477489 0.0355407 0.999368 0.941347
0.493776 -0.869131 0.0282429 173.408 0.869554 0.493786 -0.00709662 150.063 -0.00777807 0.0280629 0.999576 0.935492
0.492877 -0.869354 0.0360139 174.093 0.869885 0.493251 0.00176133 151.223 -0.0192951 0.0304598 0.99935 0.932218
0.490458 -0.870614 0.0384867 174.7 0.871126 0.49102 0.00618399 152.275 -0.0242816 0.0304938 0.99924 0.9039
0.479659 -0.876229 0.0463662 175.244 0.877163 0.480192 0.000410155 153.234 -0.0226241 0.040474 0.998924 0.884447
0.459242 -0.887086 0.0466325 175.751 0.888156 0.45951 -0.00544587 154.219 -0.0165972 0.0439179 0.998897 0.860808
0.424995 -0.903868 0.0490093 176.094 0.905104 0.425101 -0.00876148 155.077 -0.0129146 0.048082 0.99876 0.856163
0.379181 -0.924025 0.048991 176.491 0.925197 0.379469 -0.00364624 156.078 -0.0152213 0.0467089 0.998793 0.856825
0.315975 -0.947309 0.0525889 176.778 0.948687 0.316183 -0.00455261 157.028 -0.012315 0.051329 0.998606 0.87162
0.192029 -0.980768 0.0349042 176.926 0.981389 0.191907 -0.00683913 158.235 9.23034e-06 0.0355679 0.999367 0.889756
0.0369228 -0.999316 -0.00195372 176.892 0.99931 0.0369306 -0.00406489 159.542 0.00413426 -0.00180228 0.99999 0.901556
-0.13849 -0.990073 -0.0239906 176.675 0.990356 -0.138542 0.000540876 160.803 -0.00385922 -0.0236843 0.999712 0.916236
-0.250795 -0.967235 -0.0394726 176.388 0.967686 -0.251597 0.0168003 161.623 -0.026181 -0.0339836 0.999079 0.903864
-0.358742 -0.932027 -0.0512856 176.047 0.932515 -0.360287 0.0246699 162.42 -0.0414705 -0.0389745 0.998379 0.897293
-0.463549 -0.884742 -0.0485224 175.596 0.885001 -0.464985 0.023725 163.128 -0.0435527 -0.0319447 0.99854 0.887994
-0.565364 -0.824154 -0.0336835 175.115 0.824051 -0.566139 0.0206795 163.811 -0.0361126 -0.0160654 0.999219 0.886908
-0.655634 -0.754574 -0.0276179 174.568 0.754532 -0.656112 0.0140811 164.422 -0.0287456 -0.0116065 0.999519 0.858459
-0.727676 -0.685205 -0.0313517 173.88 0.685201 -0.728246 0.012546 165.048 -0.0314283 -0.0123528 0.99943 0.78946
-0.784464 -0.619537 -0.0281299 173.112 0.619545 -0.784904 0.00948195 165.621 -0.0279537 -0.0099895 0.999559 0.799156
-0.823904 -0.566126 -0.0261294 172.339 0.566174 -0.824262 0.00625441 166.16 -0.0250783 -0.00964074 0.999639 0.777853
-0.849312 -0.527235 -0.0263081 171.416 0.527367 -0.849635 0.00221391 166.714 -0.0235196 -0.0119937 0.999651 0.725339
-0.866787 -0.497937 -0.0271791 170.53 0.498237 -0.867026 -0.00518245 167.165 -0.0209844 -0.0180337 0.999617 0.719728
-0.874955 -0.483467 -0.0267221 169.529 0.483861 -0.875081 -0.0106172 167.705 -0.018251 -0.0222193 0.999587 0.695492
-0.878596 -0.476833 -0.0264643 168.471 0.477228 -0.87871 -0.0110733 168.217 -0.0179743 -0.0223584 0.999588 0.696418
-0.879194 -0.475765 -0.0258289 167.31 0.4761 -0.87935 -0.00853731 168.8 -0.0186509 -0.0198031 0.99963 0.687822
-0.878382 -0.477398 -0.0231661 166.111 0.477662 -0.878514 -0.00728535 169.425 -0.0168737 -0.0174649 0.999705 0.667978
-0.877105 -0.479873 -0.0202066 164.825 0.480117 -0.877153 -0.0094708 170.104 -0.0131795 -0.0180084 0.999751 0.649787
-0.876925 -0.48024 -0.0193005 164.138 0.480467 -0.876963 -0.00933262 170.491 -0.0124439 -0.0174572 0.99977 0.631563
-0.876158 -0.481654 -0.0189251 163.485 0.481877 -0.876187 -0.00956238 170.853 -0.0119762 -0.0174977 0.999775 0.638022
-0.875736 -0.482433 -0.0185754 162.762 0.482654 -0.875755 -0.00991071 171.257 -0.0114862 -0.0176446 0.999778 0.637524
-0.874875 -0.484013 -0.018026 162.058 0.484194 -0.87493 -0.00728009 171.635 -0.0122478 -0.0150972 0.999811 0.623953
-0.87363 -0.486334 -0.015793 161.293 0.486435 -0.873712 -0.00303751 172.021 -0.0123213 -0.0103359 0.999871 0.632116
-0.87273 -0.487963 -0.0153224 160.524 0.488033 -0.872824 -0.000986521 172.426 -0.0128924 -0.00833883 0.999882 0.613353
-0.872304 -0.488678 -0.0167333 159.765 0.48875 -0.872424 -0.000208192 172.858 -0.0144968 -0.00836001 0.99986 0.596122
-0.872538 -0.488214 -0.0180279 158.988 0.48823 -0.872707 0.00378152 173.322 -0.0175792 -0.00550223 0.99983 0.607474
-0.872072 -0.489022 -0.0186456 158.184 0.488948 -0.87227 0.00864156 173.767 -0.0204899 -0.00158067 0.999789 0.614561
-0.871945 -0.489212 -0.0195702 157.409 0.489153 -0.872161 0.00800246 174.188 -0.0209833 -0.00259512 0.999776 0.584739
-0.872323 -0.488583 -0.0183959 156.649 0.488547 -0.872512 0.00671756 174.615 -0.0193327 -0.00312738 0.999808 0.578538
-0.873224 -0.487088 -0.0150113 155.89 0.487052 -0.873351 0.00619133 175.027 -0.0161258 -0.00190487 0.999868 0.575523
-0.874073 -0.485612 -0.0133611 155.093 0.485558 -0.874175 0.00724067 175.483 -0.0151961 -0.000158724 0.999885 0.565338
-0.875017 -0.48386 -0.014969 154.306 0.483779 -0.875145 0.00888869 175.922 -0.017401 0.000536043 0.999848 0.563931
-0.876766 -0.480583 -0.0179488 153.533 0.480388 -0.876941 0.014183 176.326 -0.0225561 0.00381273 0.999738 0.543109
-0.878581 -0.477275 -0.0174177 152.8 0.476953 -0.878707 0.0197333 176.731 -0.0247233 0.00902988 0.999654 0.563475
-0.879723 -0.47516 -0.0176068 151.999 0.474796 -0.879838 0.0212963 177.152 -0.0256103 0.0103752 0.999618 0.54586
-0.881197 -0.472428 -0.0174538 151.2 0.472059 -0.881304 0.0215043 177.577 -0.0255413 0.0107103 0.999616 0.520374
-0.882582 -0.469849 -0.0170642 150.466 0.469573 -0.882713 0.0178659 177.96 -0.0234571 0.00775523 0.999695 0.495167
-0.883232 -0.468668 -0.0158546 149.69 0.468411 -0.883339 0.0174288 178.364 -0.0221733 0.00796718 0.999722 0.486383
-0.884394 -0.466517 -0.0144341 148.914 0.466234 -0.884453 0.0192197 178.75 -0.0217326 0.0102681 0.999711 0.486033
-0.884732 -0.465849 -0.0152782 148.143 0.46565 -0.884843 0.014917 179.15 -0.0204679 0.00608327 0.999772 0.480996
-0.885053 -0.465227 -0.0156756 147.345 0.465134 -0.885191 0.00934834 179.55 -0.018225 0.000982527 0.999833 0.476825
-0.885332 -0.464786 -0.0127452 146.535 0.464695 -0.88542 0.00952584 179.945 -0.0157123 0.00251091 0.999873 0.469608
-0.885073 -0.465269 -0.01308 145.812 0.465213 -0.88517 0.00723314 180.322 -0.0149433 0.000316884 0.999888 0.454062
-0.884392 -0.466541 -0.0138705 145.068 0.46653 -0.884496 0.00420561 180.718 -0.0142304 -0.00275158 0.999895 0.453306
-0.883713 -0.467838 -0.0134004 144.302 0.467804 -0.883814 0.00577556 181.116 -0.0145455 -0.00116483 0.999894 0.450439
-0.882636 -0.469836 -0.0144382 143.537 0.46981 -0.882752 0.00533092 181.505 -0.01525 -0.00207793 0.999882 0.451936
-0.881687 -0.471562 -0.0160325 142.775 0.471542 -0.881828 0.00525489 181.911 -0.0166159 -0.00292682 0.999858 0.445374
-0.88106 -0.472665 -0.0179237 142.062 0.47266 -0.881232 0.0048252 182.289 -0.0180757 -0.00422052 0.999828 0.430746
-0.880332 -0.47416 -0.0136831 141.378 0.474024 -0.880429 0.0121106 182.705 -0.0177894 0.00417523 0.999833 0.443541
