0.469508 -0.88235 0.031962 0.663738 0.882928 0.46921 -0.0167262 0.542163 -0.000238514 0.0360732 0.999349 0.790546
0.468482 -0.883034 0.027837 1.09437 0.883472 0.468215 -0.0158651 1.3343 0.000975782 0.0320257 0.999487 0.792292
0.467579 -0.883554 0.026507 1.48435 0.883951 0.467328 -0.0153703 2.12481 0.001193 0.0306177 0.99953 0.791593
0.466407 -0.884146 0.0273971 1.90376 0.88457 0.466176 -0.0146641 2.92893 0.00019337 0.0310741 0.999517 0.803818
0.464631 -0.88506 0.0280433 2.30804 0.885504 0.464421 -0.0139581 3.73692 -0.000670189 0.0313178 0.999509 0.810226
0.463958 -0.8854 0.0284544 2.73214 0.885856 0.463764 -0.01346 4.55665 -0.00127868 0.0314514 0.999505 0.812702
0.462441 -0.886191 0.0285354 3.15636 0.88665 0.462211 -0.0145633 5.35723 -0.000283554 0.0320356 0.999487 0.808531
0.461431 -0.886689 0.0293857 3.57975 0.887176 0.46117 -0.0155191 6.17994 0.000208819 0.0332313 0.999448 0.818912
0.460817 -0.887015 0.0291862 3.99548 0.887495 0.460599 -0.0142187 7.00596 -0.000830951 0.0324548 0.999473 0.82463
0.460377 -0.887248 0.0290628 4.4247 0.887716 0.460261 -0.010975 7.82349 -0.00363892 0.0308521 0.999517 0.824557
0.461089 -0.886838 0.0302625 4.85143 0.887326 0.461077 -0.00777587 8.66847 -0.00705743 0.0304381 0.999512 0.828636
0.462261 -0.886146 0.0325476 5.29876 0.886697 0.462304 -0.00664798 9.50689 -0.00915582 0.031933 0.999448 0.828175
0.463692 -0.885312 0.0348211 5.7236 0.885938 0.463756 -0.00671951 10.3437 -0.0101996 0.0339651 0.999371 0.819004
0.464848 -0.884673 0.035653 6.16203 0.885352 0.464825 -0.00943686 11.1958 -0.00822386 0.0359522 0.99932 0.820075
0.466076 -0.884119 0.0332822 6.60152 0.884736 0.465907 -0.0131169 12.0378 -0.00390952 0.0355595 0.99936 0.811266
0.466831 -0.883783 0.0315653 7.03932 0.884346 0.466546 -0.01632 12.8941 -0.000303321 0.0355333 0.999368 0.816616
0.467506 -0.883512 0.0290702 7.49697 0.883989 0.467292 -0.0141733 13.7393 -0.00106194 0.0323238 0.999477 0.819182
0.467401 -0.883509 0.0307837 7.95415 0.884032 0.467305 -0.0106817 14.6133 -0.00494793 0.0322064 0.999469 0.817848
0.466716 -0.883619 0.0373365 8.41575 0.88437 0.466665 -0.0106058 15.4729 -0.00805219 0.0379692 0.999246 0.813176
0.465525 -0.883748 0.0477073 8.87479 0.885002 0.465296 -0.0164782 16.3441 -0.00763542 0.049892 0.998726 0.81621
0.464486 -0.884214 0.0491718 9.33225 0.885571 0.464026 -0.0210881 17.2068 -0.00417052 0.0533402 0.998568 0.810306
0.462998 -0.885131 0.0466388 9.79761 0.886359 0.462379 -0.0239478 18.1027 -0.000367873 0.0524265 0.998625 0.82188
0.461227 -0.886301 0.0417139 10.2591 0.887281 0.460639 -0.0233354 19.0065 0.00146713 0.0477749 0.998857 0.828655
0.460213 -0.88691 0.0399247 10.7364 0.887808 0.45973 -0.0210732 19.9228 0.000335431 0.0451436 0.99898 0.849123
0.459016 -0.887536 0.039801 11.1964 0.888426 0.458653 -0.0183558 20.8451 -0.0019634 0.0437858 0.999039 0.862193
0.457956 -0.888157 0.0381261 11.6686 0.888969 0.457685 -0.016081 21.7713 -0.00316725 0.0412573 0.999144 0.887362
0.457096 -0.888691 0.0359363 12.1385 0.889405 0.456929 -0.0132291 22.6906 -0.00466378 0.0380089 0.999267 0.894642
0.457015 -0.888776 0.034863 12.6235 0.889421 0.457007 -0.00866719 23.6301 -0.00822945 0.0349689 0.999354 0.92348
0.456837 -0.888872 0.0347335 13.0755 0.889484 0.456932 -0.00561582 24.5647 -0.0108791 0.0334604 0.999381 0.920091
0.456756 -0.889001 0.0324244 13.5295 0.88953 0.456852 -0.00480437 25.4308 -0.0105421 0.0310369 0.999463 0.925736
0.456737 -0.888978 0.0332945 14.0127 0.88955 0.456794 -0.00632325 26.3701 -0.0095875 0.0325052 0.999426 0.928857
0.456997 -0.888876 0.0324597 14.4154 0.889438 0.456979 -0.00838662 27.2417 -0.00737875 0.0327036 0.999438 0.922864
0.456424 -0.889285 0.0291344 14.869 0.88973 0.456441 -0.00646867 28.1339 -0.00754563 0.0288742 0.999555 0.933864
0.455513 -0.889688 0.0310438 15.3526 0.890189 0.455547 -0.00637053 29.0467 -0.00847414 0.0305367 0.999498 0.944567
0.454855 -0.890026 0.0310095 15.8078 0.890511 0.454938 -0.00474644 29.9344 -0.00988292 0.0297732 0.999508 0.942715
0.454435 -0.890072 0.0355016 16.236 0.890738 0.454438 -0.00846114 30.8337 -0.00860223 0.0354676 0.999334 0.942172
0.454267 -0.890293 0.0319345 16.6643 0.890855 0.454144 -0.011397 31.7039 -0.00435622 0.0336262 0.999425 0.944989
0.454249 -0.890409 0.0288078 17.1064 0.890871 0.454106 -0.0117062 32.572 -0.00265848 0.0309815 0.999516 0.949298
0.453799 -0.890797 0.0233814 17.578 0.891087 0.453798 -0.00563877 33.4642 -0.00558741 0.0233937 0.999711 0.974125
0.454025 -0.890563 0.0275611 18.0016 0.890939 0.45411 -0.00344652 34.3376 -0.00944644 0.0261201 0.999614 0.974336
0.453355 -0.890796 0.030839 18.4318 0.891272 0.45345 -0.00425598 35.2058 -0.0101927 0.0294154 0.999515 0.970206
0.453954 -0.890398 0.0334237 18.8803 0.890971 0.454021 -0.00599913 36.0648 -0.00983347 0.0325029 0.999423 0.962941
0.453805 -0.890358 0.0363778 19.3217 0.891058 0.453808 -0.00865 36.9114 -0.00880691 0.0363401 0.999301 0.961899
0.452802 -0.890877 0.0361659 19.7479 0.891565 0.45282 -0.008168 37.7808 -0.00909994 0.0359427 0.999312 0.973346
0.452445 -0.890954 0.0386566 20.1755 0.891707 0.452575 -0.00583017 38.6417 -0.0123006 0.0371082 0.999236 0.973086
0.451526 -0.891189 0.0436565 20.627 0.892095 0.451838 -0.0030058 39.5062 -0.0170469 0.0403029 0.999042 0.968881
0.450906 -0.891363 0.0464207 21.0509 0.892355 0.451332 -0.00145134 40.3602 -0.0196575 0.0420782 0.998921 0.943973
0.449597 -0.892011 0.0466754 21.4688 0.893051 0.449942 -0.00342268 41.2088 -0.0179482 0.0432223 0.998904 0.954217
0.448448 -0.892695 0.044603 21.8802 0.893734 0.448498 -0.00943522 42.06 -0.0115816 0.0440944 0.99896 0.939954
0.448151 -0.893129 0.0384845 22.2971 0.893936 0.448022 -0.0123992 42.8784 -0.00616788 0.0399594 0.999182 0.935349
0.447469 -0.893849 0.0283736 22.6733 0.894278 0.447451 -0.00733958 43.6333 -0.00613531 0.0286581 0.99957 0.936043
0.446458 -0.894416 0.0263852 23.0903 0.894763 0.446528 -0.00349298 44.4873 -0.00865755 0.0251679 0.999646 0.943444
0.445588 -0.894842 0.0266372 23.4917 0.895182 0.445695 -0.00208552 45.2946 -0.0100059 0.0247744 0.999643 0.949386
0.444081 -0.895491 0.0297801 23.8601 0.89593 0.444182 -0.00352375 46.0437 -0.0100723 0.0282457 0.99955 0.945213
0.442671 -0.896313 0.0257946 24.239 0.896622 0.442797 -0.000911351 46.8329 -0.0106049 0.0235314 0.999667 0.954436
0.44177 -0.896797 0.0243554 24.6285 0.897065 0.441898 -0.000148504 47.6141 -0.0106294 0.021914 0.999703 0.968624
0.4407 -0.897335 0.0239615 24.9746 0.897587 0.440836 0.000453881 48.3105 -0.0109704 0.0213075 0.999713 0.979032
0.43988 -0.897752 0.0233921 25.3332 0.897972 0.440046 0.0022222 49.0684 -0.0122886 0.0200279 0.999724 0.978006
0.438481 -0.898456 0.0225951 25.6857 0.898619 0.438696 0.00539503 49.8252 -0.0147596 0.0179387 0.99973 0.976152
0.437745 -0.898845 0.0213575 26.0242 0.898916 0.438012 0.00976068 50.5107 -0.0181282 0.0149259 0.999724 0.986139
0.435397 -0.899937 0.0233059 26.375 0.899989 0.435739 0.0122659 51.2256 -0.0211938 0.0156345 0.999653 0.965122
0.433752 -0.900747 0.0226781 26.7011 0.900844 0.434039 0.00952187 51.8882 -0.01842 0.0162993 0.999697 0.983725
0.431916 -0.901627 0.0227472 27.3122 0.901897 0.431926 -0.00469748 53.2503 -0.00558972 0.0225445 0.99973 0.97705
0.430913 -0.902319 0.0116236 27.9115 0.902367 0.430963 0.00211728 54.469 -0.00691979 0.00957635 0.99993 1.01409
0.428394 -0.903372 0.0199614 28.4712 0.903563 0.428452 -0.0014662 55.639 -0.00722799 0.0186645 0.9998 1.02524
0.429306 -0.902834 0.0242332 29.0056 0.903159 0.429146 -0.0117362 56.706 0.000196277 0.0269248 0.999637 1.03759
0.43513 -0.900208 0.0169794 29.4766 0.900367 0.435072 -0.00713386 57.7894 -0.000965305 0.0183918 0.99983 1.06656
0.444406 -0.895556 0.0219681 29.9664 0.89579 0.444473 -0.00197838 58.7585 -0.00799248 0.020558 0.999757 1.11405
0.460685 -0.887126 0.0278678 30.4524 0.887467 0.460871 0.000269657 59.7029 -0.0130827 0.0246076 0.999612 1.1223
0.489361 -0.871858 0.0197262 30.9262 0.871949 0.489555 0.00630581 60.6056 -0.0151548 0.0141144 0.999786 1.13217
0.533837 -0.845253 0.0237754 31.4199 0.845391 0.534108 0.00654534 61.3377 -0.0182311 0.0166054 0.999696 1.14354
0.58582 -0.809987 0.0271211 31.9776 0.810067 0.586238 0.0107753 62.076 -0.0246272 0.0156575 0.999574 1.15591
0.648917 -0.76033 0.0283622 32.5571 0.760342 0.6494 0.0126662 62.7477 -0.0280489 0.0133457 0.999518 1.14582
0.719513 -0.69394 0.0273517 33.1721 0.693855 0.719978 0.0140468 63.3061 -0.0294402 0.00887124 0.999527 1.14329
0.795514 -0.605326 0.0271744 33.8042 0.605218 0.795954 0.0129425 63.8273 -0.029464 0.00615052 0.999547 1.12789
0.86526 -0.500648 0.0260098 34.4692 0.500495 0.865648 0.0125735 64.1876 -0.0288103 0.00213842 0.999583 1.10842
0.922778 -0.38443 0.0263325 35.2141 0.384289 0.923154 0.0104352 64.4842 -0.0283206 0.000489874 0.999599 1.10675
0.978482 -0.20384 0.0319717 36.3463 0.203506 0.978982 0.0134042 64.7141 -0.0340321 -0.00660927 0.999399 1.08793
0.999012 -0.030219 0.0325846 37.444 0.0299808 0.99952 0.00777253 64.6934 -0.0328039 -0.00678794 0.999439 1.08225
0.991956 0.123068 0.0296214 38.5552 -0.123376 0.992321 0.00877257 64.6418 -0.0283143 -0.0123566 0.999523 1.02338
0.970874 0.237391 0.0323874 39.6939 -0.23732 0.971412 -0.00606813 64.3238 -0.0329021 -0.00179481 0.999457 1.04229
0.954829 0.295707 0.0293026 40.4678 -0.296118 0.955091 0.0107662 64.1139 -0.024803 -0.0189569 0.999513 0.982748
0.938651 0.344105 0.0229288 41.2197 -0.344345 0.938814 0.00738452 63.8293 -0.0189849 -0.0148269 0.99971 0.953886
0.923745 0.382858 0.0107481 42.0126 -0.38291 0.92378 0.00322308 63.5548 -0.00869488 -0.00709285 0.999937 0.88369
0.909806 0.414784 0.0143685 42.9033 -0.414939 0.909791 0.0102561 63.2123 -0.00881826 -0.0152931 0.999844 0.835014
0.896441 0.442822 0.0173921 43.8644 -0.443 0.896485 0.00804905 62.8816 -0.0120275 -0.0149202 0.999816 0.724625
0.885113 0.465166 0.0139972 44.6561 -0.465238 0.885183 0.00227027 62.3276 -0.011334 -0.00852149 0.9999 0.806292
0.878961 0.476732 0.0123693 45.6029 -0.476752 0.879036 -0.00148239 61.7582 -0.0115798 -0.00459412 0.999922 0.847977
0.873624 0.486489 0.0104868 46.6254 -0.486496 0.87368 -0.00205391 61.1788 -0.0101613 -0.00330744 0.999943 0.859779
0.868528 0.495544 0.00971527 47.7165 -0.495545 0.868578 -0.00245524 60.6026 -0.00965516 -0.00268191 0.99995 0.832829
0.865697 0.500472 0.0098628 48.8681 -0.500464 0.865751 -0.00339784 59.9657 -0.0102392 -0.00199448 0.999946 0.769842
0.865009 0.501718 0.00613628 50.0774 -0.501667 0.865022 -0.00817109 59.3545 -0.0094076 0.0039897 0.999948 0.659038
0.868335 0.495965 0.00374853 51.2603 -0.495887 0.868295 -0.0126894 58.5899 -0.00954831 0.00915979 0.999913 0.719516
0.870741 0.491734 0.00283438 51.8843 -0.491644 0.870669 -0.0148879 58.214 -0.0097887 0.01157 0.999885 0.7427
0.873491 0.486824 0.00418273 52.5798 -0.486736 0.873448 -0.0132989 57.8537 -0.0101276 0.00958054 0.999903 0.707401
0.876106 0.48209 0.00531053 53.2972 -0.481999 0.87608 -0.0126934 57.5415 -0.0107718 0.00856113 0.999905 0.623541
0.877876 0.478843 0.00656624 53.9674 -0.478744 0.877865 -0.0124886 57.1282 -0.0117444 0.00781989 0.9999 0.708307
0.879884 0.475082 0.0100887 54.6387 -0.474969 0.879924 -0.0117619 56.7411 -0.0144652 0.00555731 0.99988 0.733748
0.882069 0.471019 0.00983868 55.3738 -0.470899 0.882101 -0.0123167 56.3394 -0.0144801 0.00623118 0.999876 0.75479
0.883785 0.467825 0.00804791 56.0857 -0.467758 0.883812 -0.00886226 56.0115 -0.0112588 0.00406785 0.999928 0.704775
0.88447 0.466575 0.00453958 56.8728 -0.466546 0.884476 -0.00616723 55.6937 -0.00689261 0.00333681 0.999971 0.612198
0.884517 0.466458 0.00687602 57.5183 -0.466485 0.884524 0.00310313 55.2892 -0.00463452 -0.00595234 0.999972 0.715579
0.884288 0.466844 0.0095833 58.2534 -0.466917 0.884266 0.00786018 54.8719 -0.00480471 -0.0114253 0.999923 0.767132
0.884405 0.466612 0.0100779 58.9885 -0.466679 0.884408 0.00577118 54.4916 -0.00622003 -0.00980719 0.999933 0.802537
0.884412 0.466614 0.0093432 59.6879 -0.466657 0.884433 0.00310684 54.1334 -0.00681374 -0.0071078 0.999952 0.790549
0.884371 0.466671 0.0103593 60.4402 -0.466731 0.884388 0.00441425 53.7791 -0.00710167 -0.00873886 0.999937 0.746113
0.884075 0.467221 0.0108108 61.2203 -0.467297 0.88408 0.00601344 53.4448 -0.00674802 -0.0103682 0.999923 0.660924
0.884248 0.466896 0.0107116 61.9046 -0.466978 0.884242 0.00695735 53.0475 -0.00622325 -0.0111541 0.999918 0.754343
0.883842 0.467639 0.0117817 62.6034 -0.467748 0.883813 0.00935221 52.6594 -0.00603934 -0.0137767 0.999887 0.80722
0.882936 0.469333 0.0122921 63.3357 -0.469452 0.882904 0.00974767 52.2922 -0.00627786 -0.0143771 0.999877 0.814703
0.881205 0.472497 0.0149675 64.0797 -0.472677 0.881147 0.0124553 51.9438 -0.0073035 -0.0180505 0.99981 0.76614
0.878691 0.477058 0.0178514 64.848 -0.477307 0.878625 0.0140143 51.5944 -0.00899903 -0.0208349 0.999742 0.679129
0.876002 0.481831 0.0214561 65.5295 -0.482174 0.87594 0.0154111 51.1659 -0.0113688 -0.0238457 0.999651 0.792149
0.87233 0.488438 0.0216687 66.2199 -0.488773 0.872294 0.0142885 50.7656 -0.0119225 -0.0230554 0.999663 0.838227
0.868207 0.495756 0.0210418 66.9076 -0.496052 0.868207 0.0122381 50.3764 -0.0122015 -0.0210631 0.999704 0.832023
0.863113 0.504537 0.0218869 67.6285 -0.504859 0.863106 0.0128852 49.9872 -0.0123897 -0.0221712 0.999677 0.799811
0.857589 0.513922 0.0206156 68.3645 -0.514192 0.857608 0.0107681 49.6199 -0.0121462 -0.0198349 0.99973 0.708099
0.85201 0.523108 0.0209091 68.9824 -0.523374 0.852045 0.0099327 49.1974 -0.0126197 -0.019406 0.999732 0.824405
0.845937 0.532825 0.0221179 69.6303 -0.533107 0.845996 0.00935202 48.7596 -0.0137287 -0.0197024 0.999712 0.881889
0.839863 0.542341 0.0222814 70.3106 -0.542636 0.839908 0.0100033 48.2962 -0.0132891 -0.0204921 0.999702 0.912321
0.834118 0.551129 0.0224623 70.981 -0.551433 0.834154 0.0104097 47.8975 -0.0129999 -0.0210694 0.999694 0.900532
0.827716 0.560702 0.0223379 71.6394 -0.561018 0.827723 0.0115536 47.4708 -0.0120115 -0.022095 0.999684 0.825153
0.821789 0.569438 0.0200997 72.343 -0.569699 0.821782 0.0108532 47.0677 -0.0103373 -0.0203698 0.999739 0.729079
0.816029 0.577639 0.0207657 72.8895 -0.577923 0.816005 0.0118376 46.6083 -0.010107 -0.0216608 0.999714 0.817676
0.810537 0.585313 0.0209424 73.5045 -0.585597 0.810521 0.0114704 46.1434 -0.0102605 -0.021561 0.999715 0.87484
0.80503 0.592852 0.0212827 74.1045 -0.593131 0.805041 0.0102331 45.7089 -0.0110667 -0.0208613 0.999721 0.876338
0.799613 0.600135 0.021384 74.7082 -0.600389 0.799669 0.00791739 45.2779 -0.0123486 -0.0191696 0.99974 0.839313
0.795563 0.605472 0.0219849 75.3269 -0.605749 0.795607 0.00881956 44.8718 -0.0121514 -0.0203338 0.999719 0.726114
0.792373 0.609642 0.0219462 75.8941 -0.60988 0.792473 0.0058056 44.3886 -0.0138524 -0.0179847 0.999742 0.837877
0.789782 0.612968 0.0227115 76.4547 -0.613186 0.789931 0.00354419 43.9343 -0.015768 -0.0167255 0.999736 0.871566
0.787284 0.616196 0.0220398 77.5263 -0.616311 0.7875 -0.00195115 43.1052 -0.0185586 -0.0120472 0.999755 0.840649
0.787354 0.616279 0.016538 78.618 -0.616291 0.787503 -0.0049337 42.3271 -0.0160642 -0.00630765 0.999851 0.767875
0.791346 0.611223 0.0133129 79.6121 -0.611263 0.791426 -0.00130245 41.4875 -0.0113322 -0.00710698 0.999911 0.893229
0.802257 0.596879 0.0109573 80.5405 -0.596912 0.802307 -0.000332639 40.7421 -0.00898969 -0.0062737 0.99994 0.974964
0.819379 0.573214 0.00664504 81.425 -0.573226 0.819397 -6.59926e-05 40.1117 -0.00548276 -0.00375504 0.999978 1.03966
0.8429 0.538065 0.00259083 82.362 -0.538071 0.842891 0.00377165 39.5253 -0.000154397 -0.00457318 0.99999 1.08378
0.872837 0.488012 -0.000273144 83.2457 -0.488003 0.872823 0.00578535 39.0632 0.00306173 -0.00491637 0.999983 1.11823
0.907834 0.419321 0.00281334 84.1867 -0.419331 0.907819 0.00520779 38.6032 -0.000370266 -0.00590753 0.999983 1.12553
0.942878 0.332962 0.0108353 85.1615 -0.333042 0.942889 0.00665189 38.3366 -0.00800165 -0.00988053 0.999919 1.15272
0.973374 0.228858 0.0129452 86.1217 -0.228966 0.973405 0.00756415 38.1438 -0.0108698 -0.0103268 0.999888 1.15894
0.994733 0.102341 0.00564731 87.1109 -0.102356 0.994745 0.00252176 38.0917 -0.00535955 -0.00308651 0.999981 1.20481
0.999335 -0.0363794 -0.00232993 88.0134 0.0363853 0.999335 0.00255781 38.1757 0.00223533 -0.00264089 0.999994 1.2077
0.984045 -0.177755 -0.0076761 88.9306 0.17778 0.984067 0.00271385 38.3477 0.00707139 -0.00403521 0.999967 1.19741
0.949874 -0.312609 -0.00390393 89.8461 0.312621 0.949874 0.0028825 38.6763 0.00280714 -0.00395846 0.999988 1.22182
0.898686 -0.438546 0.0064614 90.6834 0.438507 0.898703 0.00658556 39.1033 -0.00869495 -0.00308498 0.999958 1.2322
0.840069 -0.542296 0.0140935 91.4649 0.542152 0.840181 0.0129405 39.6313 -0.0188587 -0.00323013 0.999817 1.24163
0.783651 -0.621093 0.0116141 92.2003 0.6208 0.78368 0.0212858 40.2383 -0.0223222 -0.00947062 0.999706 1.25851
0.739101 -0.67358 0.00431802 92.9005 0.673352 0.738992 0.0220998 40.8602 -0.018077 -0.0134264 0.999747 1.21003
0.710128 -0.70403 0.00777326 93.5254 0.703871 0.710145 0.0161153 41.5792 -0.0168658 -0.00597259 0.99984 1.24453
0.693399 -0.720552 0.00141729 94.2437 0.720343 0.693242 0.0228382 42.3489 -0.0174387 -0.0148151 0.999738 1.20933
0.687015 -0.726606 -0.00742865 94.9388 0.726481 0.686608 0.028201 43.1318 -0.0153905 -0.0247713 0.999575 1.19812
0.687374 -0.72622 -0.0110389 95.7087 0.726254 0.687068 0.0221865 43.9526 -0.0085278 -0.0232675 0.999693 1.18625
0.694791 -0.719024 -0.0164346 96.4928 0.71921 0.694656 0.0137721 44.7609 0.00151394 -0.0213887 0.99977 1.19894
0.70161 -0.712241 -0.0213841 97.3204 0.712561 0.701288 0.0212329 45.6108 -0.000126466 -0.0301347 0.999546 1.20261
0.70755 -0.706538 -0.0132859 98.2094 0.706629 0.707205 0.0231694 46.5426 -0.00697421 -0.0257817 0.999643 1.22495
0.713271 -0.700869 -0.00515604 99.1277 0.700759 0.712979 0.0244599 47.4321 -0.013467 -0.0210597 0.999687 1.18699
0.713455 -0.700683 -0.00507678 100.108 0.70068 0.713359 0.0128975 48.3561 -0.00541546 -0.012759 0.999904 1.20224
0.713556 -0.700498 -0.0118943 100.597 0.700598 0.713432 0.0133219 48.8643 -0.000846211 -0.0178391 0.999841 1.18721
0.709601 -0.704314 -0.020198 101.578 0.704603 0.709352 0.0188291 49.8468 0.00106591 -0.0275927 0.999619 1.1767
0.708874 -0.705138 -0.0166709 102.096 0.705327 0.70855 0.0217038 50.3791 -0.00349203 -0.0271437 0.999625 1.19743
0.706563 -0.707555 -0.0116081 102.622 0.707586 0.706184 0.0250209 50.8921 -0.00950619 -0.0258926 0.99962 1.18513
0.704581 -0.709567 -0.00893342 103.119 0.709557 0.704288 0.0225161 51.4119 -0.00968501 -0.0222032 0.999707 1.1881
0.703127 -0.71097 -0.0115491 103.642 0.711028 0.702833 0.0215718 51.9604 -0.00721982 -0.0233795 0.999701 1.19477
0.701052 -0.712958 -0.0147222 104.167 0.713104 0.700811 0.0186179 52.52 -0.00295629 -0.0235505 0.999718 1.20632
0.69853 -0.715325 -0.0191508 104.71 0.71558 0.698321 0.0170983 53.0823 0.00114263 -0.0256476 0.99967 1.20858
0.695538 -0.718229 -0.01937 105.262 0.71849 0.695282 0.0188439 53.636 -6.66452e-05 -0.0270238 0.999635 1.17599
0.692824 -0.720904 -0.0171072 105.826 0.721104 0.692567 0.0189793 54.2181 -0.0018344 -0.0254854 0.999674 1.19768
0.691104 -0.722608 -0.0146029 106.384 0.722744 0.690841 0.0194946 54.8188 -0.00399863 -0.0240269 0.999703 1.20773
0.69028 -0.723389 -0.014892 106.98 0.72352 0.689953 0.0219952 55.4203 -0.00563633 -0.0259575 0.999647 1.18245
0.689748 -0.723991 -0.00922894 107.54 0.724022 0.689557 0.0174089 56.0093 -0.00624002 -0.0186897 0.999806 1.21463
0.689977 -0.723786 -0.00804076 108.077 0.723775 0.689742 0.0201352 56.6147 -0.00902756 -0.0197126 0.999765 1.1934
0.689342 -0.724378 -0.00920454 108.661 0.724386 0.689089 0.0205272 57.2175 -0.0085267 -0.0208179 0.999747 1.19307
0.690392 -0.723312 -0.0134134 109.222 0.723409 0.690089 0.0213687 57.8498 -0.00619982 -0.0244561 0.999682 1.19341
0.691035 -0.722595 -0.0180614 109.79 0.722801 0.690615 0.0246788 58.4747 -0.00535935 -0.0301087 0.999532 1.19956
0.692585 -0.721044 -0.0205534 110.386 0.721314 0.692056 0.0276535 59.1109 -0.00571528 -0.0339779 0.999406 1.20754
0.694614 -0.719019 -0.0228732 110.985 0.719351 0.693931 0.031526 59.7365 -0.00679538 -0.0383523 0.999241 1.20247
0.696119 -0.717594 -0.021829 111.581 0.717892 0.69547 0.0308543 60.3885 -0.00695946 -0.0371491 0.999286 1.19346
0.697691 -0.716109 -0.0203592 112.157 0.716377 0.697169 0.0275568 60.9946 -0.00553989 -0.033811 0.999413 1.19745
0.698932 -0.715004 -0.0162491 112.786 0.715169 0.698563 0.023301 61.6254 -0.00530922 -0.0279067 0.999596 1.20209
0.699001 -0.715008 -0.0126452 113.394 0.715103 0.698752 0.0193221 62.2345 -0.00497965 -0.0225488 0.999733 1.20119
0.700513 -0.713547 -0.0114523 113.989 0.713618 0.700277 0.0190202 62.8707 -0.00555203 -0.0214964 0.999753 1.20927
0.701986 -0.712086 -0.0122579 114.633 0.71215 0.701657 0.0227961 63.5003 -0.00763197 -0.024732 0.999665 1.20078
0.702616 -0.711419 -0.0145804 115.206 0.711472 0.702036 0.0308649 64.1396 -0.0117219 -0.0320597 0.999417 1.20379
0.703492 -0.710572 -0.0136493 115.801 0.710512 0.702727 0.0366998 64.752 -0.0164861 -0.035516 0.999233 1.19648
0.704436 -0.709645 -0.0131786 116.423 0.709676 0.703924 0.0291692 65.363 -0.0114231 -0.0299004 0.999488 1.20317
0.70519 -0.708815 -0.0169934 117 0.709017 0.705034 0.0148875 65.9399 0.00142848 -0.0225471 0.999745 1.18509
0.705019 -0.708927 -0.0192601 117.6 0.709151 0.705 0.00889806 66.5446 0.00727031 -0.0199316 0.999775 1.22465
0.704809 -0.709173 -0.0178412 118.203 0.709395 0.704648 0.0151697 67.1541 0.00181382 -0.0233481 0.999726 1.23406
0.704155 -0.709992 -0.00879014 118.825 0.709968 0.70384 0.0235479 67.7689 -0.0105319 -0.0228221 0.999684 1.243
0.703028 -0.711128 0.00694645 119.432 0.710502 0.702762 0.0362345 68.385 -0.0306491 -0.0205384 0.999319 1.22442
0.70282 -0.711341 0.00620101 120.006 0.710683 0.702499 0.037751 68.9696 -0.03121 -0.0221252 0.999268 1.23806
0.701355 -0.712783 -0.00642121 120.595 0.712587 0.700878 0.0314633 69.5381 -0.017926 -0.0266426 0.999484 1.22796
0.700539 -0.713467 -0.0144539 121.177 0.713573 0.700139 0.0248751 70.1415 -0.0076278 -0.0277399 0.999586 1.188
0.699438 -0.714521 -0.0157024 121.755 0.714669 0.699067 0.0235235 70.7261 -0.00583102 -0.0276753 0.9996 1.20445
0.697544 -0.716368 -0.015798 122.336 0.716505 0.697115 0.0255147 71.3303 -0.00726492 -0.029117 0.99955 1.22131
0.695071 -0.718797 -0.0144041 122.891 0.718886 0.694628 0.0263767 71.9219 -0.00895402 -0.0286885 0.999548 1.18111
0.691002 -0.722677 -0.0159446 123.45 0.722815 0.690571 0.0255105 72.5054 -0.00742501 -0.0291528 0.999547 1.19239
0.688224 -0.725235 -0.0195536 124.029 0.725462 0.687673 0.0284624 73.1224 -0.00719543 -0.0337739 0.999404 1.17486
0.686095 -0.727229 -0.0203107 124.578 0.727476 0.685514 0.0291467 73.724 -0.00727311 -0.034773 0.999369 1.18807
0.684973 -0.728273 -0.0207275 125.131 0.728512 0.68429 0.0318939 74.3053 -0.00904385 -0.0369467 0.999276 1.18893
0.6841 -0.729101 -0.020452 125.722 0.729283 0.683257 0.0361261 74.9408 -0.0123657 -0.0396292 0.999138 1.15985
0.682559 -0.730571 -0.0194668 126.266 0.730732 0.681789 0.0345688 75.4982 -0.0119827 -0.0378203 0.999213 1.15778
0.680475 -0.732529 -0.018853 126.815 0.732703 0.679836 0.0311329 76.088 -0.00998876 -0.0349989 0.999337 1.14899
0.677433 -0.735394 -0.0167278 127.361 0.73555 0.677009 0.0249871 76.6908 -0.00705047 -0.0292312 0.999548 1.18033
0.671838 -0.740538 -0.0153839 127.901 0.740673 0.671499 0.0221835 77.2875 -0.00609743 -0.0262982 0.999636 1.21271
0.666402 -0.745467 -0.0136598 128.443 0.745523 0.665979 0.0258392 77.9085 -0.0101651 -0.027403 0.999573 1.1521
0.66191 -0.749543 -0.00776927 128.961 0.749387 0.661463 0.0297652 78.5211 -0.0171712 -0.0255241 0.999527 1.15436
0.658363 -0.752698 -0.00174537 129.485 0.752206 0.657845 0.0377732 79.117 -0.0272836 -0.0261813 0.999285 1.17467
0.655442 -0.755234 -0.00420957 130.042 0.754659 0.654702 0.0430628 79.7599 -0.0297665 -0.0314019 0.999064 1.16799
0.651389 -0.758704 -0.00778106 130.546 0.758354 0.650691 0.038731 80.3759 -0.0243223 -0.0311298 0.999219 1.14558
0.646029 -0.763151 -0.0157136 131.077 0.763199 0.645439 0.0305944 81.0196 -0.013206 -0.0317575 0.999408 1.12849
0.641581 -0.766924 -0.0141638 131.564 0.767004 0.641216 0.0233847 81.6155 -0.00885221 -0.0258669 0.999626 1.14382
0.636282 -0.771326 -0.0142009 132.067 0.771392 0.635884 0.0246185 82.2331 -0.00995872 -0.0266188 0.999596 1.13294
0.630874 -0.775698 -0.0170859 132.588 0.775776 0.630261 0.0307103 82.8763 -0.0130533 -0.0326292 0.999382 1.10399
0.624283 -0.780905 -0.0214109 133.1 0.781107 0.623555 0.0324282 83.5105 -0.0119724 -0.0369685 0.999245 1.1105
0.617191 -0.786452 -0.0238354 133.563 0.786759 0.616509 0.0304402 84.1795 -0.00924499 -0.0375402 0.999252 1.11616
0.610601 -0.791538 -0.025184 134.073 0.791916 0.610037 0.0269043 84.8236 -0.0059326 -0.0363714 0.999321 1.11581
0.603663 -0.796799 -0.026499 134.565 0.797213 0.603035 0.0282996 85.4947 -0.00656931 -0.0382088 0.999248 1.11166
0.597504 -0.801457 -0.0256015 135.049 0.801755 0.596585 0.0357153 86.169 -0.0133508 -0.0418661 0.999034 1.09388
0.590938 -0.806377 -0.0234038 135.557 0.806484 0.589822 0.0411568 86.8295 -0.0193838 -0.0431959 0.998879 1.11063
0.584432 -0.811114 -0.0231142 136.007 0.811122 0.583162 0.0447508 87.529 -0.0228186 -0.0449022 0.998731 1.09402
0.578603 -0.815277 -0.0232884 136.465 0.815243 0.577252 0.0464656 88.2013 -0.0244391 -0.0458709 0.998648 1.10428
0.574811 -0.817945 -0.0236308 136.947 0.817925 0.573459 0.0463027 88.8665 -0.0243218 -0.0459435 0.998648 1.08656
0.570826 -0.820569 -0.0287077 137.397 0.82085 0.56951 0.0431748 89.5641 -0.0190785 -0.04821 0.998655 1.09079
0.567616 -0.822531 -0.0354247 137.834 0.823191 0.566338 0.0402243 90.2389 -0.0130233 -0.0519932 0.998563 1.05769
0.564783 -0.82426 -0.0401992 138.299 0.825186 0.563522 0.0388701 90.9358 -0.0093859 -0.055125 0.998435 1.05658
0.562687 -0.825701 -0.0400147 138.764 0.826574 0.561227 0.0424198 91.6472 -0.0125687 -0.0569442 0.998298 1.05884
0.559924 -0.827769 -0.0358317 139.209 0.828246 0.558037 0.0510254 92.338 -0.0222418 -0.0582478 0.998054 1.05688
0.557303 -0.829707 -0.0316191 139.688 0.829739 0.555105 0.0582423 93.049 -0.0307721 -0.0586942 0.997802 1.04194
0.553309 -0.832449 -0.0296263 140.1 0.832515 0.551471 0.0528934 93.6978 -0.0276931 -0.0539307 0.998161 1.03303
0.548825 -0.835488 -0.0274152 140.591 0.835743 0.547695 0.0395487 94.4085 -0.0180273 -0.0446174 0.998841 1.03191
0.542967 -0.839321 -0.0269685 141.023 0.839633 0.542063 0.0344221 95.0928 -0.0142726 -0.0413337 0.999043 0.987005
0.537855 -0.842387 -0.0330952 141.437 0.842887 0.536604 0.0399718 95.7701 -0.0159127 -0.0493946 0.998653 0.98311
0.531396 -0.846601 -0.0297459 141.866 0.846841 0.529985 0.0444578 96.4713 -0.0218731 -0.0488148 0.998568 0.961154
0.524945 -0.850917 -0.019317 142.314 0.850757 0.523899 0.0417528 97.2117 -0.025408 -0.038352 0.998941 0.965894
0.519583 -0.85436 -0.0101562 142.771 0.853947 0.518863 0.0394539 97.9389 -0.0284381 -0.0291724 0.99917 0.924398
0.515052 -0.857157 -0.00202175 143.178 0.856659 0.514669 0.0353805 98.6253 -0.0292861 -0.0199547 0.999372 0.922516
0.509771 -0.860301 0.00395629 143.61 0.859964 0.509691 0.0260125 99.3684 -0.024395 -0.00985814 0.999654 0.914408
0.504183 -0.863586 0.00419926 144.064 0.863501 0.504194 0.0124069 100.081 -0.0128316 -0.00262927 0.999914 0.906189
0.498351 -0.866966 0.00396417 144.494 0.866942 0.498367 0.00643126 100.787 -0.0075513 0.000231677 0.999972 0.920771
0.492283 -0.870424 -0.00440723 144.896 0.870344 0.492152 0.0169765 101.55 -0.0126078 -0.0121931 0.999846 0.900999
0.48798 -0.872851 -0.0025179 145.298 0.872552 0.487732 0.0277519 102.31 -0.0229953 -0.0157394 0.999612 0.887412
0.484064 -0.875032 0.000172065 145.709 0.874486 0.483769 0.0352335 103.07 -0.0309137 -0.0169048 0.999379 0.884533
0.481113 -0.876622 0.00798636 146.081 0.876149 0.481124 0.0297159 103.785 -0.0298921 -0.00729949 0.999527 0.86344
0.478651 -0.878003 0.00181855 146.487 0.877721 0.478548 0.0244455 104.558 -0.0223335 -0.0101047 0.9997 0.843133
0.477029 -0.878848 -0.00837701 146.86 0.878803 0.476829 0.018414 105.313 -0.0121887 -0.0161457 0.999795 0.823357
0.475347 -0.879744 -0.00978058 147.24 0.879761 0.475195 0.014496 106.05 -0.00810507 -0.0154952 0.999847 0.830362
0.473889 -0.880552 -0.007559 147.655 0.880533 0.473751 0.0149144 106.803 -0.00955182 -0.0137237 0.99986 0.839387
0.472576 -0.881284 -0.00335319 148.05 0.881149 0.472428 0.019702 107.588 -0.0157789 -0.0122653 0.9998 0.841718
0.472552 -0.881303 0.000123031 148.438 0.88103 0.472409 0.0248323 108.293 -0.0219429 -0.0116261 0.999692 0.836361
0.470946 -0.88216 0.00187972 148.831 0.881839 0.470829 0.0260826 109.075 -0.0238941 -0.0106259 0.999658 0.81028
0.469526 -0.882919 0.000538738 149.237 0.88275 0.469448 0.0192675 109.839 -0.0172645 -0.00857101 0.999814 0.793712
0.467678 -0.883888 -0.00433595 149.643 0.883856 0.467601 0.0121407 110.563 -0.00870357 -0.00951032 0.999917 0.771546
0.466357 -0.884596 0.000890097 150.068 0.884594 0.466358 0.00187352 111.332 -0.00207241 -8.63543e-05 0.999998 0.817251
0.464779 -0.885424 -0.0019449 150.446 0.885407 0.464753 0.00772745 112.093 -0.00593818 -0.00531358 0.999968 0.817871
0.463712 -0.885983 0.00244747 150.829 0.885858 0.46369 0.0157425 112.834 -0.0150824 -0.00513187 0.999873 0.833514
0.462419 -0.886639 0.00637733 151.234 0.886469 0.462456 0.017498 113.634 -0.0184637 -0.00243811 0.999827 0.829429
0.461608 -0.887035 0.00937188 151.641 0.886926 0.461699 0.0139822 114.412 -0.0167297 0.00185786 0.999858 0.834371
0.461785 -0.886969 0.00642748 151.99 0.886909 0.461828 0.010361 115.099 -0.0121582 0.00091606 0.999926 0.808266
0.461245 -0.887272 0.000913406 152.359 0.887196 0.461219 0.0126272 115.862 -0.011625 -0.00501385 0.99992 0.8078
0.460218 -0.887805 -0.00148891 152.731 0.887711 0.460144 0.0153749 116.617 -0.0129648 -0.00839753 0.999881 0.833384
0.459404 -0.888226 0.00183693 153.124 0.888093 0.459369 0.0164611 117.384 -0.015465 -0.00593092 0.999863 0.847819
0.459263 -0.888296 0.00270681 153.501 0.888126 0.459231 0.0184383 118.138 -0.0176217 -0.00606403 0.999826 0.838257
0.458269 -0.888813 0.00102078 153.853 0.888626 0.458195 0.0200008 118.827 -0.0182447 -0.00825864 0.999799 0.837903
0.457601 -0.889156 0.00171512 154.227 0.889025 0.457565 0.0163906 119.563 -0.0153586 -0.00597556 0.999864 0.838974
0.456812 -0.889552 -0.00452454 154.59 0.889491 0.456703 0.0151208 120.3 -0.0113844 -0.0109319 0.999875 0.80948
0.455499 -0.890198 -0.00822681 154.941 0.890163 0.455324 0.0170267 121.01 -0.0114113 -0.0150789 0.999821 0.823462
0.45361 -0.891134 -0.0108919 155.266 0.890974 0.453185 0.0280968 121.662 -0.0201019 -0.0224494 0.999546 0.78473
0.452115 -0.891956 -0.00233562 155.624 0.89151 0.451803 0.0329326 122.347 -0.0283192 -0.0169716 0.999455 0.780053
0.451017 -0.892499 0.00541578 155.98 0.891935 0.450935 0.0333078 123.005 -0.0321693 -0.0101919 0.99943 0.788213
0.450715 -0.892658 0.0042707 156.302 0.892284 0.450656 0.0271722 123.675 -0.0261801 -0.00843624 0.999622 0.788057
0.451802 -0.892113 -0.00298866 156.957 0.891985 0.451674 0.0187753 124.948 -0.0153998 -0.0111486 0.999819 0.754274
0.454003 -0.891 0.000669829 157.562 0.890974 0.453996 0.00728433 126.19 -0.00679443 -0.00271031 0.999973 0.755641
0.463589 -0.886048 0.00189569 158.186 0.885992 0.463582 0.0105142 127.427 -0.0101949 -0.00319471 0.999943 0.769035
0.473305 -0.880895 0.00257057 158.844 0.880575 0.473208 0.0257297 128.674 -0.0238815 -0.00991441 0.999666 0.74187
0.485463 -0.874256 -0.00162415 159.448 0.87416 0.48538 0.0158059 129.879 -0.0130301 -0.00909297 0.999874 0.709245
0.498233 -0.866964 -0.0116725 160.101 0.867043 0.498198 0.00595076 131.091 0.000656099 -0.0130854 0.999914 0.706898
0.509286 -0.860517 -0.0117727 160.748 0.860587 0.509164 0.0119555 132.22 -0.00429369 -0.0162202 0.999859 0.755938
0.518839 -0.854862 0.00400815 161.399 0.854801 0.518851 0.0104341 133.334 -0.0109993 -0.00198743 0.999938 0.740272
0.52255 -0.852608 0.00143089 162.091 0.852518 0.522518 0.0137123 134.461 -0.0124389 -0.0059455 0.999905 0.734706
0.52172 -0.853112 0.00278763 162.748 0.852955 0.521682 0.0177552 135.559 -0.0166015 -0.00688554 0.999839 0.717804
0.522044 -0.852909 -0.00406551 163.401 0.852832 0.521918 0.0166892 136.704 -0.0121125 -0.0121797 0.999852 0.715189
0.519825 -0.854106 -0.0168824 164.05 0.854255 0.519841 0.00374026 137.811 0.00558158 -0.0163661 0.999851 0.679508
0.513685 -0.857849 -0.0149345 164.742 0.857975 0.513659 0.00584797 138.956 0.00265457 -0.0158175 0.999871 0.720246
0.507245 -0.861795 -0.00352286 165.376 0.861587 0.507023 0.024399 140.139 -0.0192408 -0.0154115 0.999696 0.708864
0.50478 -0.863248 0.000863162 165.798 0.862859 0.504582 0.0295066 140.778 -0.025907 -0.0141495 0.999564 0.672803
0.500966 -0.865462 -0.00276533 166.431 0.865263 0.500777 0.0232741 141.941 -0.0187581 -0.0140523 0.999725 0.665284
0.496071 -0.868282 -0.000560282 167.096 0.868263 0.496056 0.00689075 143.087 -0.00570518 -0.00390477 0.999976 0.703611
0.495219 -0.868635 0.0152205 167.865 0.868665 0.495354 0.00675725 144.258 -0.0134091 0.00987518 0.999861 0.70167
0.495222 -0.868587 0.0176638 168.212 0.868642 0.495393 0.00685027 144.852 -0.0147006 0.0119511 0.999821 0.704691
0.492991 -0.869748 0.0223464 168.875 0.869985 0.493073 -0.00204482 146.036 -0.00923993 0.0204491 0.999748 0.730807
0.492026 -0.870133 0.0279266 169.589 0.870521 0.492114 -0.00410378 147.217 -0.0101722 0.0263298 0.999602 0.733364
0.490547 -0.870753 0.0339518 170.281 0.871219 0.490891 0.00207858 148.4 -0.0184765 0.0285598 0.999421 0.743996
0.49073 -0.870622 0.0346632 170.957 0.871246 0.490793 -0.00727197 149.57 -0.0106813 0.0337688 0.999373 0.772886
0.490875 -0.870812 0.0269934 171.624 0.871226 0.490544 -0.0181989 150.744 0.00260632 0.0324507 0.99947 0.830403
0.490314 -0.871192 0.0248217 172.263 0.871522 0.49031 -0.00665158 151.867 -0.00637554 0.024894 0.99967 0.890454
0.490389 -0.870895 0.0325775 172.915 0.871316 0.490717 0.00243794 153.017 -0.0181095 0.0271897 0.999466 0.872518
0.488957 -0.871601 0.0351152 173.512 0.871993 0.489465 0.00715759 154.067 -0.0234262 0.0271204 0.999358 0.856857
0.47902 -0.876739 0.0432341 174.07 0.877517 0.479542 0.00195725 155.031 -0.0224486 0.0370011 0.999063 0.873982
0.459393 -0.887138 0.0440891 174.579 0.888048 0.459744 -0.00242078 156.089 -0.0181222 0.0402654 0.999025 0.814236
0.426025 -0.903489 0.0470095 174.957 0.904568 0.426307 -0.00435922 157.055 -0.016102 0.0443804 0.998885 0.793314
0.381192 -0.923271 0.0475718 175.407 0.924276 0.38172 0.0021937 158.206 -0.0201845 0.0431332 0.998865 0.797713
0.31866 -0.946495 0.0510262 175.678 0.947691 0.319182 0.00219853 159.089 -0.0183675 0.0476565 0.998695 0.758098
0.195324 -0.980178 0.0331516 175.843 0.980713 0.195451 0.000595978 160.311 -0.00706367 0.0323958 0.99945 0.736413
0.040523 -0.999171 -0.00387567 175.84 0.999171 0.0405077 0.0039596 161.672 -0.00379932 -0.00403292 0.999985 0.72047
-0.135267 -0.990466 -0.0260556 175.673 0.990731 -0.135539 0.00895332 163.03 -0.0123995 -0.024603 0.99962 0.711102
-0.248185 -0.967811 -0.0417942 175.347 0.968081 -0.24935 0.0253745 163.755 -0.0349791 -0.0341626 0.998804 0.690136
-0.356474 -0.93275 -0.0538802 174.987 0.932943 -0.358475 0.0333583 164.494 -0.0504296 -0.0383758 0.99799 0.671314
-0.461564 -0.885618 -0.0513791 174.535 0.885549 -0.463411 0.0324493 165.177 -0.0525473 -0.0305213 0.998152 0.645625
-0.563736 -0.825137 -0.0367522 174.062 0.82473 -0.564765 0.0293414 165.864 -0.044967 -0.0137698 0.998894 0.622577
-0.654524 -0.755412 -0.0308329 173.53 0.755121 -0.655195 0.0226239 166.512 -0.0372919 -0.00847467 0.999269 0.57115
-0.727398 -0.685344 -0.0345805 172.878 0.685077 -0.72817 0.0209048 167.216 -0.0395074 -0.00848418 0.999183 0.47421
-0.784745 -0.619026 -0.0313366 172.064 0.618802 -0.785351 0.0175645 167.712 -0.0354831 -0.00560746 0.999355 0.49856
-0.824455 -0.565164 -0.0293851 171.257 0.565009 -0.824964 0.0141186 168.219 -0.032221 -0.00496274 0.999469 0.482436
-0.850081 -0.525816 -0.0296514 170.32 0.525772 -0.850568 0.00988286 168.776 -0.0304171 -0.00718867 0.999511 0.427612
-0.867919 -0.495766 -0.0305364 169.428 0.495936 -0.868356 0.00225202 169.273 -0.0276329 -0.0131895 0.999531 0.406618
-0.876819 -0.479891 -0.0298901 168.447 0.480194 -0.877155 -0.00351753 169.894 -0.0245302 -0.0174373 0.999547 0.351293
-0.88094 -0.472306 -0.0295259 167.346 0.472625 -0.881252 -0.00454973 170.361 -0.0238709 -0.0179627 0.999554 0.364659
-0.881962 -0.470438 -0.0288374 166.168 0.470697 -0.882291 -0.00256664 170.929 -0.0242355 -0.0158374 0.999581 0.352256
-0.881667 -0.471155 -0.0260113 164.966 0.471357 -0.88194 -0.00190662 171.561 -0.0220421 -0.0139416 0.99966 0.314027
-0.881159 -0.472281 -0.0225548 163.694 0.472492 -0.881322 -0.00483584 172.269 -0.0175942 -0.0149181 0.999734 0.259125
-0.881212 -0.472225 -0.0216545 162.983 0.47243 -0.881352 -0.00530554 172.555 -0.0165799 -0.0149056 0.999751 0.251189
-0.880562 -0.473453 -0.0212742 162.316 0.473667 -0.880683 -0.00614511 172.866 -0.0158264 -0.015488 0.999755 0.252956
-0.880266 -0.474022 -0.0208496 161.593 0.474244 -0.880364 -0.00714113 173.266 -0.0149702 -0.0161739 0.999757 0.237524
-0.879727 -0.475053 -0.0201276 160.902 0.475235 -0.879843 -0.00522039 173.699 -0.0152292 -0.0141579 0.999784 0.199501
-0.878591 -0.477244 -0.0177905 160.136 0.477345 -0.878715 -0.00166982 173.961 -0.0148359 -0.0099593 0.99984 0.230352
-0.877618 -0.479049 -0.0172872 159.375 0.479125 -0.877747 -0.000284202 174.294 -0.0150377 -0.00853216 0.999851 0.224796
-0.877059 -0.48002 -0.018679 158.625 0.480106 -0.87721 -0.000175663 174.694 -0.0163011 -0.00912198 0.999826 0.21049
-0.877236 -0.479646 -0.0199327 157.861 0.479685 -0.877435 0.00310904 175.171 -0.0189809 -0.00683404 0.999797 0.211542
-0.87702 -0.480021 -0.020387 157.073 0.47998 -0.87725 0.00718118 175.69 -0.0213316 -0.00348728 0.999766 0.196326
-0.87695 -0.480114 -0.0211961 156.299 0.480093 -0.877194 0.00640604 175.964 -0.0216687 -0.00455832 0.999755 0.195486
-0.87715 -0.479799 -0.0199939 155.539 0.4798 -0.877363 0.00506515 176.303 -0.0199722 -0.00515018 0.999787 0.204554
-0.877776 -0.478782 -0.0166238 154.783 0.478778 -0.877925 0.00452412 176.673 -0.0167605 -0.00398796 0.999852 0.20671
-0.878379 -0.477731 -0.0149874 153.992 0.477704 -0.878503 0.00553057 177.125 -0.0158086 -0.00230163 0.999872 0.193661
-0.879252 -0.47607 -0.0165372 153.211 0.47602 -0.879406 0.00705831 177.611 -0.0179032 -0.00166601 0.999838 0.179334
-0.881295 -0.472171 -0.0193418 152.442 0.472017 -0.881506 0.012146 178.134 -0.0227849 0.00157453 0.999739 0.13274
-0.882924 -0.469138 -0.0188307 151.701 0.468858 -0.8831 0.0175211 178.4 -0.0248492 0.00664094 0.999669 0.173509
-0.88371 -0.467647 -0.0190488 150.901 0.467329 -0.883881 0.0189298 178.751 -0.0256893 0.0078264 0.999639 0.164519
-0.884796 -0.465595 -0.0189153 150.103 0.465276 -0.884962 0.0189879 179.156 -0.0255799 0.00799955 0.999641 0.139811
-0.885888 -0.463532 -0.0184818 149.366 0.463309 -0.886067 0.0151835 179.565 -0.0234142 0.00488811 0.999714 0.107845
-0.88648 -0.46245 -0.0171522 148.588 0.462248 -0.886632 0.0145269 180.04 -0.0219256 0.00494926 0.999747 0.0816343
-0.887976 -0.459629 -0.0154572 147.808 0.459406 -0.888083 0.0159965 180.56 -0.0210797 0.00710341 0.999753 0.0518933
-0.88826 -0.459069 -0.0157775 147.035 0.458931 -0.888395 0.0117062 180.84 -0.0193906 0.00315735 0.999807 0.0572168
-0.888369 -0.458863 -0.0156547 146.237 0.458825 -0.888505 0.00616439 181.18 -0.0167379 -0.00170653 0.999858 0.0561847
-0.888406 -0.458896 -0.0122387 145.424 0.458852 -0.88849 0.00638719 181.559 -0.013805 5.86594e-05 0.999905 0.0488655
-0.887975 -0.459735 -0.0120472 144.688 0.459721 -0.888054 0.00410426 181.961 -0.0125854 -0.00189387 0.999919 0.0301942
-0.8873 -0.461031 -0.0122431 143.93 0.461054 -0.887372 0.00104385 182.422 -0.0113455 -0.00471855 0.999925 0.0203846
-0.886974 -0.461687 -0.0110858 143.155 0.461689 -0.887038 0.00251755 182.938 -0.0109958 -0.0028852 0.999935 -7.66594e-05
-0.885994 -0.46355 -0.011622 142.383 0.46356 -0.886063 0.00198895 183.221 -0.0112198 -0.0036253 0.999931 0.022994
-0.884988 -0.465439 -0.0127759 141.612 0.465455 -0.88507 0.00185862 183.569 -0.0121726 -0.00430176 0.999917 0.0295572
-0.884237 -0.466821 -0.0142417 140.886 0.46685 -0.884335 0.00138213 183.925 -0.0132397 -0.00542661 0.999898 0.0214163
-0.88338 -0.46856 -0.00959337 140.191 0.468491 -0.883426 0.00864166 184.34 -0.0125242 0.00313946 0.999917 0.0326004
