0.485763 -0.873752 0.024332 0.691496 0.87403 0.485869 -0.00174955 0.550145 -0.0102935 0.0221168 0.999702 0.784093
0.483996 -0.874759 0.0233359 1.08795 0.875023 0.484074 -0.00254997 1.31283 -0.00906569 0.0216536 0.999724 0.786142
0.482225 -0.875762 0.0223431 1.4844 0.876012 0.482277 -0.00335446 2.07551 -0.00783787 0.0211904 0.999745 0.788189
0.480565 -0.87665 0.0232866 1.88018 0.876925 0.48061 -0.00401009 2.83517 -0.0076763 0.0223477 0.999721 0.789104
0.478683 -0.87775 0.0204598 2.2771 0.877971 0.478688 -0.00496788 3.60038 -0.0054333 0.0203412 0.999778 0.792224
0.477284 -0.878556 0.0184031 2.67671 0.878745 0.477243 -0.00686302 4.37319 -0.00275319 0.0194472 0.999807 0.795262
0.475569 -0.879562 0.0143053 3.07638 0.879678 0.475521 -0.0068145 5.1581 -0.000808696 0.0158249 0.999874 0.79972
0.474329 -0.880248 0.0132121 3.48344 0.880347 0.474292 -0.00604467 5.95083 -0.000945582 0.0144984 0.999894 0.80399
0.472888 -0.881008 0.0142354 3.89452 0.881119 0.472871 -0.00474069 6.75172 -0.00255493 0.0147849 0.999887 0.80933
0.471519 -0.881732 0.0147828 4.31129 0.881847 0.471523 -0.00340713 7.5567 -0.00396623 0.0146427 0.999885 0.813294
0.470459 -0.882287 0.0154489 4.72737 0.882411 0.47047 -0.00315605 8.368 -0.00448371 0.0151171 0.999876 0.815645
0.468958 -0.883093 0.0150211 5.14703 0.883212 0.468959 -0.0036732 9.18128 -0.0038005 0.0149894 0.99988 0.817814
0.468012 -0.88358 0.0158237 5.56768 0.883718 0.467989 -0.00541075 9.99766 -0.00262447 0.016516 0.99986 0.820286
0.467262 -0.883958 0.016851 5.99345 0.88411 0.467258 -0.00440531 10.8214 -0.00397967 0.0169566 0.999848 0.82238
0.467129 -0.884019 0.0173616 6.41926 0.884154 0.467196 -0.000274735 11.6537 -0.00786838 0.0154786 0.999849 0.827164
0.467689 -0.8837 0.0184801 6.84856 0.883817 0.467821 0.00335548 12.4882 -0.0116106 0.0147637 0.999824 0.832543
0.468863 -0.88303 0.0206372 7.28295 0.883155 0.469052 0.00525927 13.3253 -0.014324 0.01576 0.999773 0.8331
0.470097 -0.882356 0.021373 7.71893 0.882479 0.470312 0.00615442 14.1652 -0.0154824 0.015968 0.999753 0.829526
0.47122 -0.881788 0.02003 8.15642 0.881917 0.471386 0.00429228 15.0067 -0.0132268 0.0156422 0.99979 0.824726
0.472196 -0.881337 0.0166164 8.59605 0.881456 0.472266 0.000316469 15.8527 -0.0081263 0.0144972 0.999862 0.821301
0.473348 -0.880743 0.0152862 9.04069 0.880864 0.47336 -0.00306271 16.7027 -0.00453841 0.0149148 0.999878 0.81936
0.474016 -0.880337 0.0177972 9.49214 0.880499 0.474035 -0.00340213 17.5601 -0.00544148 0.0172831 0.999836 0.820265
0.47371 -0.880411 0.0217918 9.94714 0.880621 0.473821 -0.000107113 18.4244 -0.0102311 0.0192411 0.999763 0.82027
0.472828 -0.880752 0.026643 10.404 0.881038 0.47304 0.00194493 19.2919 -0.0143162 0.0225539 0.999643 0.819641
0.471953 -0.880993 0.0333507 10.8672 0.881509 0.472164 -0.00172676 20.1548 -0.0142257 0.0302139 0.999442 0.814373
0.470705 -0.881635 0.0340171 11.3248 0.882231 0.470771 -0.00652686 21.0219 -0.01026 0.0330832 0.9994 0.806957
0.469498 -0.882378 0.0313101 11.7781 0.882914 0.469427 -0.0100568 21.8963 -0.0058239 0.0323657 0.999459 0.803738
0.467851 -0.883298 0.0300035 12.2408 0.883797 0.467738 -0.0111058 22.7942 -0.004224 0.0317128 0.999488 0.813323
0.466834 -0.883798 0.0311064 12.7239 0.884322 0.466785 -0.0092602 23.7358 -0.00633585 0.0318311 0.999473 0.846657
0.465799 -0.884386 0.0298722 13.1975 0.884841 0.465866 -0.00510241 24.6686 -0.0094039 0.0288088 0.999541 0.872269
0.464629 -0.884993 0.030127 13.6721 0.885444 0.464729 -0.00401181 25.5999 -0.0104505 0.0285398 0.999538 0.896058
0.463646 -0.885495 0.0305236 14.1428 0.885931 0.463814 -0.00173826 26.5222 -0.0126181 0.0278478 0.999533 0.910686
0.463423 -0.885526 0.0329029 14.6142 0.885985 0.463712 0.00131853 27.4476 -0.0164251 0.0285404 0.999458 0.924974
0.462932 -0.885929 0.0286987 15.0703 0.886209 0.463255 0.00543462 28.3652 -0.0181095 0.0229172 0.999573 0.929017
0.462953 -0.885937 0.0281228 15.5295 0.886189 0.463282 0.00620278 29.2811 -0.0185241 0.0220505 0.999585 0.932642
0.46288 -0.885992 0.0275842 15.9868 0.886261 0.463164 0.00460866 30.1849 -0.0168593 0.0223135 0.999609 0.930754
0.463145 -0.885952 0.0242028 16.4369 0.88617 0.463349 0.00327668 31.0866 -0.0141173 0.0199302 0.999702 0.933508
0.462366 -0.886363 0.0240424 16.8903 0.886582 0.462561 0.00300533 31.9809 -0.0137849 0.019926 0.999706 0.940302
0.461154 -0.886922 0.0265771 17.346 0.887189 0.461394 0.00338187 32.8733 -0.0152619 0.0220193 0.999641 0.944646
0.460352 -0.88733 0.0268639 17.7944 0.887589 0.460617 0.00431695 33.7643 -0.0162045 0.0218567 0.99963 0.951328
0.460141 -0.887535 0.0235066 18.2339 0.887731 0.460346 0.00388124 34.6497 -0.0142659 0.0190816 0.999716 0.956342
0.459651 -0.887864 0.0204658 18.6707 0.888053 0.45974 -0.000399462 35.5279 -0.00905427 0.0183583 0.99979 0.958909
0.459248 -0.888094 0.019517 19.1118 0.888273 0.459314 -0.00121411 36.4066 -0.0078862 0.017894 0.999809 0.960891
0.458886 -0.888239 0.0213241 19.5555 0.888427 0.459015 0.00132014 37.2851 -0.0109607 0.0183392 0.999772 0.970132
0.458531 -0.88832 0.0252141 19.9974 0.888568 0.458737 0.00272737 38.1578 -0.0139894 0.0211538 0.999678 0.974134
0.458249 -0.888417 0.0268981 20.4357 0.888697 0.458485 0.00300995 39.0266 -0.0150065 0.022525 0.999634 0.976646
0.458141 -0.888401 0.0291571 20.8721 0.888766 0.45836 0.000960606 39.8869 -0.0142179 0.0254737 0.999574 0.976083
0.457725 -0.888543 0.0313008 21.3129 0.889006 0.45789 -0.00209638 40.7462 -0.0124696 0.0287862 0.999508 0.974702
0.456669 -0.889023 0.0330363 21.747 0.88954 0.456852 -0.00220577 41.6027 -0.0131317 0.0303944 0.999452 0.973692
0.455556 -0.889412 0.0376093 22.1842 0.890038 0.455886 0.000222034 42.4628 -0.017343 0.0333726 0.999292 0.970376
0.454854 -0.889582 0.0418448 22.615 0.890275 0.455403 0.0041447 43.3246 -0.0227433 0.0353682 0.999116 0.962433
0.454281 -0.889879 0.0417669 23.0363 0.890507 0.45492 0.00677398 44.1811 -0.0250286 0.0341165 0.999104 0.954097
0.453043 -0.890625 0.0392323 23.4562 0.891203 0.453573 0.00535717 45.0257 -0.022566 0.0325369 0.999216 0.947649
0.45201 -0.891361 0.0341054 23.8721 0.891895 0.452241 -0.00105802 45.8542 -0.0144808 0.0308967 0.999418 0.941035
0.451231 -0.891887 0.0304644 24.2851 0.892368 0.45127 -0.00598573 46.6739 -0.00840908 0.0298864 0.999518 0.939347
0.450045 -0.892618 0.0263001 24.6856 0.892959 0.450128 -0.00301713 47.4951 -0.00914528 0.0248428 0.99965 0.941859
0.449159 -0.893112 0.0246607 25.0842 0.893373 0.449315 0.000907575 48.304 -0.011891 0.0216235 0.999695 0.949753
0.447878 -0.893798 0.0230344 25.4748 0.893989 0.448072 0.00382902 49.1003 -0.0137435 0.0188776 0.999727 0.957744
0.446794 -0.894354 0.0225002 25.8602 0.894544 0.446968 0.00311507 49.8817 -0.0128428 0.0187356 0.999742 0.960321
0.445318 -0.895111 0.0216298 26.2369 0.89527 0.445503 0.00440795 50.6534 -0.0135817 0.0174016 0.999756 0.962978
0.443951 -0.895809 0.020807 26.6073 0.895938 0.444144 0.00553715 51.4133 -0.0142016 0.0161836 0.999768 0.967729
0.442482 -0.896523 0.0213889 26.973 0.89665 0.442695 0.00631708 52.1613 -0.0151322 0.0163832 0.999751 0.971305
0.441153 -0.897158 0.0221658 27.3334 0.897293 0.441385 0.00668022 52.8986 -0.0157769 0.0169423 0.999732 0.972561
0.439833 -0.897828 0.0212625 27.6835 0.897899 0.440096 0.009632 53.6253 -0.0180054 0.0148552 0.999728 0.974184
0.438648 -0.898394 0.0218323 28.0285 0.898378 0.438989 0.0143436 54.3451 -0.0224703 0.0133219 0.999659 0.974159
0.436914 -0.899266 0.020642 28.3694 0.89917 0.437262 0.0171682 55.0467 -0.0244647 0.0110597 0.99964 0.977635
0.435588 -0.899999 0.0162684 28.6927 0.899898 0.435821 0.015592 55.7301 -0.0211229 0.00784821 0.999746 0.981591
0.434618 -0.900536 0.0119226 29.0085 0.90051 0.434731 0.00955262 56.3933 -0.0137856 0.00658466 0.999883 0.985844
0.43336 -0.901165 0.0100176 29.3158 0.901184 0.433416 0.00419068 57.0393 -0.0081183 0.00721165 0.999941 0.987061
0.432949 -0.901381 0.00827237 29.6139 0.901401 0.43298 0.00234436 57.672 -0.00569494 0.00644174 0.999963 0.992551
0.432221 -0.901735 0.00770757 29.9015 0.901725 0.432268 0.00607215 58.2888 -0.00880721 0.00432559 0.999952 1.00438
0.431014 -0.902307 0.00832684 30.1828 0.902265 0.43108 0.0093422 58.8851 -0.0120191 0.0034864 0.999922 1.0218
0.429868 -0.902842 0.00952912 30.458 0.902843 0.42993 0.00580331 59.4575 -0.00933633 0.00610865 0.999938 1.0337
0.42986 -0.902785 0.0141517 30.7308 0.902884 0.429881 -0.00172662 60.0089 -0.00452479 0.0135196 0.999898 1.04306
0.430764 -0.902334 0.0153412 30.9916 0.902464 0.430681 -0.00849074 60.5451 0.00105433 0.0175024 0.999846 1.05528
0.433308 -0.901141 0.0137773 31.2416 0.901244 0.433224 -0.00870676 61.0736 0.00187737 0.0161894 0.999867 1.06759
0.436694 -0.899553 0.0101459 31.484 0.899609 0.436682 -0.00348129 61.593 -0.00129892 0.0106476 0.999942 1.08178
0.440705 -0.897562 0.0127338 31.7305 0.89764 0.440727 -0.00119749 62.0928 -0.0045373 0.0119581 0.999918 1.09251
0.445267 -0.895205 0.0185749 31.9831 0.895356 0.44535 0.000340282 62.5756 -0.00857696 0.0164797 0.999827 1.10443
0.452154 -0.891609 0.0243031 32.2312 0.891845 0.452335 0.00226452 63.0458 -0.0130122 0.0206507 0.999702 1.11692
0.461278 -0.88698 0.0221267 32.4681 0.88716 0.461451 0.00315721 63.5016 -0.0130108 0.0181736 0.99975 1.12484
0.474135 -0.880286 0.0170924 32.6957 0.880356 0.474281 0.0055673 63.9494 -0.0130074 0.0124077 0.999838 1.13156
0.489774 -0.871752 0.0130602 32.9281 0.871736 0.489897 0.00877715 64.3797 -0.0140496 0.00708621 0.999876 1.13678
0.508188 -0.861129 0.0141989 33.1729 0.861115 0.508329 0.00909049 64.7864 -0.0150458 0.0076072 0.999858 1.13927
0.529879 -0.847886 0.0178119 33.4269 0.847909 0.530073 0.00855287 65.1728 -0.0166935 0.0105709 0.999805 1.14337
0.553939 -0.832316 0.0200388 33.6872 0.832341 0.554183 0.00946649 65.5453 -0.0189843 0.0114352 0.999754 1.14663
0.580416 -0.81404 0.0213811 33.9549 0.814039 0.580705 0.0110241 65.9053 -0.0213902 0.0110065 0.999711 1.14877
0.609773 -0.792268 0.0221172 34.2336 0.792239 0.61009 0.0121427 66.2481 -0.0231138 0.0101178 0.999682 1.1487
0.641585 -0.766729 0.0222424 34.5218 0.766673 0.64191 0.0128038 66.5754 -0.0240947 0.00883793 0.999671 1.14627
0.675202 -0.737279 0.0228317 34.8221 0.737202 0.675542 0.0132873 66.8809 -0.0252202 0.00786001 0.999651 1.14533
0.710393 -0.703498 0.0208086 35.1314 0.703373 0.710682 0.0140418 67.163 -0.0246667 0.004661 0.999685 1.1468
0.747152 -0.664378 0.0191339 35.4522 0.664251 0.747392 0.0132648 67.4206 -0.0231134 0.00279893 0.999729 1.14721
0.784168 -0.620273 0.0185068 35.7834 0.620148 0.784384 0.012545 67.6518 -0.0222978 0.00163962 0.99975 1.14349
0.82016 -0.571861 0.0176762 36.1231 0.571728 0.82035 0.0123397 67.8567 -0.0215572 -1.45333e-05 0.999768 1.13678
0.854501 -0.519177 0.0168189 36.4705 0.519048 0.854666 0.0116326 68.0346 -0.020414 -0.00121026 0.999791 1.12918
0.886216 -0.462951 0.017243 36.8268 0.462865 0.886384 0.00890949 68.1815 -0.0194086 8.54516e-05 0.999812 1.12353
0.91411 -0.40509 0.0174733 37.1869 0.405008 0.914277 0.00817745 68.3052 -0.019288 -0.000398272 0.999814 1.12192
0.938021 -0.346022 0.0196061 37.5535 0.345923 0.938226 0.00834818 68.406 -0.0212836 -0.00104857 0.999773 1.11963
0.957908 -0.286232 0.021983 37.9279 0.286058 0.958152 0.0107739 68.4838 -0.0241469 -0.00403206 0.9997 1.11338
0.973808 -0.226135 0.0236832 38.3032 0.225932 0.974082 0.010957 68.5365 -0.0255472 -0.00531921 0.999659 1.10532
0.985751 -0.166518 0.0237963 38.6822 0.166369 0.98603 0.00810082 68.5588 -0.0248128 -0.00402643 0.999684 1.09631
0.993769 -0.108801 0.0241835 39.0585 0.108776 0.994063 0.00235731 68.5578 -0.0242964 0.000287963 0.999705 1.08866
0.998289 -0.0534752 0.0236633 39.4327 0.0533979 0.998566 0.00388742 68.5446 -0.0238372 -0.0026172 0.999712 1.08379
0.999726 0.000700234 0.0233924 39.8092 -0.000901151 0.999963 0.00857954 68.519 -0.0233855 -0.00859827 0.99969 1.07748
0.998427 0.0513613 0.0225048 40.1855 -0.0516055 0.998613 0.0104046 68.4731 -0.0219392 -0.0115496 0.999693 1.07051
0.995 0.0975045 0.0216142 40.5557 -0.0976229 0.995213 0.00449212 68.3992 -0.0210727 -0.0065797 0.999756 1.06274
0.989938 0.139744 0.0222327 40.9285 -0.139551 0.990164 -0.0100372 68.2982 -0.0234167 0.00683357 0.999702 1.05119
0.983969 0.176771 0.0236049 41.2993 -0.176421 0.984182 -0.016183 68.195 -0.0260923 0.0117592 0.99959 1.04169
0.977418 0.210212 0.0215639 41.6735 -0.209961 0.977619 -0.013331 68.098 -0.0238836 0.00850241 0.999679 1.03459
0.970272 0.241178 0.0201108 42.0504 -0.241197 0.970475 -0.00154721 68.0042 -0.0198902 -0.00334945 0.999797 1.03468
0.962809 0.269513 0.0190298 42.4279 -0.269661 0.962939 0.00564699 67.8929 -0.0168026 -0.0105686 0.999803 1.03818
0.955514 0.294455 0.0169702 42.8089 -0.294583 0.95561 0.00549768 67.7572 -0.0145981 -0.0102522 0.999841 1.03711
0.94818 0.317448 0.0134872 43.1901 -0.317486 0.948263 0.000724108 67.6027 -0.0125595 -0.00496857 0.999909 1.03276
0.94152 0.336934 0.00383876 43.5762 -0.336915 0.941523 -0.00477382 67.431 -0.00522274 0.00320131 0.999981 1.01296
0.934693 0.35543 -0.00438652 43.9713 -0.355446 0.93469 -0.00358807 67.2613 0.00282473 0.00491292 0.999984 0.994772
0.928186 0.372088 -0.00458592 44.385 -0.372094 0.928195 -0.000557145 67.086 0.00404932 0.00222353 0.999989 0.989667
0.922286 0.386504 0.00167935 44.8136 -0.386505 0.922287 0.000442812 66.8972 -0.0013777 -0.00105748 0.999999 0.99534
0.91649 0.400022 0.00527562 45.2441 -0.400023 0.916505 -0.000873649 66.6921 -0.00518461 -0.00130968 0.999986 1.00082
0.910944 0.412478 0.00659334 45.6799 -0.412463 0.910967 -0.00353964 66.4736 -0.00746634 0.000504901 0.999972 1.003
0.90594 0.423367 0.00577645 46.1223 -0.423326 0.90595 -0.00711225 66.242 -0.00824427 0.00399795 0.999958 1.00088
0.901426 0.432916 0.0038176 46.5761 -0.432865 0.901407 -0.00966894 66.0002 -0.00762704 0.00706333 0.999946 0.998825
0.897647 0.44071 0.00223751 47.043 -0.440661 0.897604 -0.01123 65.7496 -0.00695757 0.00909459 0.999934 0.997204
0.894941 0.446182 0.00121058 47.5242 -0.446134 0.894878 -0.0125573 65.489 -0.00668617 0.010698 0.99992 0.994054
0.892315 0.451414 -0.000414951 48.0191 -0.451379 0.892233 -0.0132829 65.2204 -0.00562584 0.0120398 0.999912 0.988454
0.889428 0.457074 -0.00139389 48.5315 -0.457051 0.889345 -0.0130421 64.9414 -0.00472156 0.0122371 0.999914 0.981118
0.887265 0.461253 -0.00249977 49.0605 -0.461235 0.88715 -0.0150448 64.6488 -0.00472177 0.0145017 0.999884 0.975984
0.885608 0.464423 -0.00316325 49.5986 -0.464408 0.885466 -0.0165855 64.3425 -0.00490176 0.0161573 0.999857 0.969849
0.883972 0.467527 -0.00332678 50.155 -0.467509 0.883812 -0.0176289 64.0282 -0.00530173 0.0171387 0.999839 0.964826
0.882472 0.470351 -0.0035266 50.7234 -0.470327 0.882283 -0.0192181 63.6996 -0.00592781 0.0186181 0.999809 0.958862
0.881764 0.471659 -0.00544906 51.3048 -0.471651 0.881479 -0.0232392 63.3616 -0.00615774 0.0230615 0.999715 0.952426
0.881821 0.47153 -0.00713158 51.8978 -0.471541 0.881437 -0.0267935 63.0129 -0.00634791 0.02699 0.999616 0.944498
0.882598 0.470059 -0.00803764 52.5107 -0.470084 0.882156 -0.0286666 62.6607 -0.00638456 0.0290795 0.999557 0.937135
0.884037 0.467319 -0.00953922 53.1396 -0.467379 0.883523 -0.03073 62.3039 -0.0059326 0.0316249 0.999482 0.930479
0.885769 0.464022 -0.00985964 53.7852 -0.464089 0.885224 -0.0316099 61.9407 -0.00593969 0.0325748 0.999452 0.924219
0.88752 0.460681 -0.00907652 54.4506 -0.460709 0.886911 -0.0336883 61.5766 -0.00746949 0.0340807 0.999391 0.921764
0.889304 0.457249 -0.0078632 55.1304 -0.457232 0.888677 -0.0345282 61.2101 -0.00880015 0.0343014 0.999373 0.919824
0.891152 0.45368 -0.00465068 55.8298 -0.453572 0.8906 -0.0332324 60.8436 -0.010935 0.0317246 0.999437 0.915474
0.892964 0.450118 -0.00308567 56.5353 -0.449967 0.89244 -0.0328716 60.4755 -0.0120423 0.0307416 0.999455 0.909975
0.894754 0.446551 -0.0026992 57.2507 -0.44642 0.894306 -0.0304281 60.1086 -0.0111738 0.0284306 0.999533 0.906386
0.896258 0.443509 -0.00452746 57.9701 -0.44346 0.895881 -0.0272158 59.7435 -0.00801441 0.0264002 0.999619 0.905322
0.896887 0.4422 -0.0073302 58.696 -0.442255 0.896671 -0.0197674 59.3815 -0.00216837 0.020971 0.999778 0.904487
0.896741 0.44247 -0.00868852 59.4246 -0.442555 0.896597 -0.016114 59.0127 0.000660128 0.0182952 0.999832 0.903987
0.896771 0.442427 -0.0077292 60.1564 -0.442494 0.896664 -0.0138651 58.6423 0.000796214 0.0158539 0.999874 0.91124
0.896735 0.44255 -0.00391315 60.8904 -0.442563 0.896651 -0.0124756 58.2718 -0.00201234 0.0129191 0.999915 0.922536
0.896665 0.442693 -0.00372975 61.6198 -0.442701 0.896569 -0.013429 57.8974 -0.00260096 0.0136925 0.999903 0.931203
0.896743 0.442549 -0.00169503 62.3498 -0.442536 0.896669 -0.012117 57.5238 -0.0038425 0.011616 0.999925 0.940642
0.8966 0.442841 -0.000802178 63.0776 -0.442823 0.896545 -0.0106759 57.1489 -0.00400853 0.00992723 0.999943 0.953301
0.896632 0.442777 -0.000283848 63.8043 -0.442764 0.896602 -0.00809987 56.7793 -0.00333193 0.00738828 0.999967 0.962144
0.896103 0.443845 0.000117461 64.5297 -0.443839 0.896093 -0.00494368 56.4096 -0.00229949 0.00437792 0.999988 0.970456
0.894887 0.446291 0.0015705 65.2549 -0.446287 0.894887 -0.00238076 56.0401 -0.00246793 0.00142961 0.999996 0.9793
0.893168 0.449705 0.00407367 65.9781 -0.449707 0.893176 -0.000547683 55.667 -0.0038848 -0.00134278 0.999992 0.988606
0.890962 0.454016 0.00744037 66.7007 -0.454031 0.890986 0.000273789 55.2908 -0.00650496 -0.00362209 0.999972 0.999125
0.888063 0.459598 0.0106591 67.4192 -0.459634 0.888108 0.00111529 54.9084 -0.00895388 -0.00588975 0.999943 1.00811
0.884616 0.466183 0.0113023 68.1297 -0.466229 0.884662 0.00172546 54.5203 -0.00919434 -0.00679583 0.999935 1.01542
0.880521 0.473882 0.0108824 68.8319 -0.473936 0.880555 0.0028671 54.1291 -0.00822384 -0.00768208 0.999937 1.02064
0.875687 0.482772 0.0101297 69.5274 -0.482821 0.875714 0.0029231 53.7275 -0.00745955 -0.00745056 0.999944 1.02528
0.87068 0.491739 0.010435 70.2161 -0.491781 0.870717 0.00175286 53.3218 -0.00822397 -0.00665791 0.999944 1.03134
0.8653 0.501103 0.0123362 70.897 -0.501161 0.865352 0.00196827 52.9135 -0.00968888 -0.00788559 0.999922 1.03776
0.859634 0.510755 0.0125957 71.5717 -0.510804 0.859697 0.000765655 52.4955 -0.0104374 -0.00709211 0.99992 1.04036
0.853883 0.520312 0.0126059 72.2368 -0.520359 0.853947 0.000536795 52.0725 -0.0104855 -0.00701796 0.99992 1.04288
0.84805 0.529776 0.0121735 72.8923 -0.529824 0.848107 0.000893767 51.647 -0.00985092 -0.00720776 0.999925 1.04635
0.842287 0.538906 0.0115776 73.5404 -0.538959 0.84233 0.00186268 51.217 -0.00874834 -0.00780875 0.999931 1.04924
0.836642 0.547649 0.0105071 74.1775 -0.547695 0.836676 0.00194065 50.7836 -0.00772822 -0.0073783 0.999943 1.05172
0.831328 0.555699 0.00961705 74.8034 -0.555737 0.831356 0.00175505 50.3475 -0.00701991 -0.00680358 0.999952 1.0553
0.825912 0.563726 0.00907351 75.4186 -0.563761 0.825937 0.0015821 49.9081 -0.00660227 -0.00642196 0.999958 1.06046
0.820487 0.571596 0.00884968 76.025 -0.571627 0.820512 0.00125124 49.469 -0.00654607 -0.00608535 0.99996 1.06448
0.81544 0.578779 0.00848566 76.6199 -0.578801 0.815469 8.59601e-05 49.0267 -0.00687004 -0.0049816 0.999964 1.06974
0.811016 0.584957 0.00883114 77.2057 -0.584966 0.811056 -0.00187593 48.5837 -0.00825989 -0.0036445 0.999959 1.07514
0.807808 0.589382 0.00867291 77.78 -0.58936 0.807854 -0.00509857 48.1423 -0.0100114 -0.000992799 0.999949 1.08237
0.805348 0.59274 0.00859273 78.3487 -0.592679 0.805392 -0.00871525 47.7016 -0.0120864 0.00192609 0.999925 1.08573
0.803554 0.595168 0.00872433 78.9084 -0.595077 0.803593 -0.0110433 47.268 -0.0135834 0.00368226 0.999901 1.08758
0.802451 0.596648 0.00906671 79.4552 -0.596544 0.802492 -0.0118776 46.8448 -0.0143627 0.00412247 0.999888 1.08928
0.801807 0.597518 0.00882531 79.9924 -0.59741 0.801843 -0.0122068 46.4287 -0.0143703 0.0045152 0.999887 1.09026
0.802159 0.597064 0.00737066 80.5143 -0.596961 0.802174 -0.0123962 46.0227 -0.0133139 0.00554377 0.999896 1.09112
0.803792 0.594883 0.00574245 81.0237 -0.594787 0.803784 -0.0126595 45.6292 -0.0121466 0.0067601 0.999903 1.09224
0.806624 0.591044 0.00494145 81.5227 -0.590957 0.806609 -0.0123398 45.2511 -0.0112792 0.00703338 0.999912 1.09398
0.811067 0.584934 0.00477193 82.0101 -0.584857 0.811055 -0.0115412 44.8921 -0.0106212 0.00656983 0.999922 1.09665
0.817271 0.576232 0.00489457 82.4866 -0.576163 0.817265 -0.0106769 44.5492 -0.0101526 0.00590589 0.999931 1.1006
0.824868 0.565305 0.00485421 82.9505 -0.565239 0.824862 -0.0103981 44.225 -0.00988212 0.00583324 0.999934 1.10531
0.834152 0.551519 0.00416128 83.4054 -0.551471 0.834147 -0.00890796 43.925 -0.00838402 0.00513577 0.999952 1.10968
0.845233 0.534392 0.00236268 83.8607 -0.534368 0.845225 -0.00666431 43.6429 -0.00555835 0.00437036 0.999975 1.11768
0.857705 0.514142 0.000253802 84.3166 -0.514137 0.857699 -0.00384318 43.3764 -0.00219362 0.00316582 0.999993 1.12603
0.871652 0.490125 -0.000804 84.7769 -0.490126 0.87165 -0.00188358 43.1225 -0.000222384 0.00203589 0.999998 1.13279
0.887029 0.461714 -0.000495813 85.2434 -0.461715 0.887028 -0.00108784 42.8849 -6.24734e-05 0.00119387 0.999999 1.13985
0.903569 0.42844 0.00130972 85.7155 -0.428437 0.903569 -0.00195541 42.6656 -0.0020212 0.00120572 0.999997 1.1474
0.920583 0.390519 0.00465931 86.1948 -0.390511 0.920595 -0.00258072 42.4705 -0.00529715 0.000556252 0.999986 1.15608
0.937074 0.349002 0.00952013 86.6785 -0.348992 0.937122 -0.00276528 42.3009 -0.00988661 -0.000731178 0.999951 1.16437
0.952783 0.303323 0.0141407 87.1697 -0.303339 0.952882 -0.00104164 42.1542 -0.0137904 -0.00329696 0.9999 1.17268
0.967247 0.253282 0.0167878 87.6608 -0.253335 0.967378 0.00112241 42.0429 -0.0159559 -0.0053386 0.999858 1.18169
0.979909 0.198713 0.0171003 88.1475 -0.198769 0.980045 0.00164964 41.9577 -0.0164312 -0.0050155 0.999852 1.18526
0.990183 0.139008 0.0146313 88.6302 -0.139004 0.990291 -0.00132917 41.8986 -0.014674 -0.000717681 0.999892 1.18867
0.997147 0.0748363 0.00990862 89.106 -0.0748113 0.997194 -0.00287524 41.8749 -0.010096 0.00212576 0.999947 1.19236
0.999957 0.00835264 0.00403121 89.5775 -0.00832947 0.999949 -0.00573106 41.8836 -0.00407887 0.00569723 0.999975 1.19661
0.998233 -0.059423 -0.00021208 90.0433 0.0594216 0.998224 -0.00423819 41.9327 0.00046355 0.0042181 0.999991 1.19944
0.991856 -0.127315 -0.00353001 90.5026 0.127305 0.991859 -0.00292385 42.0153 0.00387352 0.00245065 0.999989 1.20262
0.980802 -0.194918 -0.00579607 90.9547 0.194896 0.980815 -0.00410918 42.1266 0.00648582 0.00290067 0.999975 1.20748
0.965359 -0.260874 -0.00519441 91.3984 0.260842 0.965362 -0.00617384 42.2663 0.00662508 0.00460505 0.999967 1.21545
0.945643 -0.325204 -0.00100281 91.8321 0.325193 0.94563 -0.00584929 42.4376 0.00285049 0.00520523 0.999982 1.22535
0.921687 -0.3879 0.00526859 92.2526 0.387923 0.921681 -0.00446139 42.6403 -0.00312539 0.00615581 0.999976 1.23664
0.894489 -0.446978 0.0100199 92.6579 0.447017 0.894523 -0.00197804 42.8747 -0.00807887 0.00624839 0.999948 1.24626
0.865052 -0.501445 0.0154429 93.0527 0.501491 0.865162 0.000964941 43.1331 -0.0138445 0.00690976 0.99988 1.25214
0.835033 -0.549892 0.0183836 93.4342 0.549886 0.835219 0.00581752 43.4171 -0.0185533 0.00525106 0.999814 1.25931
0.806082 -0.591504 0.0188457 93.8012 0.591439 0.806295 0.00942449 43.7207 -0.0207698 0.0035492 0.999778 1.26242
0.779605 -0.626058 0.0163748 94.1579 0.625848 0.779773 0.0164056 44.0509 -0.0230395 -0.00254172 0.999731 1.25873
0.755764 -0.654731 0.012219 94.5035 0.654506 0.755841 0.0180287 44.3871 -0.0210396 -0.00562805 0.999763 1.24976
0.733915 -0.679172 0.00974195 94.8493 0.678953 0.733946 0.0185945 44.732 -0.0197789 -0.00703245 0.99978 1.23994
0.717347 -0.696588 0.0133609 95.1998 0.696453 0.717471 0.0136905 45.0758 -0.0191227 -0.000515616 0.999817 1.23337
0.70578 -0.708254 0.0158225 95.5481 0.708162 0.705952 0.0118032 45.4295 -0.0195296 0.00287446 0.999805 1.23185
0.69637 -0.717566 0.012937 95.8938 0.717434 0.69649 0.013806 45.7989 -0.0189172 -0.000332619 0.999821 1.22476
0.689197 -0.724519 0.00892816 96.2432 0.724325 0.689231 0.0177148 46.1821 -0.0189883 -0.00574207 0.999803 1.21125
0.684581 -0.72893 0.0030194 96.5946 0.728722 0.684474 0.0214567 46.5729 -0.0177071 -0.0124885 0.999765 1.20401
0.682447 -0.730926 -0.00361035 96.9544 0.730801 0.68222 0.0224837 46.9698 -0.0139709 -0.0179824 0.999741 1.20152
0.681774 -0.731536 -0.00625766 97.3258 0.731467 0.681522 0.0219774 47.369 -0.0118125 -0.0195609 0.999739 1.20299
0.683368 -0.730039 -0.00716525 97.7089 0.730018 0.68316 0.0191219 47.7715 -0.0090647 -0.018298 0.999791 1.20276
0.686464 -0.727103 -0.00938817 98.1029 0.72716 0.686364 0.01191 48.1769 -0.00221612 -0.0150025 0.999885 1.1979
0.689542 -0.724148 -0.0119116 98.5027 0.724239 0.689512 0.00712988 48.5904 0.00305009 -0.0135432 0.999904 1.19406
0.69272 -0.721049 -0.015069 98.9121 0.721203 0.692637 0.0110067 49.024 0.00250092 -0.0184924 0.999826 1.19667
0.696815 -0.717082 -0.0155479 99.3313 0.717249 0.696608 0.0170418 49.4676 -0.00138954 -0.0230267 0.999734 1.20157
0.700382 -0.71368 -0.0112102 99.7703 0.713744 0.700141 0.0192934 49.9095 -0.0059206 -0.021514 0.999751 1.20628
0.703079 -0.711095 -0.00484355 100.223 0.711014 0.702853 0.0213612 50.3551 -0.0117855 -0.0184624 0.99976 1.20957
0.705561 -0.70865 -0.00018847 100.682 0.708453 0.705359 0.0237199 50.8092 -0.0166762 -0.0168694 0.999719 1.21061
0.70786 -0.706343 0.00373056 101.148 0.706123 0.707754 0.0217751 51.2667 -0.018021 -0.0127795 0.999756 1.20647
0.708311 -0.705884 0.00494245 101.622 0.705734 0.708278 0.0168115 51.7264 -0.0153676 -0.00841972 0.999846 1.20205
0.708178 -0.706029 0.00256894 102.099 0.705971 0.708158 0.0108213 52.1938 -0.00945941 -0.00584984 0.999938 1.19819
0.707778 -0.70643 -0.00272882 102.578 0.706434 0.707763 0.00486143 52.6722 -0.00150291 -0.00536854 0.999985 1.19458
0.706125 -0.708045 -0.00777853 103.066 0.708081 0.706123 0.00351422 53.1648 0.00300437 -0.00798931 0.999964 1.1921
0.704315 -0.709869 -0.00505805 103.569 0.709887 0.70429 0.00596045 53.6699 -0.000668811 -0.00778868 0.999969 1.19213
0.703044 -0.711144 0.00189985 104.086 0.711102 0.703028 0.00924437 54.1857 -0.00790972 -0.00514821 0.999955 1.19724
0.701173 -0.71297 0.00553636 104.605 0.712838 0.701162 0.0152713 54.7123 -0.0147699 -0.00676132 0.999868 1.20299
0.699795 -0.714337 0.003183 105.122 0.714196 0.699733 0.0172501 55.2463 -0.0145496 -0.00979824 0.999846 1.20291
0.698437 -0.715663 -0.00355265 105.64 0.715603 0.698292 0.017337 55.7894 -0.00992669 -0.0146511 0.999843 1.19929
0.69584 -0.718159 -0.00742252 106.169 0.718183 0.695724 0.0134722 56.3351 -0.00451117 -0.0147052 0.999882 1.19458
0.692861 -0.721018 -0.00872216 106.706 0.72107 0.692791 0.00991408 56.8908 -0.0011056 -0.0131584 0.999913 1.19249
0.690097 -0.723688 -0.00650103 107.254 0.723713 0.690033 0.00972389 57.4593 -0.00255114 -0.0114153 0.999932 1.19495
0.687464 -0.726214 -0.00261907 107.808 0.726208 0.68743 0.0079381 58.0336 -0.00396433 -0.00735914 0.999965 1.19986
0.68604 -0.727564 5.62416e-05 108.368 0.727532 0.68601 0.00937414 58.6208 -0.00685887 -0.00639012 0.999956 1.20496
0.684879 -0.728648 0.00373273 108.939 0.728596 0.684878 0.00951302 59.2238 -0.00948811 -0.00379561 0.999948 1.20498
0.684369 -0.729088 0.00837699 109.514 0.729055 0.684419 0.00698828 59.8251 -0.0108284 0.00132473 0.99994 1.2038
0.683894 -0.72953 0.00862039 110.089 0.72948 0.683948 0.00856963 60.4374 -0.0121477 0.000427687 0.999926 1.20461
0.684245 -0.729239 0.00433499 110.659 0.729178 0.684248 0.0102493 61.0535 -0.0104404 -0.00385205 0.999938 1.20492
0.684698 -0.728824 -0.00182606 111.232 0.728791 0.684637 0.0116759 61.6742 -0.00725946 -0.00932525 0.99993 1.20453
0.685245 -0.728265 -0.00833413 111.808 0.72829 0.685088 0.0157777 62.2981 -0.00578074 -0.0168812 0.999841 1.20326
0.687103 -0.726438 -0.0133172 112.388 0.726532 0.6868 0.0213873 62.9295 -0.00639032 -0.0243706 0.999683 1.20615
0.689482 -0.724164 -0.0141945 112.975 0.724245 0.689047 0.0261361 63.5594 -0.00914616 -0.0283006 0.999558 1.21147
0.691292 -0.722424 -0.0147982 113.57 0.722524 0.690855 0.0260375 64.1829 -0.00858669 -0.0286916 0.999551 1.21439
0.6928 -0.720943 -0.0164204 114.167 0.72111 0.692431 0.0232377 64.8077 -0.00538312 -0.02794 0.999595 1.21265
0.693528 -0.72035 -0.0106609 114.779 0.720402 0.693297 0.0189984 65.4396 -0.00629433 -0.0208561 0.999763 1.20337
0.69384 -0.720106 -0.00582413 115.391 0.720103 0.693724 0.014104 66.0649 -0.00611601 -0.0139799 0.999884 1.19944
0.694905 -0.719087 -0.00456677 115.996 0.719075 0.694812 0.0129308 66.6925 -0.00612531 -0.0122695 0.999906 1.19882
0.695651 -0.718355 -0.00595578 116.598 0.718336 0.695494 0.016784 67.3267 -0.00791468 -0.0159541 0.999841 1.196
0.696309 -0.717729 -0.00431309 117.201 0.717623 0.696071 0.0223875 67.9615 -0.0130659 -0.0186838 0.99974 1.19253
0.696999 -0.717062 -0.00367498 117.803 0.716816 0.696605 0.0302499 68.5916 -0.019131 -0.0237184 0.999536 1.19364
0.697919 -0.716149 -0.00639375 118.399 0.716053 0.697604 0.0248192 69.1937 -0.013314 -0.0219001 0.999671 1.20015
0.698273 -0.715745 -0.0111355 118.996 0.715832 0.69819 0.0107618 69.7803 7.19628e-05 -0.0154858 0.99988 1.20799
0.69799 -0.715968 -0.0141238 119.597 0.71602 0.698077 -0.0018156 70.3658 0.0111594 -0.00884568 0.999899 1.21714
0.697376 -0.716638 -0.00981773 120.201 0.716685 0.697395 0.00194336 70.9705 0.00545415 -0.00839147 0.99995 1.22986
0.696416 -0.717614 0.0058805 120.814 0.717457 0.696401 0.016788 71.5881 -0.0161425 -0.00747242 0.999842 1.244
0.695195 -0.718606 0.0175905 121.42 0.718019 0.695368 0.0302113 72.2018 -0.0339419 -0.00837239 0.999389 1.25729
0.694823 -0.719057 0.0133444 122.007 0.718586 0.694884 0.0277578 72.795 -0.0292322 -0.00969763 0.999526 1.24964
0.6942 -0.719781 -0.000658718 122.582 0.719653 0.694059 0.0194993 73.379 -0.013578 -0.0140105 0.99981 1.2309
0.693442 -0.720485 -0.00626794 123.165 0.720499 0.69335 0.0121499 73.9613 -0.00440793 -0.0129413 0.999907 1.21444
0.692099 -0.721789 -0.00440367 123.754 0.721798 0.692057 0.00805139 74.5466 -0.00276381 -0.00875092 0.999958 1.21464
0.690135 -0.723677 -0.00226695 124.332 0.723654 0.690079 0.0107228 75.1458 -0.00619546 -0.00904066 0.99994 1.21524
0.687582 -0.726101 -0.00281763 124.901 0.726092 0.687539 0.00895109 75.74 -0.00456217 -0.00820048 0.999956 1.20421
0.68406 -0.729413 -0.0043834 125.466 0.729423 0.684026 0.00715087 76.3314 -0.00221758 -0.00808898 0.999965 1.18928
0.681703 -0.731593 -0.00725304 126.023 0.731622 0.681619 0.011148 76.9316 -0.00321196 -0.0129061 0.999912 1.18526
0.68005 -0.733051 -0.0129808 126.576 0.733165 0.679909 0.0139196 77.5321 -0.00137797 -0.0189831 0.999819 1.17823
0.67867 -0.734322 -0.013339 127.135 0.734434 0.678455 0.0174679 78.1328 -0.00377715 -0.0216516 0.999758 1.1773
0.677612 -0.735358 -0.00947762 127.697 0.735371 0.677363 0.020222 78.7304 -0.00845059 -0.0206722 0.999751 1.17643
0.676648 -0.736261 -0.00823342 128.254 0.736251 0.676417 0.0198697 79.3239 -0.00906002 -0.0195066 0.999769 1.17546
0.674779 -0.737967 -0.0087657 128.806 0.737999 0.674625 0.0154428 79.9179 -0.0054827 -0.0168895 0.999842 1.17318
0.671479 -0.740991 -0.00698662 129.355 0.741019 0.671412 0.00985901 80.5047 -0.00261454 -0.0117973 0.999927 1.16723
0.66664 -0.745359 -0.00556148 129.9 0.74538 0.666615 0.00574431 81.104 -0.000574209 -0.0079748 0.999968 1.16632
0.661583 -0.749868 -0.00250283 130.439 0.749856 0.661544 0.00866516 81.7164 -0.00484199 -0.00760949 0.999959 1.1694
0.656858 -0.754005 0.00365328 130.978 0.75389 0.65683 0.0149625 82.3339 -0.0136814 -0.00707409 0.999881 1.1736
0.653505 -0.756834 0.0115769 131.509 0.756588 0.653595 0.0197003 82.9562 -0.0224765 -0.00411524 0.999739 1.16877
0.650338 -0.759597 0.00849391 132.026 0.759183 0.650292 0.027575 83.5819 -0.0264695 -0.0114847 0.999584 1.16116
0.647029 -0.762458 0.00331521 132.535 0.762155 0.646884 0.0257152 84.2017 -0.0217514 -0.0141118 0.999664 1.15146
0.641802 -0.766867 -0.00232575 133.047 0.766783 0.64168 0.0170475 84.8131 -0.0115808 -0.0127245 0.999852 1.13939
0.636788 -0.771031 -0.00365604 133.561 0.771024 0.636737 0.00939882 85.4326 -0.00491884 -0.00880395 0.999949 1.12678
0.631632 -0.775265 -0.00238205 134.076 0.775252 0.631595 0.00853822 86.0649 -0.00511489 -0.0072397 0.999961 1.12313
0.625585 -0.780135 -0.00563969 134.582 0.780105 0.625445 0.0159821 86.7131 -0.00894086 -0.0143977 0.999856 1.12734
0.619425 -0.784982 -0.0107686 135.079 0.785014 0.619193 0.0187637 87.3624 -0.00806135 -0.0200762 0.999766 1.12651
0.611647 -0.790969 -0.0159761 135.577 0.791127 0.611457 0.0154804 88.0047 -0.00247586 -0.0221077 0.999753 1.12252
0.604769 -0.796231 -0.0164353 136.073 0.796401 0.604651 0.0119505 88.6509 0.000422265 -0.0203164 0.999794 1.11498
0.598301 -0.801115 -0.0158089 136.567 0.80127 0.598161 0.0130043 89.3097 -0.000961743 -0.0204477 0.99979 1.11159
0.591972 -0.805822 -0.0148115 137.049 0.80592 0.591666 0.0205886 89.9836 -0.00782725 -0.0241247 0.999678 1.10743
0.585459 -0.810574 -0.0143841 137.526 0.810587 0.584986 0.0271954 90.6638 -0.0136294 -0.0275813 0.999527 1.10645
0.579275 -0.815044 -0.0119648 138 0.814943 0.578763 0.0300314 91.3399 -0.0175522 -0.0271471 0.999477 1.10302
0.57404 -0.818751 -0.0111549 138.471 0.818603 0.573512 0.0311866 92.0163 -0.0191366 -0.0270338 0.999451 1.09722
0.570412 -0.82128 -0.0113484 138.937 0.82116 0.569917 0.029825 92.6951 -0.018027 -0.0263314 0.999491 1.09227
0.566748 -0.823695 -0.0179687 139.394 0.823804 0.566239 0.0268245 93.3746 -0.0119206 -0.0300054 0.999479 1.08853
0.5638 -0.82548 -0.026702 139.84 0.825887 0.563242 0.025871 94.0588 -0.00631631 -0.0366389 0.999309 1.08194
0.561522 -0.826938 -0.0294335 140.289 0.827457 0.561046 0.0232704 94.7448 -0.0027296 -0.0374218 0.999296 1.07339
0.55894 -0.828737 -0.027945 140.748 0.829165 0.558246 0.0291214 95.4424 -0.00853376 -0.0394481 0.999185 1.06554
0.55712 -0.830057 -0.0249427 141.205 0.830239 0.556092 0.0382733 96.148 -0.0178986 -0.0420312 0.998956 1.0565
0.554379 -0.831986 -0.021538 141.661 0.831852 0.553104 0.0457986 96.8498 -0.026191 -0.0433062 0.998718 1.04832
0.550436 -0.834614 -0.0209936 142.111 0.834527 0.549301 0.0428198 97.5396 -0.0242062 -0.0410892 0.998862 1.03553
0.546114 -0.837544 -0.0167311 142.564 0.837561 0.545528 0.0298439 98.2179 -0.0158683 -0.0303114 0.999415 1.01986
0.540354 -0.841288 -0.0158664 143.01 0.841394 0.540039 0.020314 98.9028 -0.00852149 -0.0243266 0.999668 0.999625
0.534517 -0.844957 -0.0184232 143.443 0.845099 0.534094 0.0234955 99.6076 -0.010013 -0.0281281 0.999554 0.985197
0.528255 -0.848963 -0.0144644 143.88 0.848954 0.527795 0.0266323 100.318 -0.0149756 -0.0263483 0.999541 0.975487
0.521929 -0.852946 -0.00859364 144.321 0.85276 0.521529 0.028426 101.03 -0.019764 -0.0221647 0.999559 0.964298
0.51696 -0.856009 -0.000296134 144.761 0.855725 0.516779 0.0259549 101.745 -0.0220646 -0.013671 0.999663 0.94817
0.51174 -0.859131 0.00403089 145.196 0.858834 0.511677 0.0243098 102.467 -0.0229478 -0.00897842 0.999696 0.935633
0.506534 -0.862209 0.00424136 145.62 0.862041 0.506523 0.0178718 103.188 -0.0175576 -0.00539645 0.999831 0.923393
0.500526 -0.865702 0.00573945 146.041 0.86569 0.500554 0.0052588 103.902 -0.00742546 0.00233641 0.99997 0.90769
0.494549 -0.869065 0.0121541 146.467 0.86915 0.494495 -0.00733257 104.617 0.000362338 0.01419 0.999899 0.897693
0.488947 -0.872196 0.0143234 146.882 0.872282 0.489004 0.000489938 105.36 -0.00743152 0.0122545 0.999897 0.890921
0.484198 -0.874875 0.0120987 147.284 0.874721 0.484343 0.016573 106.121 -0.0203592 0.00255833 0.999789 0.886218
0.479777 -0.877323 0.0109338 147.683 0.876904 0.479888 0.0273332 106.879 -0.0292271 -0.00352594 0.999567 0.881535
0.476318 -0.879212 0.0103522 148.08 0.878839 0.47642 0.0258161 107.625 -0.0276298 -0.00319875 0.999613 0.867214
0.474836 -0.880064 0.00415049 148.47 0.879906 0.474833 0.0172775 108.366 -0.0171761 -0.00455196 0.999842 0.850321
0.472514 -0.881267 -0.00997238 148.849 0.881294 0.472376 0.013436 109.115 -0.00712994 -0.0151373 0.99986 0.838098
0.470778 -0.882171 -0.0119553 149.241 0.882244 0.470676 0.0104341 109.866 -0.00357755 -0.0154597 0.999874 0.830372
0.468357 -0.883526 -0.00480714 149.65 0.883512 0.468292 0.0104458 110.62 -0.00697799 -0.00913952 0.999934 0.828284
0.46793 -0.883766 -0.000426438 150.051 0.883621 0.467844 0.0183311 111.384 -0.0160009 -0.00895446 0.999832 0.825334
0.468145 -0.883651 0.00103067 150.448 0.883369 0.468025 0.0247344 112.152 -0.022339 -0.0106689 0.999694 0.824317
0.466708 -0.88441 0.001432 150.847 0.884161 0.466614 0.0230248 112.91 -0.0210315 -0.00947974 0.999734 0.821685
0.464982 -0.885319 -0.00158716 151.24 0.885216 0.464899 0.0161551 113.663 -0.0135645 -0.00891679 0.999868 0.81806
0.46319 -0.886257 0.0016607 151.642 0.886257 0.463192 0.00141763 114.406 -0.00202561 0.000815174 0.999998 0.81328
0.461251 -0.887222 0.00919413 152.049 0.887263 0.461183 -0.00858834 115.151 0.00337958 0.012119 0.999921 0.813597
0.460148 -0.887785 0.0100835 152.445 0.887842 0.460131 -0.00409455 115.916 -0.00100464 0.0108366 0.999941 0.818486
0.45892 -0.88842 0.0100996 152.835 0.888417 0.458992 0.0064946 116.687 -0.0104056 0.00599215 0.999928 0.828673
0.457335 -0.889231 0.0106718 153.22 0.889147 0.457445 0.0126955 117.447 -0.016171 0.00368274 0.999862 0.834196
0.45652 -0.889649 0.0107018 153.606 0.889627 0.456611 0.00839398 118.193 -0.0123542 0.00568855 0.999907 0.832525
0.456528 -0.889679 0.00734032 153.991 0.889689 0.456558 0.00293701 118.935 -0.00596427 0.00518978 0.999969 0.829046
0.456336 -0.889807 0.000539306 154.365 0.889797 0.456334 0.00443392 119.689 -0.00419143 -0.00154349 0.99999 0.828368
0.45591 -0.890026 -0.000249171 154.744 0.889986 0.455887 0.0095805 120.442 -0.0084133 -0.00458961 0.999954 0.831687
0.455137 -0.890419 -0.00193889 155.122 0.890348 0.455071 0.013846 121.191 -0.0114464 -0.00802812 0.999902 0.835648
0.454811 -0.890582 -0.00324869 155.499 0.890472 0.454689 0.0178245 121.94 -0.014397 -0.0109996 0.999836 0.833895
0.454343 -0.890801 -0.00681376 155.868 0.890712 0.454148 0.0195141 122.686 -0.0142887 -0.0149352 0.999786 0.83171
0.453837 -0.891061 -0.00641902 156.239 0.891002 0.453686 0.0168648 123.425 -0.0121154 -0.0133732 0.999837 0.830078
0.452993 -0.891446 -0.0109976 156.602 0.891492 0.45286 0.012609 124.155 -0.00625988 -0.015516 0.99986 0.825348
0.451892 -0.891984 -0.0125562 156.962 0.892058 0.451758 0.0121378 124.886 -0.00515431 -0.0166858 0.999847 0.818942
0.454407 -0.890701 -0.0128984 157.286 0.890783 0.454281 0.0116399 125.52 -0.00450817 -0.0167789 0.999849 0.812618
0.457095 -0.88932 -0.0131985 157.608 0.88941 0.456976 0.0111262 126.15 -0.00386334 -0.0168246 0.999851 0.806303
0.459778 -0.887931 -0.013502 157.93 0.888028 0.459667 0.0106143 126.78 -0.00321832 -0.0168704 0.999852 0.799986
0.462457 -0.886534 -0.0138086 158.252 0.886638 0.462354 0.0101044 127.41 -0.00257346 -0.0169161 0.999854 0.793669
0.465131 -0.885129 -0.0141184 158.574 0.88524 0.465036 0.00959657 128.04 -0.00192865 -0.0169618 0.999854 0.787353
0.467801 -0.883716 -0.0144314 158.896 0.883833 0.467715 0.00909056 128.67 -0.00128368 -0.0170075 0.999855 0.781035
0.470467 -0.882294 -0.0147476 159.218 0.882417 0.470389 0.00858652 129.3 -0.000638714 -0.0170532 0.999854 0.774716
0.473128 -0.880865 -0.015067 159.54 0.880993 0.473059 0.00808447 129.93 6.27642e-06 -0.0170989 0.999854 0.768397
0.475785 -0.879427 -0.0153896 159.862 0.879561 0.475725 0.00758443 130.561 0.000651268 -0.0171446 0.999853 0.762078
0.478438 -0.877981 -0.0157153 160.184 0.87812 0.478387 0.00708641 131.191 0.00129627 -0.0171903 0.999851 0.755757
0.481086 -0.876527 -0.0160441 160.506 0.876671 0.481044 0.00659044 131.821 0.00194125 -0.017236 0.99985 0.749437
0.483728 -0.875065 -0.0163761 160.828 0.875214 0.483697 0.00609663 132.451 0.0025861 -0.0172817 0.999847 0.743117
0.486366 -0.873595 -0.0167111 161.15 0.873749 0.486345 0.0056049 133.081 0.00323094 -0.0173273 0.999845 0.736798
0.489 -0.872117 -0.0170492 161.471 0.872275 0.488988 0.00511523 133.711 0.0038758 -0.017373 0.999842 0.730477
0.491628 -0.870632 -0.0173904 161.793 0.870794 0.491627 0.0046278 134.34 0.00452048 -0.0174186 0.999838 0.724158
0.494251 -0.869139 -0.0177346 162.115 0.869304 0.49426 0.00414261 134.97 0.00516499 -0.0174642 0.999834 0.71784
0.500284 -0.865689 -0.0172896 162.431 0.865849 0.500284 0.00462128 135.545 0.00464912 -0.0172821 0.99984 0.717011
