0.477284 -0.878556 0.0184031 0.681433 0.878745 0.477243 -0.00686302 0.552625 -0.00275319 0.0194472 0.999807 0.791128
0.475315 -0.87972 0.012963 1.52153 0.879815 0.475286 -0.00544893 2.13398 -0.00136758 0.013995 0.999901 0.788512
0.472395 -0.881267 0.0145504 2.36209 0.88138 0.47239 -0.00397665 3.74915 -0.00336899 0.014703 0.999886 0.808407
0.470199 -0.882431 0.0151183 3.23045 0.882555 0.470189 -0.00443255 5.36992 -0.00319705 0.0154269 0.999876 0.807607
0.468584 -0.883276 0.0159024 4.08542 0.88341 0.468586 -0.00384657 7.01816 -0.00405405 0.0158508 0.999866 0.825365
0.468952 -0.883056 0.017194 4.95688 0.88316 0.469064 0.00288872 8.67904 -0.010616 0.0138303 0.999848 0.826294
0.471645 -0.881515 0.0219424 5.84289 0.881676 0.471837 0.00424285 10.3538 -0.0140934 0.0173449 0.99975 0.812669
0.474082 -0.88024 0.0205644 6.73192 0.880442 0.47415 -0.00172833 12.0449 -0.00822925 0.0189251 0.999787 0.803554
0.475653 -0.879476 0.0166211 7.63948 0.879613 0.475685 -0.00221638 13.7349 -0.00595716 0.0156743 0.999859 0.812119
0.47511 -0.879564 0.025259 8.57206 0.87982 0.475303 0.00190448 15.4512 -0.0136808 0.0213185 0.999679 0.803229
0.472989 -0.880275 0.0373868 9.49778 0.881004 0.473042 -0.00797368 17.1621 -0.0106665 0.0367093 0.999269 0.795254
0.469816 -0.882245 0.0302842 10.4287 0.882744 0.469759 -0.00943366 18.9268 -0.00590348 0.0311653 0.999497 0.795395
0.467768 -0.883386 0.0286648 11.3582 0.883796 0.467856 -0.00397479 20.7051 -0.00989971 0.0271931 0.999581 0.792064
0.46597 -0.884449 0.0249481 12.2958 0.884707 0.466145 0.00136825 22.4918 -0.0128396 0.0214342 0.999688 0.7892
0.46579 -0.884575 0.023819 13.2342 0.88469 0.466093 0.00897939 24.3137 -0.0190448 0.0168899 0.999676 0.784973
0.465599 -0.884715 0.0222897 14.1721 0.884822 0.465859 0.00811896 26.0633 -0.0175668 0.0159422 0.999719 0.76771
0.465207 -0.885019 0.0179768 15.0256 0.885071 0.465391 0.00771237 27.7827 -0.0151918 0.0123229 0.999809 0.747883
0.463533 -0.885861 0.0196671 15.9812 0.885914 0.463761 0.00901837 29.5589 -0.0171098 0.013243 0.999766 0.734709
0.46273 -0.886267 0.0202906 16.8498 0.88643 0.462858 0.00188841 31.31 -0.0110653 0.0171124 0.999792 0.719041
0.462056 -0.886775 0.0115788 17.7835 0.886772 0.462149 0.00731259 33.0561 -0.0118358 0.00688894 0.999906 0.741392
0.461433 -0.886975 0.0188693 18.6509 0.88703 0.461637 0.00826941 34.7875 -0.0160455 0.0129219 0.999788 0.727724
0.461606 -0.886755 0.0242168 19.5573 0.88697 0.461814 0.00351973 36.483 -0.0143048 0.0198548 0.999701 0.713707
0.460068 -0.88749 0.0264362 20.4252 0.887709 0.460364 0.0061514 38.2119 -0.0176296 0.0206376 0.999632 0.724582
0.458381 -0.888098 0.0341973 21.3205 0.888407 0.45894 0.010378 39.9285 -0.0249112 0.025624 0.999361 0.68897
0.455635 -0.889581 0.0322864 22.1602 0.890008 0.455939 0.00235072 41.6261 -0.0168118 0.0276641 0.999476 0.675898
0.454427 -0.89064 0.016023 22.9568 0.890712 0.454545 0.00448478 43.1773 -0.0112775 0.0122339 0.999862 0.660132
0.452445 -0.891678 0.0142686 23.7852 0.891666 0.452592 0.00963193 44.83 -0.0150464 0.00836486 0.999852 0.662385
0.449427 -0.893217 0.013389 24.5362 0.893181 0.44957 0.0107165 46.3562 -0.0155915 0.00714254 0.999853 0.662584
0.447406 -0.894256 0.0115691 25.273 0.894188 0.447528 0.0120937 47.8213 -0.0159924 0.00493419 0.99986 0.68674
0.4453 -0.895323 0.010248 25.9847 0.895162 0.445415 0.0170488 49.3354 -0.0198288 0.00158178 0.999802 0.672963
0.442445 -0.896729 0.010974 26.6788 0.896412 0.44258 0.0238201 50.7307 -0.0262171 -0.000701891 0.999656 0.642799
0.439024 -0.898418 0.0101593 27.6265 0.898415 0.439097 0.00658942 52.7574 -0.010381 0.00623436 0.999927 0.630262
0.436774 -0.89957 0.00176052 28.4901 0.899462 0.43675 0.0147278 54.5322 -0.0140176 -0.0048492 0.99989 0.655743
0.436865 -0.899458 0.0111459 29.3397 0.89952 0.436878 -0.00139107 56.1972 -0.00361817 0.0106336 0.999937 0.651262
0.44765 -0.8942 0.00394593 30.0786 0.894187 0.447666 0.00491821 57.7878 -0.00616432 0.00132676 0.99998 0.680648
0.469063 -0.88305 0.0142525 30.8033 0.88304 0.469207 0.00923667 59.1829 -0.0148438 0.00825292 0.999856 0.713417
0.518944 -0.85477 0.00809342 31.5562 0.854644 0.519006 0.0146683 60.4436 -0.0167386 -0.000695037 0.99986 0.719241
0.624346 -0.781031 0.0134937 32.6685 0.780818 0.624491 0.018281 61.8299 -0.0227047 -0.000877509 0.999742 0.719237
0.762626 -0.64674 0.0113507 33.9266 0.646505 0.762679 0.0187508 62.9391 -0.0207838 -0.00696159 0.99976 0.699453
0.900346 -0.435068 0.0096941 35.2755 0.434912 0.900352 0.0147411 63.7117 -0.0151415 -0.00905604 0.999844 0.672118
0.990726 -0.135008 0.0153178 37.0732 0.134807 0.990781 0.0134249 64.0764 -0.0169891 -0.0112354 0.999793 0.665236
0.984628 0.174288 0.0114645 39.2611 -0.17427 0.984695 -0.00255745 63.8842 -0.0117347 0.000520212 0.999931 0.683284
0.944075 0.329633 0.00802696 41.0842 -0.329708 0.944016 0.0112715 63.3073 -0.00386213 -0.0132877 0.999904 0.663227
0.913583 0.406557 -0.00881039 42.6148 -0.406522 0.913625 0.00544559 62.6208 0.0102633 -0.00139338 0.999946 0.67999
0.888437 0.458998 -0.000552498 44.3319 -0.458998 0.888437 0.00106893 61.716 0.000981497 -0.000696079 0.999999 0.702065
0.876782 0.480865 -0.00462042 45.7102 -0.480884 0.876771 -0.0048106 60.9093 0.0017378 0.00643974 0.999978 0.697042
0.868349 0.495903 -0.00705741 47.2531 -0.495935 0.868352 -0.00366104 60.0197 0.0043128 0.00667907 0.999968 0.708699
0.863447 0.504396 -0.0066689 48.9377 -0.50443 0.863437 -0.00514307 59.0369 0.00316404 0.00780475 0.999965 0.713559
0.864841 0.501951 -0.00980721 50.6659 -0.502038 0.864776 -0.0109998 58.003 0.0029597 0.0144366 0.999891 0.719903
0.868862 0.4949 -0.0124095 51.9406 -0.495046 0.868728 -0.0155691 57.2517 0.00307535 0.0196707 0.999802 0.722883
0.874148 0.485568 -0.00942145 53.3074 -0.485655 0.874063 -0.0124343 56.5147 0.00219723 0.015445 0.999878 0.716498
0.877624 0.479319 -0.00542628 54.7379 -0.479349 0.877545 -0.0118281 55.7671 -0.000907615 0.0129817 0.999915 0.708453
0.881138 0.472787 -0.00830708 56.1604 -0.47285 0.881095 -0.00917657 55.0068 0.00298077 0.0120138 0.999923 0.735946
0.88188 0.471387 -0.00912904 57.593 -0.471388 0.881923 0.00212873 54.2734 0.00905457 0.00242603 0.999956 0.75592
0.881723 0.471725 -0.00642291 59.1045 -0.471703 0.881745 0.00468474 53.4808 0.00787328 -0.00110095 0.999968 0.796946
0.881807 0.471568 -0.00637241 60.5121 -0.471558 0.88183 0.00307908 52.7269 0.00707138 0.000289811 0.999975 0.820749
0.881972 0.471275 -0.00509375 61.9692 -0.471247 0.881982 0.00589037 51.9795 0.00726857 -0.00279474 0.99997 0.849967
0.880529 0.473981 -0.00334477 63.4232 -0.473927 0.880502 0.0104319 51.2243 0.00788962 -0.00760045 0.99994 0.883796
0.876545 0.48131 0.00329067 64.8789 -0.481297 0.876413 0.0159501 50.4481 0.00479295 -0.0155648 0.999867 0.897337
0.870217 0.49262 0.00689335 66.3285 -0.492662 0.870051 0.0171744 49.6621 0.0024629 -0.0183416 0.999829 0.926521
0.860955 0.508637 0.00675558 67.728 -0.508674 0.860795 0.0168053 48.8574 0.00273264 -0.017905 0.999836 0.94454
0.849957 0.526813 0.00638397 69.0899 -0.526848 0.849843 0.0140859 48.0721 0.00199526 -0.0153358 0.99988 0.98011
0.837387 0.54656 0.0073858 70.4548 -0.546607 0.83726 0.0147208 47.1892 0.00186195 -0.0163641 0.999864 1.02024
0.824938 0.565174 0.007395 71.7514 -0.565213 0.824778 0.0166195 46.3203 0.00329368 -0.0178898 0.999835 1.02249
0.813221 0.581919 0.00642606 72.9882 -0.581935 0.813051 0.0173455 45.4396 0.00486898 -0.0178453 0.999829 1.04073
0.801739 0.59764 0.00640603 74.2156 -0.597651 0.801566 0.0174888 44.5472 0.00531717 -0.01785 0.999827 1.07993
0.792155 0.610274 0.00749088 75.3715 -0.610304 0.791983 0.017121 43.6546 0.00451586 -0.0181342 0.999825 1.10519
0.786433 0.617618 0.00849737 76.5422 -0.617676 0.786338 0.0122309 42.7456 0.000872193 -0.0148674 0.999889 1.15705
0.783953 0.620791 0.00598951 78.1228 -0.620819 0.783935 0.00550093 41.5097 -0.00128045 -0.00803088 0.999967 1.19356
0.788931 0.614475 0.00271633 79.6725 -0.614479 0.788908 0.00630108 40.2928 0.00172893 -0.00664025 0.999977 1.22088
0.808645 0.588291 0.00267473 81.0486 -0.588289 0.808602 0.00885986 39.257 0.00304938 -0.00873799 0.999957 1.24835
0.841537 0.540188 -0.0037152 82.4207 -0.540123 0.841513 0.0111154 38.3881 0.00913078 -0.00734735 0.999931 1.28431
0.88916 0.45757 -0.00486209 83.789 -0.457475 0.889119 0.0135406 37.7394 0.0105188 -0.0098155 0.999897 1.30699
0.958409 0.285218 0.0101686 85.6513 -0.285355 0.958281 0.0164511 37.1732 -0.00505217 -0.0186686 0.999813 1.32003
0.999484 -0.0318104 -0.00435186 88.0202 0.0318581 0.999428 0.0113805 37.2224 0.00398736 -0.0115132 0.999926 1.36023
0.951919 -0.306308 -0.00506676 89.8794 0.306348 0.951842 0.0121761 37.7266 0.00109311 -0.0131429 0.999913 1.35199
0.844486 -0.535405 0.0136101 91.5259 0.535063 0.844515 0.0224252 38.6306 -0.0235005 -0.0116555 0.999656 1.34756
0.745102 -0.666936 0.00439226 92.9649 0.666499 0.744823 0.0318948 39.776 -0.0245433 -0.0208375 0.999482 1.29642
0.707009 -0.707178 0.00612026 93.9456 0.706779 0.706858 0.0285486 40.8492 -0.0245151 -0.0158585 0.999574 1.30112
0.694103 -0.719845 -0.00664598 94.98 0.719508 0.693423 0.0383779 41.9755 -0.0230177 -0.03142 0.999241 1.25771
0.698175 -0.715815 -0.0126285 96.1657 0.715857 0.697752 0.0263017 43.1668 -0.0100156 -0.0274034 0.999574 1.2149
0.709079 -0.704841 -0.020172 97.3728 0.705083 0.708416 0.0316787 44.4052 -0.00803826 -0.0366856 0.999295 1.2294
0.719218 -0.694729 -0.0088479 98.7743 0.694492 0.718487 0.038176 45.7765 -0.0201649 -0.0336017 0.999232 1.19334
0.721107 -0.692814 -0.00375412 100.212 0.692697 0.720861 0.0230106 47.1255 -0.0132358 -0.0191936 0.999728 1.1806
0.719353 -0.694473 -0.0154346 101.204 0.694626 0.718995 0.0232633 48.126 -0.00505832 -0.0274558 0.99961 1.13975
0.716682 -0.69723 -0.0153878 102.25 0.697315 0.716075 0.0314513 49.1435 -0.01091 -0.0332707 0.999387 1.13706
0.712451 -0.701678 -0.00782585 103.293 0.701523 0.711939 0.0317605 50.1679 -0.0167141 -0.0281178 0.999465 1.11173
0.708985 -0.705088 -0.0138237 104.364 0.705158 0.708515 0.0275289 51.2766 -0.00961597 -0.0292655 0.999525 1.12273
0.703527 -0.710423 -0.0186759 105.487 0.710641 0.703023 0.027366 52.3884 -0.00631188 -0.0325246 0.999451 1.0729
0.699091 -0.714892 -0.0141908 106.633 0.714967 0.698619 0.0274417 53.5644 -0.00970391 -0.0293302 0.999523 1.08731
0.69768 -0.71635 -0.00920265 107.794 0.71632 0.697334 0.0247001 54.7328 -0.0112766 -0.0238249 0.999653 1.07865
0.697269 -0.716745 -0.00956578 108.905 0.716695 0.696858 0.0271572 55.9133 -0.0127988 -0.0257916 0.999585 1.04154
0.698987 -0.714887 -0.0188144 110.035 0.71508 0.698367 0.0307266 57.152 -0.00882672 -0.0349313 0.999351 1.04084
0.702542 -0.711238 -0.0239807 111.247 0.711579 0.701633 0.0369551 58.3962 -0.00945826 -0.0430267 0.999029 1.03816
0.705532 -0.70834 -0.0219188 112.434 0.708639 0.70483 0.032314 59.631 -0.00744018 -0.0383311 0.999237 1.03423
0.706598 -0.707466 -0.0145748 113.691 0.707588 0.706235 0.0234818 60.8352 -0.00631934 -0.0269051 0.999618 1.04963
0.709135 -0.704927 -0.0143398 114.953 0.705021 0.70869 0.0265311 62.0693 -0.00854004 -0.028924 0.999545 1.05443
0.710112 -0.703912 -0.0158074 116.13 0.703885 0.709186 0.0400076 63.2943 -0.0169514 -0.0395365 0.999074 1.04401
0.711191 -0.702724 -0.0196729 117.335 0.702997 0.710973 0.0176734 64.4685 0.00156737 -0.0263991 0.99965 1.01848
0.710358 -0.703529 -0.0209239 118.54 0.703835 0.710152 0.017313 65.6826 0.00267898 -0.0270254 0.999631 1.05904
0.708363 -0.705839 0.00346598 119.77 0.705258 0.707964 0.0373976 66.9116 -0.0288505 -0.0240467 0.999295 1.03459
0.706445 -0.707689 -0.0105475 120.93 0.707606 0.705887 0.031881 68.0627 -0.0151165 -0.0299856 0.999436 1.04036
0.704465 -0.709444 -0.0204609 122.082 0.709736 0.704086 0.0231978 69.2603 -0.00205125 -0.0308639 0.999522 1.02762
0.700343 -0.713538 -0.0195942 123.21 0.713793 0.699898 0.0253538 70.4643 -0.00437693 -0.0317426 0.999487 1.02263
0.693884 -0.719652 -0.0250328 124.354 0.720084 0.693363 0.0269444 71.6713 -0.00203376 -0.036722 0.999323 1.0413
0.691072 -0.722306 -0.0263373 125.467 0.722777 0.690429 0.0300072 72.8529 -0.00349033 -0.0397731 0.999203 1.0789
0.689093 -0.724237 -0.025144 126.615 0.724647 0.688359 0.0323619 74.0362 -0.00612958 -0.0405209 0.99916 1.06392
0.684387 -0.728774 -0.0224314 127.714 0.729118 0.684014 0.0226087 75.216 -0.0011332 -0.0318282 0.999493 1.11777
0.673913 -0.738562 -0.0191679 128.8 0.738798 0.67352 0.023417 76.4184 -0.00438494 -0.0299422 0.999542 1.10467
0.666441 -0.745526 -0.00694286 129.853 0.745244 0.665861 0.0352078 77.602 -0.0216253 -0.028638 0.999356 1.1398
0.659755 -0.751373 -0.0127645 130.944 0.751246 0.659028 0.0362298 78.8429 -0.01881 -0.0334921 0.999262 1.11957
0.650096 -0.759611 -0.0191323 131.979 0.759844 0.649768 0.0209373 80.0608 -0.00347266 -0.0281489 0.999598 1.12604
0.639541 -0.768446 -0.0218596 133.019 0.768718 0.638966 0.0281918 81.2941 -0.00769629 -0.0348337 0.999363 1.08206
0.625953 -0.779338 -0.0285631 134.009 0.779852 0.625346 0.0278149 82.589 -0.00381539 -0.0396858 0.999205 1.09926
0.612563 -0.789806 -0.031203 135.033 0.790421 0.612032 0.0255195 83.9072 -0.00105817 -0.0402958 0.999187 1.10316
0.600023 -0.799495 -0.0279323 136.054 0.799864 0.598968 0.0381345 85.2425 -0.0137577 -0.0452237 0.998882 1.10987
0.587873 -0.808478 -0.0277362 136.978 0.808738 0.58658 0.0432188 86.6186 -0.0186719 -0.0478384 0.998681 1.11068
0.580228 -0.813777 -0.0332063 137.93 0.814349 0.579016 0.0397168 87.9823 -0.0130936 -0.0500863 0.998659 1.10086
0.574293 -0.817423 -0.0447961 138.855 0.818644 0.573221 0.0352181 89.3519 -0.00311002 -0.0568975 0.998375 1.07297
0.569588 -0.820942 -0.0402913 139.785 0.821779 0.567859 0.0470675 90.7394 -0.0157599 -0.0599196 0.998079 1.09227
0.56301 -0.82575 -0.0340184 140.689 0.826181 0.561298 0.0486851 92.0683 -0.0211073 -0.0555155 0.998235 1.08639
0.55258 -0.832864 -0.031494 141.621 0.833424 0.551816 0.0300564 93.4349 -0.00765397 -0.0428565 0.999052 1.05461
0.541026 -0.840316 -0.0340596 142.466 0.840868 0.539759 0.0400196 94.7823 -0.0152452 -0.0502913 0.998618 1.04235
0.529189 -0.848382 -0.0143945 143.389 0.848222 0.5285 0.034753 96.2346 -0.0218763 -0.0306007 0.999292 1.02334
0.519184 -0.854662 -0.000205962 144.252 0.854471 0.519063 0.0212681 97.6472 -0.0180701 -0.011218 0.999774 1.04123
0.50734 -0.861746 -2.71313e-05 145.168 0.861744 0.507339 0.00204154 99.0536 -0.00174552 -0.00105913 0.999998 1.07932
0.496623 -0.867946 -0.00585469 145.986 0.867783 0.496369 0.0238822 100.568 -0.0178224 -0.0169411 0.999698 1.05911
0.489399 -0.872045 0.00508064 146.77 0.871693 0.489353 0.0261657 102.025 -0.0253039 -0.0083767 0.999645 1.03902
0.485023 -0.874432 -0.0110115 147.544 0.874464 0.484848 0.0153611 103.539 -0.0080933 -0.0170797 0.999821 1.00098
0.481793 -0.876229 -0.00985139 148.327 0.876265 0.481676 0.0121867 105.001 -0.00593319 -0.0145039 0.999877 1.02325
0.480487 -0.877 -0.00176468 149.102 0.876803 0.480334 0.0222564 106.454 -0.0186712 -0.0122412 0.999751 1.012
0.477494 -0.878634 -0.00124211 149.906 0.878523 0.477411 0.0166097 107.98 -0.0140008 -0.00902227 0.999861 0.949647
0.47431 -0.880358 -0.000964953 150.752 0.880357 0.474311 -0.000998546 109.463 0.00133677 -0.000375884 0.999999 0.97499
0.471736 -0.881739 0.000815844 151.523 0.881664 0.471707 0.0126716 110.961 -0.0115578 -0.00525833 0.999919 0.997919
0.469763 -0.882758 0.00780278 152.349 0.882696 0.469824 0.0106228 112.548 -0.0130433 0.0018973 0.999913 1.00094
0.469664 -0.882845 -0.000615222 153.063 0.882811 0.46964 0.00907295 113.992 -0.00772108 -0.00480436 0.999959 0.977636
0.468235 -0.883604 0.000445405 153.838 0.88353 0.468202 0.0127067 115.514 -0.0114363 -0.00555622 0.999919 1.03267
0.467513 -0.883986 -0.000233691 154.582 0.883874 0.46745 0.0160617 116.947 -0.0140891 -0.00771562 0.999871 1.02596
0.466407 -0.884551 -0.00579399 155.352 0.884543 0.466331 0.0109261 118.435 -0.00696277 -0.010221 0.999924 0.990829
0.463551 -0.885988 -0.0120524 156.077 0.885939 0.463206 0.0235182 119.853 -0.0152541 -0.0215796 0.999651 0.960088
0.46128 -0.887244 0.00426914 156.859 0.886848 0.461209 0.0280632 121.279 -0.0268679 -0.00915891 0.999597 0.973774
0.461214 -0.887288 -0.00158881 157.537 0.887162 0.461116 0.0177621 122.606 -0.0150275 -0.00960165 0.999841 0.956712
0.464818 -0.885406 -0.000666346 158.48 0.885405 0.464816 0.00173703 124.474 -0.00122825 -0.00139739 0.999998 0.984789
0.478803 -0.877921 0.00122379 159.433 0.877814 0.478766 0.0150215 126.296 -0.0137736 -0.00611806 0.999886 1.0031
0.496584 -0.867986 -0.00223169 160.355 0.867949 0.496534 0.0109019 127.999 -0.00835456 -0.00735068 0.999938 0.992632
0.51544 -0.856839 -0.012189 161.344 0.856921 0.515429 0.00430437 129.687 0.00259439 -0.0126636 0.999916 1.0467
0.529196 -0.848488 0.00447613 162.325 0.848459 0.529215 0.00703457 131.308 -0.00833759 7.51428e-05 0.999965 1.0731
0.532395 -0.846494 0.00175525 163.38 0.846404 0.532367 0.0136202 132.946 -0.0124639 -0.00576569 0.999906 1.05961
0.531047 -0.84734 -0.00218573 164.381 0.84726 0.530958 0.0153077 134.624 -0.0118103 -0.00998097 0.99988 1.0617
0.525693 -0.850586 -0.0122987 165.449 0.850643 0.525743 -0.00108908 136.285 0.0073923 -0.00988925 0.999924 1.03944
0.514306 -0.857607 -0.000212293 166.425 0.857342 0.514141 0.0249995 138.057 -0.0213306 -0.0130394 0.999687 1.05225
0.508923 -0.860798 0.00499065 167.208 0.860406 0.508852 0.0277817 139.315 -0.0264539 -0.00984475 0.999602 0.995706
0.50107 -0.865399 0.00380384 168.223 0.865351 0.501082 0.00914318 141.093 -0.00981854 -0.00128971 0.999951 1.01755
0.49957 -0.866046 0.0198801 169.019 0.866086 0.499807 0.00932482 142.302 -0.0180119 0.0125595 0.999759 0.997621
0.49637 -0.86768 0.0273684 170.054 0.867991 0.496579 0.000955401 144.154 -0.0144195 0.0232813 0.999625 0.980619
0.494797 -0.868284 0.0354674 171.13 0.868774 0.495199 0.00301554 145.967 -0.0201818 0.0293211 0.999366 0.946423
0.493551 -0.868828 0.0393047 172.143 0.869591 0.493744 -0.00529303 147.749 -0.0148077 0.0367914 0.999213 0.926843
0.494014 -0.869031 0.027127 173.107 0.869453 0.493814 -0.0140958 149.52 -0.00114601 0.0305492 0.999533 0.941863
0.492877 -0.869354 0.0360139 174.093 0.869885 0.493251 0.00176133 151.223 -0.0192951 0.0304598 0.99935 0.932218
0.486398 -0.872721 0.0421348 174.963 0.873394 0.486993 0.00455629 152.736 -0.0244957 0.0345841 0.999102 0.899624
0.459242 -0.887086 0.0466325 175.751 0.888156 0.45951 -0.00544587 154.219 -0.0165972 0.0439179 0.998897 0.860808
0.379181 -0.924025 0.048991 176.491 0.925197 0.379469 -0.00364624 156.078 -0.0152213 0.0467089 0.998793 0.856825
0.23765 -0.9705 0.0406463 176.901 0.971348 0.237543 -0.00752054 157.806 -0.00235658 0.041269 0.999145 0.877221
-0.02045 -0.999732 -0.0108279 176.853 0.999785 -0.0204105 -0.00374588 159.96 0.00352387 -0.0109022 0.999934 0.915614
-0.250795 -0.967235 -0.0394726 176.388 0.967686 -0.251597 0.0168003 161.623 -0.026181 -0.0339836 0.999079 0.903864
-0.463549 -0.884742 -0.0485224 175.596 0.885001 -0.464985 0.023725 163.128 -0.0435527 -0.0319447 0.99854 0.887994
-0.655634 -0.754574 -0.0276179 174.568 0.754532 -0.656112 0.0140811 164.422 -0.0287456 -0.0116065 0.999519 0.858459
-0.757784 -0.651834 -0.0295831 173.497 0.651828 -0.758285 0.0111934 165.353 -0.0297287 -0.0108009 0.9995 0.80776
-0.837356 -0.546009 -0.026642 171.876 0.546095 -0.837711 0.00457228 166.43 -0.0248147 -0.0107204 0.999635 0.744863
-0.866787 -0.497937 -0.0271791 170.53 0.498237 -0.867026 -0.00518245 167.165 -0.0209844 -0.0180337 0.999617 0.719728
-0.877323 -0.479164 -0.0265768 169.026 0.479576 -0.87742 -0.0118398 167.93 -0.0176458 -0.0231329 0.999577 0.688107
-0.879194 -0.475765 -0.0258289 167.31 0.4761 -0.87935 -0.00853731 168.8 -0.0186509 -0.0198031 0.99963 0.687822
-0.877253 -0.479564 -0.0210927 165.487 0.47981 -0.877332 -0.00845026 169.768 -0.0144529 -0.0175335 0.999742 0.654214
-0.876925 -0.48024 -0.0193005 164.138 0.480467 -0.876963 -0.00933262 170.491 -0.0124439 -0.0174572 0.99977 0.631563
-0.875736 -0.482433 -0.0185754 162.762 0.482654 -0.875755 -0.00991071 171.257 -0.0114862 -0.0176446 0.999778 0.637524
-0.87363 -0.486334 -0.015793 161.293 0.486435 -0.873712 -0.00303751 172.021 -0.0123213 -0.0103359 0.999871 0.632116
-0.872304 -0.488678 -0.0167333 159.765 0.48875 -0.872424 -0.000208192 172.858 -0.0144968 -0.00836001 0.99986 0.596122
-0.872072 -0.489022 -0.0186456 158.184 0.488948 -0.87227 0.00864156 173.767 -0.0204899 -0.00158067 0.999789 0.614561
-0.872323 -0.488583 -0.0183959 156.649 0.488547 -0.872512 0.00671756 174.615 -0.0193327 -0.00312738 0.999808 0.578538
-0.874073 -0.485612 -0.0133611 155.093 0.485558 -0.874175 0.00724067 175.483 -0.0151961 -0.000158724 0.999885 0.565338
-0.876766 -0.480583 -0.0179488 153.533 0.480388 -0.876941 0.014183 176.326 -0.0225561 0.00381273 0.999738 0.543109
-0.879723 -0.47516 -0.0176068 151.999 0.474796 -0.879838 0.0212963 177.152 -0.0256103 0.0103752 0.999618 0.54586
-0.882582 -0.469849 -0.0170642 150.466 0.469573 -0.882713 0.0178659 177.96 -0.0234571 0.00775523 0.999695 0.495167
-0.884394 -0.466517 -0.0144341 148.914 0.466234 -0.884453 0.0192197 178.75 -0.0217326 0.0102681 0.999711 0.486033
-0.885053 -0.465227 -0.0156756 147.345 0.465134 -0.885191 0.00934834 179.55 -0.018225 0.000982527 0.999833 0.476825
-0.885073 -0.465269 -0.01308 145.812 0.465213 -0.88517 0.00723314 180.322 -0.0149433 0.000316884 0.999888 0.454062
-0.883713 -0.467838 -0.0134004 144.302 0.467804 -0.883814 0.00577556 181.116 -0.0145455 -0.00116483 0.999894 0.450439
-0.881687 -0.471562 -0.0160325 142.775 0.471542 -0.881828 0.00525489 181.911 -0.0166159 -0.00292682 0.999858 0.445374
-0.880332 -0.47416 -0.0136831 141.378 0.474024 -0.880429 0.0121106 182.705 -0.0177894 0.00417523 0.999833 0.443541
-0.878266 -0.477997 -0.0129428 139.843 0.4779 -0.878358 0.00997926 183.52 -0.0161385 0.00257906 0.999866 0.432128
-0.877973 -0.478449 -0.0158225 138.379 0.478352 -0.878115 0.00965864 184.323 -0.0185151 0.000911287 0.999828 0.432017
-0.87911 -0.476239 -0.019061 136.973 0.47598 -0.879298 0.0166666 185.062 -0.0246976 0.00557906 0.999679 0.414909
-0.880966 -0.47292 -0.0157229 135.437 0.472716 -0.881087 0.0150437 185.886 -0.0209677 0.0058205 0.999763 0.38249
-0.885295 -0.464776 -0.0153644 134 0.464706 -0.885429 0.00805906 186.581 -0.0173497 -5.28293e-06 0.999849 0.363905
-0.889819 -0.455998 -0.0169813 132.586 0.455981 -0.889975 0.00510875 187.302 -0.0174425 -0.00319728 0.999843 0.366841
-0.89356 -0.448339 -0.0233031 131.183 0.448452 -0.893807 0.000457619 188.011 -0.0210336 -0.0100414 0.999728 0.361821
-0.897002 -0.441164 -0.0275935 129.741 0.441449 -0.897273 -0.00491859 188.668 -0.022589 -0.0165931 0.999607 0.330092
-0.898956 -0.437192 -0.0272291 128.35 0.437522 -0.899178 -0.00732179 189.304 -0.0212827 -0.0184953 0.999602 0.314663
-0.899234 -0.436409 -0.0304078 126.98 0.436933 -0.899397 -0.0131586 189.968 -0.0216062 -0.0251189 0.999451 0.315628
-0.898746 -0.437205 -0.0332886 125.027 0.437903 -0.898853 -0.0174385 190.879 -0.0222974 -0.0302499 0.999294 0.271445
-0.895601 -0.443509 -0.0346382 123.265 0.44419 -0.895807 -0.0149805 191.731 -0.0243851 -0.0288025 0.999288 0.262254
-0.892023 -0.450794 -0.0328455 121.514 0.451466 -0.892131 -0.0167652 192.599 -0.0217448 -0.0297836 0.99932 0.261706
-0.887137 -0.460224 -0.034387 119.977 0.460949 -0.887264 -0.0169898 193.409 -0.0226913 -0.0309229 0.999264 0.233738
-0.880839 -0.472177 -0.0342252 118.55 0.472903 -0.880946 -0.0172271 194.15 -0.0220163 -0.0313595 0.999266 0.227743
-0.871883 -0.488369 -0.0362828 116.889 0.48907 -0.872142 -0.0133541 195.102 -0.025122 -0.0293881 0.999252 0.185875
-0.86127 -0.506764 -0.0374708 115.489 0.507408 -0.861652 -0.00966219 195.902 -0.0273903 -0.0273347 0.999251 0.177924
-0.847471 -0.52971 -0.0346497 114.156 0.53027 -0.847782 -0.00894926 196.721 -0.0246349 -0.025958 0.999359 0.191171
-0.836553 -0.547541 -0.0194337 112.933 0.547774 -0.836572 -0.00951508 197.515 -0.0110478 -0.0186052 0.999766 0.168826
-0.803568 -0.59518 -0.00618035 111.725 0.595169 -0.803341 -0.0204254 198.357 0.00719182 -0.0200915 0.999772 0.160432
-0.71075 -0.703364 -0.010594 110.593 0.703444 -0.710651 -0.0119194 199.388 0.000855045 -0.015924 0.999873 0.156799
-0.55176 -0.833847 -0.016121 109.656 0.833902 -0.551891 0.00492396 200.712 -0.0130029 -0.0107265 0.999858 0.174916
-0.305333 -0.952183 -0.010973 109.014 0.952135 -0.305453 0.0117073 202.305 -0.0144992 -0.00687314 0.999871 0.152722
0.00622054 -0.999949 -0.00800179 108.905 0.999972 0.00618713 0.00419339 204.35 -0.00414367 -0.00802766 0.999959 0.172875
0.230975 -0.972958 0.00201623 109.359 0.972956 0.230979 0.00229386 206.17 -0.00269753 0.00143187 0.999995 0.135248
0.357573 -0.933882 0.00255642 109.926 0.933882 0.357578 0.00153622 207.671 -0.00234877 0.00183808 0.999996 0.139803
0.435901 -0.899972 0.00640404 110.784 0.899989 0.435913 0.000476602 209.365 -0.00322053 0.00555581 0.999979 0.17117
0.475846 -0.879481 0.00920199 111.679 0.879509 0.47588 0.00175836 211.029 -0.00592548 0.00725652 0.999956 0.148237
0.493406 -0.869745 0.00969578 112.692 0.869793 0.493413 -0.00178011 212.867 -0.00323578 0.00931164 0.999951 0.140021
0.4982 -0.867026 0.00792535 113.421 0.867057 0.498207 -0.00120913 214.163 -0.00290012 0.00747412 0.999968 0.15685
0.500135 -0.865909 0.00823525 114.163 0.865914 0.500176 0.00401603 215.48 -0.00759659 0.00512246 0.999958 0.15162
0.498998 -0.866461 0.0157118 114.914 0.866563 0.499067 0.000530341 216.841 -0.00830077 0.0133507 0.999876 0.119257
0.496101 -0.868124 0.0156301 115.728 0.868264 0.496051 -0.00716782 218.285 -0.00153076 0.017127 0.999852 0.105855
0.494936 -0.868922 0.00348454 116.584 0.868922 0.494911 -0.00617029 219.818 0.00363696 0.00608169 0.999975 0.136575
0.495286 -0.868727 0.00245319 117.439 0.868681 0.495286 0.009262 221.323 -0.00926118 -0.0024563 0.999954 0.159951
0.495019 -0.868655 0.019854 118.345 0.868751 0.495212 0.00603603 222.906 -0.0150752 0.0142603 0.999785 0.0897018
0.493327 -0.869631 0.0192572 119.238 0.869837 0.493293 -0.00681081 224.498 -0.00357656 0.0201106 0.999791 0.0764514
0.491371 -0.87086 0.0125767 120.178 0.870942 0.491254 -0.0113378 226.147 0.00369532 0.0165247 0.999857 0.115107
0.490482 -0.871376 0.0114371 121.093 0.871445 0.490487 -0.00260144 227.854 -0.0033429 0.0112427 0.999931 0.122243
0.490928 -0.871017 0.0178365 122.095 0.871088 0.49109 0.00598409 229.606 -0.0139716 0.0125994 0.999823 0.109228
0.491332 -0.870759 0.0192587 123.066 0.870916 0.491432 0.00050808 231.374 -0.00990676 0.0165231 0.999814 0.105772
0.490588 -0.871185 0.018995 124.068 0.87138 0.490577 -0.00554717 233.172 -0.0044859 0.0192732 0.999804 0.0980989
0.488942 -0.872111 0.0189142 125.081 0.872292 0.488975 -0.00315774 234.974 -0.00649467 0.0180427 0.999816 0.10559
0.485403 -0.873956 0.0241799 126.099 0.874235 0.485498 -0.0021499 236.856 -0.00986039 0.0221825 0.999705 0.0687552
0.483093 -0.875265 0.0230681 127.098 0.875569 0.482915 -0.0131075 238.686 0.000332613 0.0265298 0.999648 0.0930648
0.480267 -0.877001 0.0145781 128.106 0.877122 0.480183 -0.00902156 240.567 0.000911775 0.0171195 0.999853 0.138767
0.476804 -0.878975 0.00784118 129.123 0.878988 0.476836 0.00281785 242.452 -0.00621578 0.00554874 0.999965 0.174519
0.474848 -0.880035 0.00762962 130.113 0.880016 0.474897 0.00673069 244.335 -0.00954652 0.00351812 0.999948 0.193418
0.474782 -0.880015 0.0124625 131.092 0.880064 0.474847 0.00275374 246.156 -0.0083411 0.00966035 0.999919 0.176607
0.47459 -0.880144 0.0105557 132.068 0.880205 0.474581 -0.00346808 247.984 -0.00195712 0.0109371 0.999938 0.182486
0.474822 -0.880081 0.00118661 133.08 0.880081 0.474823 0.000662346 249.855 -0.00114635 0.00072982 0.999999 0.217135
0.475674 -0.879622 -0.000522278 134.025 0.879603 0.475659 0.00682145 251.671 -0.00575187 -0.00370418 0.999977 0.215938
0.476507 -0.879155 -0.00522311 135.01 0.879125 0.476413 0.0130412 253.505 -0.00897691 -0.010806 0.999901 0.249376
0.477452 -0.878658 -1.53072e-05 135.962 0.878537 0.477386 0.0165983 255.305 -0.0145769 -0.00793832 0.999862 0.214836
0.478 -0.878354 -0.00317477 136.905 0.878337 0.477959 0.00886216 257.063 -0.0062667 -0.00702464 0.999956 0.219119
0.478888 -0.877773 -0.0134427 137.895 0.877873 0.478793 0.00981565 258.932 -0.00217963 -0.0165016 0.999861 0.213464
0.479427 -0.877495 -0.0123171 138.825 0.877579 0.479341 0.00937655 260.67 -0.00232379 -0.0153046 0.99988 0.227278
0.479014 -0.877696 -0.0139629 139.829 0.877789 0.478842 0.0140045 262.527 -0.00560572 -0.0189648 0.999804 0.239909
0.479198 -0.877631 -0.0115164 140.837 0.877683 0.479046 0.013665 264.396 -0.00647592 -0.016656 0.99984 0.230057
0.481088 -0.876501 -0.0173601 141.807 0.876649 0.480837 0.0167722 266.183 -0.00635341 -0.0232876 0.999709 0.240971
0.481899 -0.87607 -0.016588 142.794 0.876201 0.481654 0.0167581 268.01 -0.0066916 -0.0226101 0.999722 0.232574
0.483012 -0.875479 -0.0153722 143.807 0.875589 0.482793 0.0159481 269.842 -0.00654064 -0.0211629 0.999755 0.231094
0.483067 -0.875368 -0.0194082 144.821 0.875583 0.482936 0.011278 271.725 -0.000499479 -0.0224415 0.999748 0.221399
0.483105 -0.875249 -0.0234248 145.904 0.87555 0.482786 0.0181521 273.703 -0.0045784 -0.029279 0.999561 0.246545
0.484106 -0.874664 -0.0245786 146.915 0.874936 0.483511 0.0265351 275.526 -0.0113253 -0.0343505 0.999346 0.262218
0.484139 -0.874745 -0.0207516 147.936 0.874884 0.483571 0.0271689 277.403 -0.013731 -0.0313087 0.999415 0.273832
0.483777 -0.875033 -0.0166511 149.027 0.875147 0.483474 0.0192541 279.343 -0.00879759 -0.0238869 0.999676 0.267964
0.483168 -0.875316 -0.0192655 150.059 0.875503 0.482872 0.0181482 281.218 -0.00658263 -0.0256357 0.99965 0.26656
0.483125 -0.875399 -0.0162979 151.082 0.875461 0.482724 0.0233763 283.049 -0.0125962 -0.0255619 0.999594 0.323236
0.482641 -0.87578 -0.00820122 152.136 0.875717 0.482422 0.019709 284.925 -0.0133043 -0.0166943 0.999772 0.299091
0.481757 -0.876265 -0.0083292 153.167 0.876283 0.481657 0.0115643 286.793 -0.00612159 -0.0128699 0.999898 0.317255
0.480726 -0.876852 -0.00576158 154.112 0.876818 0.480614 0.0141825 288.525 -0.00966685 -0.0118697 0.999883 0.329935
0.479001 -0.877812 -0.0020389 155.11 0.877692 0.478894 0.0178228 290.346 -0.0146686 -0.0103267 0.999839 0.346531
0.476951 -0.878891 0.00826899 156.043 0.878769 0.477023 0.0146588 292.072 -0.016828 0.000274997 0.999858 0.318149
0.475727 -0.879552 0.00847457 156.987 0.879472 0.475799 0.0120043 293.772 -0.0145906 0.00174239 0.999892 0.30826
0.473857 -0.880589 0.00468139 157.871 0.880505 0.473877 0.0123306 295.449 -0.0130766 -0.00172099 0.999913 0.297201
0.472906 -0.881098 0.00518786 158.742 0.880985 0.472929 0.0142896 297.096 -0.015044 -0.00218721 0.999884 0.288147
0.47276 -0.881188 0.00262677 159.614 0.881097 0.47275 0.0132186 298.721 -0.0128899 -0.00393479 0.999909 0.297624
0.474547 -0.88023 -0.000235299 160.449 0.880163 0.474508 0.0124533 300.262 -0.0108501 -0.00611676 0.999922 0.314118
0.477298 -0.87874 0.00133616 161.284 0.878658 0.477273 0.0130414 301.815 -0.0120977 -0.00505061 0.999914 0.305768
0.480062 -0.877234 0.000582812 162.016 0.877119 0.48001 0.0158748 303.17 -0.0142057 -0.00710971 0.999874 0.309223
0.483364 -0.875419 0.000250308 162.779 0.875247 0.483274 0.0197037 304.51 -0.01737 -0.009305 0.999806 0.319485
0.48757 -0.873082 0.00194342 163.798 0.872904 0.487514 0.0191769 306.333 -0.0176904 -0.00765367 0.999814 0.315907
0.490718 -0.871283 -0.00789978 164.726 0.871263 0.490564 0.0157499 308.006 -0.00984725 -0.0146115 0.999845 0.319939
0.489638 -0.87192 -0.00309366 165.551 0.871757 0.48947 0.0214288 309.435 -0.01717 -0.0131893 0.999766 0.315242
0.474777 -0.880086 -0.00587318 166.237 0.880049 0.47466 0.0145434 310.784 -0.0100117 -0.0120736 0.999877 0.311016
0.416202 -0.909183 -0.0127033 166.91 0.909237 0.416024 0.0145585 312.433 -0.00795144 -0.0176096 0.999813 0.290855
0.29997 -0.953897 -0.00991999 167.392 0.953803 0.299726 0.0205907 314.084 -0.0166681 -0.0156383 0.999739 0.303485
0.120915 -0.99253 -0.0162331 167.601 0.992205 0.120347 0.0323458 315.841 -0.0301506 -0.0200176 0.999345 0.260968
-0.15977 -0.986772 -0.0274664 167.369 0.985745 -0.160966 0.0489604 318.001 -0.0527339 -0.0192525 0.998423 0.167709
-0.404823 -0.914335 -0.0104815 166.676 0.912389 -0.404667 0.0615777 319.805 -0.0605441 0.0153648 0.998047 0.105413
-0.585289 -0.810814 -0.00431844 165.815 0.809389 -0.584561 0.0563672 321.016 -0.0482276 0.0294958 0.998401 0.0337205
-0.739854 -0.672765 0.00196486 164.655 0.671503 -0.738281 0.063451 322.142 -0.041237 0.0482639 0.997983 -0.01752
-0.839217 -0.543027 -0.0289284 163.314 0.541319 -0.839282 0.0507799 323.003 -0.051854 0.0269559 0.998291 -0.0955321
-0.884807 -0.463618 -0.0466353 161.795 0.461829 -0.885857 0.0443891 323.721 -0.0618918 0.0177383 0.997925 -0.191719
-0.89927 -0.435475 -0.0409434 160.169 0.434424 -0.900132 0.032235 324.436 -0.050892 0.0112012 0.998641 -0.269472
-0.899815 -0.435341 -0.0284801 158.435 0.434691 -0.900194 0.0263459 325.246 -0.0371071 0.0113264 0.999247 -0.373855
-0.896599 -0.441506 -0.0343928 156.561 0.440648 -0.897183 0.0298768 326.191 -0.0440474 0.0116323 0.998962 -0.422339
-0.892507 -0.44953 -0.036818 154.519 0.449079 -0.893265 0.0201732 327.078 -0.0419567 0.0014705 0.999118 -0.531081
-0.888005 -0.457905 -0.0420699 153.125 0.457695 -0.888982 0.0150663 327.775 -0.0442983 -0.00587624 0.999001 -0.59183
-0.883784 -0.465664 -0.0456398 151.74 0.465305 -0.88495 0.0188393 328.53 -0.0491617 -0.00458658 0.99878 -0.668471
-0.880525 -0.472163 -0.0416986 150.273 0.471752 -0.881508 0.0198189 329.33 -0.0461154 -0.00222034 0.998934 -0.724589
-0.877391 -0.47741 -0.0475861 148.78 0.47716 -0.878648 0.0172246 330.14 -0.0500346 -0.00759347 0.998719 -0.804477
-0.874455 -0.482148 -0.0535055 147.171 0.481558 -0.876078 0.0242599 330.98 -0.0585719 -0.00455182 0.998273 -0.912318
-0.871881 -0.486837 -0.0530457 145.612 0.485889 -0.873492 0.0303682 331.835 -0.0611194 0.00070307 0.99813 -0.977877
-0.870383 -0.490237 -0.0458451 143.973 0.489438 -0.871587 0.0280464 332.75 -0.0537074 0.0019728 0.998555 -1.07458
-0.870839 -0.489325 -0.0469208 142.391 0.488576 -0.872102 0.0270744 333.625 -0.0541679 0.000653081 0.998532 -1.16072
-0.871764 -0.48744 -0.0492799 140.723 0.486723 -0.873155 0.0264525 334.555 -0.0559231 -0.000925314 0.998435 -1.24552
-0.87278 -0.485314 -0.0522056 139.09 0.484702 -0.874332 0.0246589 335.447 -0.0576123 -0.00378237 0.998332 -1.33505
-0.873706 -0.483686 -0.0518213 137.53 0.482975 -0.875239 0.0263055 336.292 -0.0580796 -0.00204509 0.99831 -1.39241
-0.875143 -0.481205 -0.0506546 135.875 0.480734 -0.876593 0.0218969 337.197 -0.0549404 -0.00518852 0.998476 -1.46508
-0.877879 -0.475713 -0.0550167 134.289 0.475524 -0.879533 0.0173097 338.054 -0.0566234 -0.0109659 0.998335 -1.56159
-0.881955 -0.467649 -0.0588239 132.61 0.467149 -0.883884 0.0228287 338.913 -0.0626693 -0.00734567 0.998007 -1.62047
-0.884918 -0.462651 -0.0536121 131.004 0.461937 -0.886538 0.0257648 339.666 -0.0594493 -0.00196569 0.998229 -1.69754
-0.887033 -0.458786 -0.0518452 129.378 0.458464 -0.888517 0.0186592 340.52 -0.054626 -0.00721788 0.998481 -1.76857
-0.887833 -0.456665 -0.0566477 127.761 0.456538 -0.889561 0.0159288 341.333 -0.0576657 -0.0117198 0.998267 -1.86984
-0.887153 -0.458306 -0.0539971 126.159 0.457976 -0.88876 0.0190649 342.142 -0.056728 -0.00781584 0.998359 -1.96165
-0.884284 -0.463555 -0.0562018 124.566 0.463684 -0.885926 0.0115105 342.95 -0.0551263 -0.0158813 0.998353 -2.04166
-0.880181 -0.470982 -0.0587976 122.947 0.471086 -0.881992 0.0129416 343.77 -0.0579543 -0.0163078 0.998186 -2.11944
-0.875546 -0.479211 -0.0614537 121.394 0.479408 -0.877504 0.0124682 344.595 -0.0599007 -0.0185449 0.998032 -2.21262
-0.870612 -0.488418 -0.0590122 119.826 0.48845 -0.872465 0.0148642 345.469 -0.0587461 -0.0158836 0.998147 -2.31214
-0.865682 -0.497359 -0.0568144 118.366 0.497479 -0.867378 0.0130298 346.308 -0.05576 -0.0169843 0.9983 -2.39604
-0.861041 -0.505307 -0.05722 116.837 0.505494 -0.862744 0.0122232 347.157 -0.0555426 -0.0183996 0.998287 -2.47435
-0.856115 -0.513307 -0.0598695 115.309 0.513536 -0.857975 0.0126732 348.032 -0.0578717 -0.0198955 0.998126 -2.55563
-0.85159 -0.520584 -0.0615413 113.86 0.520562 -0.853641 0.017666 348.927 -0.0617308 -0.0169918 0.997948 -2.65534
-0.849019 -0.525163 -0.0580564 112.388 0.524812 -0.850924 0.0223622 349.813 -0.0611454 -0.0114828 0.998063 -2.76317
-0.848097 -0.527146 -0.0533836 111.022 0.526726 -0.84973 0.0227998 350.646 -0.0573804 -0.0087821 0.998314 -2.82283
-0.847889 -0.527688 -0.0512722 109.764 0.527211 -0.849409 0.0235251 351.453 -0.055965 -0.00708455 0.998408 -2.87178
-0.849789 -0.52481 -0.0493272 108.539 0.524175 -0.851211 0.0260848 352.209 -0.0556774 -0.00368953 0.998442 -2.93934
-0.856032 -0.514501 -0.0499801 106.833 0.513423 -0.857485 0.0334184 353.231 -0.0600509 0.00294626 0.998191 -3.038
-0.865426 -0.499237 -0.0424271 105.274 0.497949 -0.86639 0.0376111 354.179 -0.0555352 0.0114231 0.998391 -3.10367
-0.876382 -0.4796 -0.0440296 103.65 0.478324 -0.877417 0.0366802 355.053 -0.0562241 0.0110855 0.998357 -3.17652
-0.886137 -0.46198 -0.0365432 102.095 0.46099 -0.88681 0.0324997 355.868 -0.0474211 0.0119531 0.998803 -3.26106
-0.894668 -0.445444 -0.033912 100.523 0.444765 -0.895274 0.0258657 356.589 -0.0418822 0.00805829 0.99909 -3.32938
-0.900935 -0.432739 -0.0324558 98.8681 0.432051 -0.901468 0.0262048 357.365 -0.0405977 0.00958624 0.99913 -3.36558
-0.905183 -0.423715 -0.0333182 97.1656 0.423315 -0.905791 0.0186032 358.153 -0.0380618 0.00273519 0.999272 -3.45964
-0.906205 -0.421567 -0.0327803 95.4323 0.42114 -0.90679 0.0193212 358.971 -0.03787 0.0037039 0.999276 -3.51652
-0.904801 -0.42287 -0.0501629 93.5407 0.422376 -0.906187 0.0205933 359.834 -0.0541652 -0.00255469 0.998529 -3.60868
-0.901128 -0.429299 -0.0605826 91.5587 0.428955 -0.903121 0.0192466 360.723 -0.062976 -0.00864356 0.997978 -3.70667
-0.898446 -0.436501 -0.0475635 90.2187 0.436647 -0.899599 0.00783892 361.326 -0.0462098 -0.0137256 0.998837 -3.79929
-0.893515 -0.444169 -0.0659279 88.7752 0.444 -0.895846 0.0179919 362.046 -0.0670527 -0.013196 0.997662 -3.87856
-0.890283 -0.450861 -0.0641995 87.3105 0.45039 -0.89255 0.0224579 362.779 -0.0674266 -0.00892093 0.997684 -3.99857
-0.887978 -0.457794 -0.0438194 85.8254 0.457907 -0.888964 0.00801587 363.518 -0.0426235 -0.0129473 0.999007 -4.07052
-0.882952 -0.465532 -0.0606329 84.2345 0.466534 -0.884499 -0.00271559 364.321 -0.0523655 -0.030685 0.998156 -4.17946
-0.876614 -0.477775 -0.0572644 82.6329 0.478798 -0.877912 -0.00483386 365.153 -0.0479636 -0.0316555 0.998347 -4.27963
-0.869951 -0.491953 -0.0341667 80.9839 0.492299 -0.870424 -0.0019764 366.039 -0.0287672 -0.0185396 0.999414 -4.30532
-0.863058 -0.502903 -0.0471244 79.3034 0.503412 -0.864046 0.00120455 367.015 -0.0413234 -0.0226834 0.998888 -4.36867
-0.855923 -0.514556 -0.051268 77.6487 0.514409 -0.857376 0.0170334 368.04 -0.0527206 -0.0117935 0.99854 -4.46317
-0.853288 -0.5197 -0.0425661 75.9491 0.519385 -0.854329 0.0190229 369.073 -0.0462516 -0.00587616 0.998913 -4.51865
-0.853136 -0.520005 -0.0418724 74.2277 0.519523 -0.854159 0.0225347 370.118 -0.0474838 -0.0025285 0.998869 -4.60397
-0.853473 -0.519 -0.0471477 72.4619 0.518504 -0.854762 0.0231606 371.174 -0.0523204 -0.00467935 0.998619 -4.67735
-0.857074 -0.513009 -0.0474051 70.7481 0.512329 -0.858382 0.0264485 372.19 -0.05426 -0.00161866 0.998526 -4.78789
-0.861582 -0.506442 -0.0345288 69.0479 0.505901 -0.862269 0.0235792 373.161 -0.0417146 0.00284727 0.999126 -4.86307
-0.864348 -0.501549 -0.0367692 67.3277 0.500928 -0.865123 0.0251549 374.177 -0.0444263 0.00332385 0.999007 -4.9226
-0.867101 -0.496387 -0.0416775 65.5732 0.495498 -0.868084 0.030198 375.192 -0.0511695 0.00553355 0.998675 -5.00953
-0.869105 -0.493042 -0.0395665 63.87 0.492452 -0.870004 0.0241697 376.114 -0.0463397 0.00152148 0.998925 -5.08581
-0.871814 -0.488372 -0.0378482 62.1342 0.487979 -0.872634 0.0196264 377.059 -0.0426126 -0.0013586 0.999091 -5.13607
-0.873755 -0.484594 -0.0414963 60.3975 0.48395 -0.874737 0.0250482 378.035 -0.0484366 0.00180385 0.998825 -5.20746
-0.87638 -0.479182 -0.0484138 58.6889 0.478115 -0.8777 0.032388 378.992 -0.0580126 0.0052368 0.998302 -5.27942
-0.879825 -0.473423 -0.0421777 57.0166 0.47245 -0.880802 0.0312866 379.881 -0.051962 0.0075999 0.99862 -5.35218
-0.882461 -0.468584 -0.041136 55.2909 0.468061 -0.883419 0.0221395 380.766 -0.0467146 0.000283116 0.998908 -5.45481
