0.999998 -0.00166003 -0.000819506 -0.000550915 0.00166061 0.999998 0.00076049 0.000274708 0.000818241 -0.000761849 0.999999 -0.000131387
0.999997 -0.00240474 0.000779884 -0.0458469 0.00240322 0.999995 0.00187699 -0.0215451 -0.000784396 -0.00187511 0.999998 -0.0119913
0.999997 -0.00229676 -0.000267682 -0.0424566 0.00229697 0.999997 0.000960055 -0.00827609 0.000265475 -0.000960667 1 -0.00129918
0.999997 -0.00230576 0.000149205 -0.037218 0.00230554 0.999997 0.00118497 -0.0167135 -0.000151938 -0.00118462 0.999999 -0.00042511
0.999997 -0.00234921 -3.46264e-05 -0.039229 0.0023492 0.999997 0.000948957 -0.017367 3.23957e-05 -0.000949036 1 -7.97609e-05
0.999997 -0.00245194 -0.000159081 -0.0405736 0.00245207 0.999996 0.0011686 -0.0125534 0.000156214 -0.00116898 0.999999 -0.00483851
0.999997 -0.00251378 -9.14941e-05 -0.0365334 0.00251382 0.999996 0.000970383 -0.00914413 8.90532e-05 -0.00097061 1 -0.00142801
0.999997 -0.00234901 -3.3157e-05 -0.0375378 0.00234899 0.999997 0.000734446 -0.0139659 3.14304e-05 -0.000734521 1 -0.00281263
0.999997 -0.00248831 0.000433333 -0.0451558 0.00248773 0.999996 0.00123504 -0.0111695 -0.000436405 -0.00123396 0.999999 0.000672125
0.999996 -0.00276204 0.000300273 -0.0426753 0.0027617 0.999996 0.000971705 -0.0159517 -0.000302957 -0.000970872 0.999999 0.00140156
0.999995 -0.00296981 -0.00057672 -0.042639 0.00297065 0.999994 0.00154214 -0.0139504 0.000572136 -0.00154385 0.999999 -0.00670671
0.999997 -0.00255785 -0.000257948 -0.0427915 0.00255824 0.999995 0.0017275 -0.0130889 0.000253526 -0.00172816 0.999998 -0.00545037
0.999997 -0.0023015 -0.000172539 -0.0350437 0.00230157 0.999997 0.000697386 -0.0114589 0.000170933 -0.000697782 1 -0.00618851
0.999997 -0.00261204 0.00014044 -0.035873 0.00261184 0.999996 0.00105591 -0.0162518 -0.000143199 -0.00105554 0.999999 -0.0039614
0.999997 -0.00251184 0.000191052 -0.0440059 0.00251167 0.999997 0.000634131 -0.0124183 -0.000192646 -0.000633649 1 -0.00207997
0.999997 -0.00219911 0.000869877 -0.0382938 0.00219785 0.999997 0.00139418 -0.0193658 -0.000872941 -0.00139226 0.999999 -0.00554428
0.999997 -0.00236655 0.000119833 -0.0426551 0.00236632 0.999996 0.00147362 -0.0116862 -0.000123321 -0.00147333 0.999999 -0.00398768
0.999998 -0.00208475 0.000537675 -0.0307483 0.00208382 0.999996 0.00163794 -0.0147048 -0.000541089 -0.00163682 0.999999 -0.00446181
0.999997 -0.00237847 0.000160288 -0.0443946 0.00237819 0.999996 0.00144831 -0.0151654 -0.000163734 -0.00144792 0.999999 -0.000805298
0.999997 -0.00222028 0.000361733 -0.0373587 0.00221968 0.999996 0.00153328 -0.0129639 -0.000365137 -0.00153247 0.999999 -0.0044852
0.999997 -0.00233282 0.000155033 -0.0413675 0.00233264 0.999997 0.000810606 -0.0107204 -0.000156925 -0.000810242 1 0.000412104
0.999997 -0.00240861 9.55868e-05 -0.0393693 0.00240844 0.999996 0.00127826 -0.00997757 -9.86665e-05 -0.00127803 0.999999 -0.00253249
0.999997 -0.00222555 0.000569298 -0.0372994 0.00222475 0.999997 0.00131032 -0.0100353 -0.000572214 -0.00130905 0.999999 -0.00502945
0.999997 -0.00247145 0.000409685 -0.038199 0.00247102 0.999996 0.000911997 -0.0148612 -0.000411938 -0.000910982 0.999999 -0.000727319
0.999997 -0.00229399 6.88889e-05 -0.0425816 0.0022938 0.999995 0.00198445 -0.0122576 -7.34422e-05 -0.00198429 0.999998 -0.00516065
0.999998 -0.00221181 -0.000110701 -0.0376851 0.00221199 0.999995 0.00209999 -0.00900902 0.000106055 -0.00210023 0.999998 0.000686067
0.999998 -0.00217645 0.000178417 -0.038068 0.00217607 0.999996 0.0018715 -0.0102054 -0.000182491 -0.0018711 0.999998 -0.000590538
1 -0.000330447 0.000769948 -0.604108 0.000330025 1 0.000484065 0.0500255 -0.00077011 -0.00048381 1 -0.024645
0.999996 -0.0027601 0.000268446 -1.87208 0.0027613 0.999985 -0.00475842 0.0910711 -0.00025531 0.00475915 0.999989 -0.0327044
0.99987 -0.0160374 0.00158168 -3.659 0.0160339 0.999869 0.00218698 0.18018 -0.00161655 -0.00216134 0.999996 -0.0463117
0.999186 -0.0403375 0.000581179 -5.93207 0.0403335 0.99917 0.00571396 0.200838 -0.000811185 -0.00568586 0.999983 -0.0607667
0.995106 -0.0986278 0.00613617 -8.1363 0.0985195 0.995007 0.0159648 0.155663 -0.0076801 -0.0152821 0.999854 -0.0776298
0.967294 -0.253646 0.0024741 -10.0847 0.253579 0.967189 0.0156154 -0.123981 -0.00635372 -0.0144773 0.999875 -0.0966734
0.861226 -0.508222 -3.74948e-05 -12.0819 0.508145 0.861094 0.0174787 -0.937607 -0.00885076 -0.0150722 0.999847 -0.086831
0.621401 -0.783454 -0.00783462 -13.6327 0.783356 0.621075 0.0248741 -2.48148 -0.0146218 -0.0215941 0.99966 -0.0667008
0.321545 -0.946889 -0.00329809 -14.4627 0.946715 0.321414 0.0205827 -4.50509 -0.0184295 -0.00974062 0.999783 -0.0351569
0.0608664 -0.998146 0.000726731 -15.1302 0.997798 0.0608644 0.026353 -9.47033 -0.0263484 -0.00087888 0.999652 0.0296727
0.0162393 -0.999864 0.00291791 -15.3325 0.999435 0.0163181 0.0293912 -12.544 -0.0294348 0.00243897 0.999564 0.0861856
-0.0148494 -0.999862 0.00738857 -15.4456 0.999467 -0.0146278 0.0291894 -15.9469 -0.0290773 0.00781807 0.999547 0.140805
-0.0379793 -0.999246 0.00801967 -15.4372 0.998736 -0.037693 0.0332519 -19.4833 -0.0329245 0.00927242 0.999415 0.234
-0.0346992 -0.999377 0.00642863 -15.4332 0.998936 -0.0344869 0.0306181 -23.5257 -0.0303773 0.00748422 0.99951 0.355299
-0.0306384 -0.999518 0.00509332 -15.5048 0.998942 -0.0304451 0.0344639 -27.814 -0.0342922 0.00614385 0.999393 0.443603
-0.0246671 -0.999696 -0.000524262 -15.5749 0.999254 -0.0246717 0.029724 -32.3841 -0.0297279 0.000209334 0.999558 0.551114
-0.0207134 -0.999749 0.0085859 -15.6293 0.999447 -0.0204823 0.0261812 -37.0469 -0.0259987 0.00912346 0.99962 0.631749
-0.0168008 -0.999594 0.0230057 -15.7325 0.999484 -0.01616 0.0277608 -42.2156 -0.0273778 0.0234603 0.99935 0.734773
-0.010762 -0.999922 0.00633843 -16.1095 0.999505 -0.0105697 0.0296315 -52.9202 -0.0295622 0.00665419 0.999541 1.01199
-0.00695571 -0.999974 0.00202705 -16.3015 0.999569 -0.00689499 0.0285384 -58.1627 -0.0285237 0.00222469 0.999591 1.14556
-0.00686005 -0.999914 0.0111512 -16.4377 0.999502 -0.00651274 0.0308852 -63.1566 -0.03081 0.0113575 0.999461 1.23167
-0.0106789 -0.99991 0.00807463 -16.618 0.999732 -0.0105105 0.0206121 -67.9697 -0.0205254 0.00829258 0.999755 1.34578
0.0424131 -0.999049 0.0100755 -16.8446 0.998645 0.0426962 0.0297604 -72.5452 -0.0301623 0.00879963 0.999506 1.42108
0.108828 -0.993956 0.0144122 -17.4967 0.993466 0.109252 0.032992 -77.4779 -0.0343671 0.0107276 0.999352 1.56695
0.136057 -0.990618 0.0127829 -18.4469 0.990363 0.136337 0.0243618 -82.7361 -0.025876 0.00934514 0.999621 1.70514
0.120816 -0.992672 0.00251964 -19.4697 0.992325 0.12084 0.0262533 -88.3536 -0.0263654 -0.000671517 0.999652 1.80805
0.0748392 -0.997184 0.00487524 -20.2961 0.996629 0.0749606 0.0333319 -94.3445 -0.0336035 0.00236428 0.999432 1.95195
0.0165238 -0.999843 -0.00643425 -21.2848 0.999441 0.0163295 0.0291821 -106.989 -0.0290724 -0.00691285 0.999553 2.26252
-0.00309569 -0.999994 -0.00145888 -21.5488 0.999504 -0.00313985 0.0313448 -113.508 -0.0313492 -0.00136112 0.999508 2.40562
-0.0089465 -0.999956 0.00265384 -21.7465 0.999667 -0.00887956 0.0242273 -119.872 -0.0242027 0.00286971 0.999703 2.55947
-0.0121077 -0.999904 0.00674554 -21.9021 0.998757 -0.011767 0.048442 -126.044 -0.0483579 0.00732368 0.998803 2.73533
-0.0177041 -0.999843 -0.000714239 -22.072 0.999304 -0.0177179 0.0328208 -131.097 -0.0328283 -0.00013268 0.999461 2.86224
-0.0212482 -0.99972 0.0104522 -22.1511 0.99943 -0.0209655 0.0264464 -135.215 -0.0262199 0.0110081 0.999596 2.93733
-0.0204853 -0.999682 0.0146885 -22.1735 0.999386 -0.0200572 0.0287211 -138.3 -0.0284174 0.0152679 0.99948 3.02496
-0.0204179 -0.99965 0.0168078 -22.2343 0.999232 -0.019841 0.0338036 -139.861 -0.0334583 0.0174851 0.999287 3.06302
-0.0195479 -0.999643 0.0182169 -22.2578 0.999337 -0.0189759 0.0310577 -140.298 -0.030701 0.0188119 0.999352 3.05691
-0.0193997 -0.99955 0.0228583 -22.2797 0.999386 -0.0187191 0.0296189 -140.25 -0.0291777 0.0234189 0.9993 3.04509
-0.0194991 -0.999547 0.0229157 -22.2797 0.999375 -0.0188094 0.0299319 -140.242 -0.0294873 0.023485 0.999289 3.04403
-0.0191211 -0.999552 0.0230272 -22.2845 0.999386 -0.0184318 0.0297813 -140.248 -0.0293435 0.0235825 0.999291 3.04299
-0.0195229 -0.999557 0.0224678 -22.2799 0.999367 -0.018841 0.030169 -140.241 -0.0297323 0.0230425 0.999292 3.04057
-0.0193757 -0.999556 0.0226149 -22.2865 0.999375 -0.0186935 0.0299952 -140.254 -0.0295591 0.0231819 0.999294 3.03958
-0.0194092 -0.999543 0.0231622 -22.2807 0.999381 -0.0187155 0.0297985 -140.247 -0.0293514 0.0237263 0.999288 3.04344
-0.0194056 -0.999537 0.0234192 -22.2812 0.999373 -0.018698 0.0300614 -140.251 -0.0296096 0.0239879 0.999274 3.04048
-0.0195994 -0.99955 0.0227244 -22.2822 0.999379 -0.0189204 0.0297179 -140.245 -0.0292745 0.0232928 0.9993 3.04322
-0.0196719 -0.999545 0.0228747 -22.2795 0.999377 -0.018988 0.0297364 -140.243 -0.0292885 0.0234454 0.999296 3.04549
-0.0194705 -0.999551 0.0227663 -22.2847 0.999384 -0.018792 0.0296439 -140.245 -0.0292028 0.0233295 0.999301 3.04772
-0.0195471 -0.999548 0.0228328 -22.2733 0.999355 -0.0188451 0.0305608 -140.248 -0.0301167 0.0234155 0.999272 3.04625
-0.0194286 -0.999551 0.0228231 -22.278 0.99938 -0.0187448 0.0297991 -140.251 -0.0293579 0.0233879 0.999295 3.04972
-0.0196762 -0.999555 0.0224097 -22.2799 0.999373 -0.0190026 0.0298841 -140.249 -0.029445 0.0229837 0.999302 3.04793
-0.0196387 -0.999551 0.022638 -22.2832 0.999371 -0.0189567 0.0299552 -140.245 -0.0295126 0.023212 0.999295 3.04568
-0.0194908 -0.999562 0.0222593 -22.2758 0.999379 -0.0188239 0.0297876 -140.24 -0.0293555 0.0228261 0.999308 3.04522
-0.0194378 -0.999553 0.022705 -22.2783 0.999377 -0.0187555 0.0298816 -140.248 -0.0294424 0.0232717 0.999296 3.05039
-0.0196039 -0.999551 0.0226681 -22.2802 0.999383 -0.0189294 0.0295927 -140.248 -0.0291503 0.0232343 0.999305 3.05249
-0.0195029 -0.99956 0.0223608 -22.2857 0.999383 -0.0188363 0.0296397 -140.245 -0.0292054 0.0229251 0.99931 3.05112
-0.0195398 -0.999555 0.0225355 -22.2787 0.999372 -0.0188599 0.0299995 -140.249 -0.0295611 0.0231075 0.999296 3.04864
-0.0196438 -0.999548 0.0227508 -22.279 0.999359 -0.0189489 0.0303672 -140.243 -0.0299223 0.0233327 0.99928 3.04643
-0.0194101 -0.999556 0.0226106 -22.2781 0.99937 -0.0187243 0.0301571 -140.253 -0.0297204 0.0231818 0.999289 3.04731
-0.019554 -0.999541 0.0231527 -22.281 0.999367 -0.0188518 0.0301662 -140.248 -0.0297158 0.0237279 0.999277 3.04431
-0.019798 -0.999544 0.0227922 -22.29 0.99934 -0.0190895 0.0308947 -140.253 -0.0304455 0.0233888 0.999263 3.04729
-0.0201971 -0.999518 0.0235764 -22.3117 0.999361 -0.0194875 0.029948 -140.518 -0.0294742 0.0241662 0.999273 3.05714
-0.0226051 -0.999488 0.0226421 -22.3301 0.999269 -0.0218905 0.0313238 -141.104 -0.0308121 0.0233336 0.999253 3.05818
-0.0245985 -0.999487 0.0205018 -22.3453 0.999223 -0.0239497 0.0313096 -142.011 -0.0308025 0.0212561 0.999299 3.06104
-0.0171293 -0.99958 0.0233713 -22.3875 0.999364 -0.0163853 0.0316627 -143.215 -0.0312665 0.0238988 0.999225 3.09497
0.0764371 -0.996895 0.01893 -22.6589 0.996696 0.0769173 0.0260916 -146.719 -0.0274666 0.0168731 0.99948 3.18003
0.249664 -0.968015 0.0247732 -23.2061 0.96779 0.250299 0.0270753 -149.504 -0.03241 0.0172155 0.999326 3.24462
0.485095 -0.874133 0.0239762 -24.7344 0.873841 0.485601 0.0243761 -152.713 -0.0329508 0.00912667 0.999415 3.33873
0.732135 -0.681015 0.0140236 -27.2926 0.680581 0.732207 0.0261385 -155.492 -0.0280689 -0.00959268 0.99956 3.44433
0.903808 -0.427873 0.00750367 -30.734 0.427606 0.903657 0.0235819 -157.442 -0.0168708 -0.0181049 0.999694 3.50486
0.980988 -0.19401 -0.00477207 -34.6394 0.194037 0.980976 0.00590531 -158.364 0.00353559 -0.006719 0.999971 3.48967
0.997012 -0.077235 -0.0015941 -39.0764 0.0771917 0.99684 -0.0187371 -158.662 0.00303622 0.0185581 0.999823 3.45063
0.999971 0.00754862 -0.000596419 -43.8995 -0.00755575 0.999888 -0.0129351 -158.519 0.000498709 0.0129393 0.999916 3.43395
0.999677 0.0240446 -0.00823378 -49.0579 -0.0240678 0.999707 -0.002725 -158.153 0.00816584 0.00292229 0.999962 3.37565
0.999726 0.0217538 0.0086696 -59.17 -0.021742 0.999763 -0.00145329 -157.45 -0.00869916 0.0012644 0.999961 3.28467
0.999884 0.0130259 0.0079325 -64.1392 -0.0130061 0.999912 -0.00255111 -157.187 -0.00796503 0.00244764 0.999965 3.3054
0.999925 0.0100034 0.00707416 -69.4163 -0.00990297 0.999851 -0.0141045 -156.931 -0.00721421 0.0140334 0.999875 3.33012
0.999916 0.0127986 0.00217745 -75.2125 -0.0127808 0.999886 -0.00800159 -156.626 -0.00227961 0.00797309 0.999966 3.31557
0.999814 0.0191668 0.00198587 -81.5562 -0.0191682 0.999816 0.000672442 -156.268 -0.00197262 -0.000710383 0.999998 3.26981
0.999876 0.0152109 0.00401046 -87.7842 -0.0152249 0.999878 0.00347331 -155.881 -0.00395714 -0.00353394 0.999986 3.2682
0.99995 0.00930003 0.00367942 -94.3368 -0.00930581 0.999955 0.00154408 -155.487 -0.0036649 -0.00157824 0.999992 3.29285
0.999954 -0.00415212 0.00859247 -101.162 0.00400771 0.999852 0.0167511 -155.209 -0.00866075 -0.0167159 0.999823 3.24992
0.999828 -0.0166614 0.00819168 -108.299 0.0166218 0.99985 0.00487468 -154.984 -0.00827167 -0.00473768 0.999955 3.22964
0.999167 -0.0394368 0.0105144 -122.938 0.0394265 0.999222 0.00118473 -154.809 -0.0105529 -0.000769199 0.999944 3.18371
0.999082 -0.042261 -0.00698832 -130.246 0.0423128 0.999077 0.00745053 -154.824 0.006667 -0.00773939 0.999948 3.15598
0.999359 -0.0357846 0.00142113 -137.923 0.0357793 0.999353 0.00353932 -154.821 -0.00154687 -0.00348621 0.999993 3.14306
0.999798 -0.0200437 -0.00171501 -145.313 0.0200542 0.999779 0.0063207 -154.698 0.00158794 -0.00635382 0.999979 3.15008
0.999818 -0.017577 0.00745582 -152.552 0.0176649 0.999773 -0.0119033 -154.568 -0.00724491 0.0120329 0.999901 3.1141
0.999817 -0.014892 0.011967 -159.593 0.0148794 0.999889 0.00113575 -154.379 -0.0119826 -0.000957482 0.999928 3.08588
0.99987 -0.00660346 0.0146987 -167.102 0.00654288 0.99997 0.00416256 -154.142 -0.0147258 -0.00406584 0.999883 3.02086
0.999834 0.017045 0.00648482 -174.46 -0.0170273 0.999851 -0.00278246 -153.777 -0.00653128 0.00267158 0.999975 2.98464
0.999484 0.0321204 0.000323442 -181.758 -0.0321218 0.999384 0.0141296 -153.245 0.000130603 -0.0141327 0.9999 2.92033
0.999927 0.0113612 0.00414676 -196.514 -0.011506 0.999258 0.0367453 -152.184 -0.00372622 -0.0367904 0.999316 2.71662
0.99994 -0.0108699 0.00125792 -203.512 0.0108385 0.999683 0.0227197 -151.937 -0.00150449 -0.0227047 0.999741 2.67062
0.999767 -0.0204171 -0.00695512 -210.27 0.0205458 0.999609 0.0189617 -151.758 0.00656525 -0.0191002 0.999796 2.58086
0.99978 -0.0204634 0.0046907 -216.956 0.0202874 0.999185 0.0348932 -151.605 -0.00540091 -0.0347904 0.99938 2.56884
0.999619 -0.0274805 0.00237932 -223.35 0.0273742 0.998945 0.0368643 -151.474 -0.00338986 -0.0367851 0.999317 2.49722
0.999372 -0.0350718 -0.00496435 -229.554 0.0352037 0.998941 0.0296109 -151.437 0.00392058 -0.0297671 0.999549 2.42795
0.99893 -0.0452239 -0.00967749 -235.514 0.0454616 0.998629 0.0259527 -151.417 0.00849053 -0.0263649 0.999616 2.35149
0.998935 -0.0460196 -0.00336801 -241.44 0.0460893 0.998626 0.0249294 -151.443 0.00221614 -0.025058 0.999684 2.29731
0.999178 -0.0399307 -0.00698548 -247.682 0.0400426 0.999059 0.016691 -151.44 0.00631242 -0.016957 0.999836 2.18569
0.997585 -0.0688805 -0.00890983 -260.508 0.0689752 0.99756 0.0108106 -151.625 0.00814345 -0.0113991 0.999902 2.02924
0.995258 -0.0970441 -0.00668843 -267.168 0.0971156 0.995208 0.0113559 -151.925 0.00555435 -0.0119516 0.999913 1.93132
0.990381 -0.138172 -0.00737281 -273.721 0.138181 0.990407 0.000642589 -152.46 0.00721329 -0.00165519 0.999973 1.84174
0.989698 -0.142572 -0.013087 -280.659 0.142548 0.989784 -0.00274666 -153.148 0.0133449 0.000852841 0.999911 1.72142
0.991943 -0.125601 -0.0165265 -287.825 0.125942 0.991804 0.0215174 -153.774 0.0136884 -0.0234254 0.999632 1.60493
0.995859 -0.0864077 -0.0282553 -294.81 0.0866095 0.996224 0.00599998 -154.231 0.0276302 -0.00842231 0.999583 1.42321
0.99802 -0.0583347 -0.0235343 -301.785 0.0583823 0.998293 0.00134328 -154.454 0.0234158 -0.00271461 0.999722 1.2287
0.999062 -0.0427974 -0.0065336 -308.733 0.0428211 0.999076 0.00354941 -154.495 0.00637566 -0.00382586 0.999972 1.07802
0.999285 -0.0366443 -0.00934303 -315.267 0.0367104 0.999301 0.00700887 -154.48 0.00907966 -0.00734685 0.999932 0.978924
0.999343 -0.0343981 -0.0114259 -328.099 0.0343928 0.999408 -0.000654304 -154.46 0.0114416 0.000260906 0.999934 0.675643
0.999402 -0.0306023 -0.0160722 -333.037 0.0306278 0.99953 0.00134659 -154.399 0.0160234 -0.00183804 0.99987 0.557236
0.999488 -0.028262 -0.01501 -338.008 0.0282971 0.999597 0.00213439 -154.331 0.0149436 -0.00255803 0.999885 0.437535
0.999657 -0.0256607 -0.00525159 -344.035 0.0256479 0.999668 -0.00247027 -154.236 0.00531324 0.00233473 0.999983 0.288398
0.999633 -0.0243041 -0.0119529 -349.215 0.0243086 0.999704 0.000237382 -154.163 0.0119435 -0.000527852 0.999929 0.18524
0.999772 -0.011342 -0.018117 -354.703 0.011278 0.99993 -0.0036246 -154.038 0.0181569 0.00341945 0.999829 0.0570749
0.999823 0.0168402 -0.00842729 -360.351 -0.0170898 0.999389 -0.0304782 -153.897 0.00790888 0.0306168 0.9995 -0.10578
0.998194 0.0557048 -0.0224906 -366.433 -0.0556171 0.998442 0.00450904 -153.314 0.0227068 -0.00325003 0.999737 -0.233627
0.998448 0.0477313 -0.0286958 -372.534 -0.0476764 0.998859 0.00259604 -152.72 0.0287869 -0.0012239 0.999585 -0.442239
0.999762 0.0161728 -0.01461 -385.526 -0.0159636 0.99977 0.0143277 -151.813 0.0148383 -0.014091 0.999791 -0.881758
0.999706 0.01018 -0.0220028 -392.27 -0.00970443 0.999719 0.0216179 -151.401 0.0222167 -0.021398 0.999524 -1.06658
0.999778 -0.00217173 -0.0209397 -399.053 0.00249249 0.99988 0.0153069 -151.129 0.0209039 -0.0153557 0.999664 -1.28917
0.99936 -0.0207822 -0.0291043 -405.73 0.0211644 0.999693 0.0128867 -150.932 0.0288275 -0.0134944 0.999493 -1.53867
0.998966 -0.0371508 -0.0261893 -412.485 0.0377747 0.999004 0.0237446 -150.827 0.0252811 -0.0247094 0.999375 -1.76407
0.998235 -0.0532418 -0.0263127 -419.203 0.0536133 0.998469 0.013623 -150.902 0.0255471 -0.0150097 0.999561 -1.95605
0.99795 -0.0571686 -0.0287773 -425.874 0.0578662 0.998035 0.0240224 -150.988 0.0273475 -0.0256384 0.999297 -2.17684
0.998501 -0.049427 -0.0234892 -432.627 0.0497552 0.998669 0.0136012 -151.094 0.0227856 -0.0147496 0.999632 -2.43082
0.998413 -0.0479138 -0.0296003 -439.224 0.0483427 0.998733 0.0139503 -151.15 0.0288944 -0.0153591 0.999464 -2.6466
0.9989 -0.0423083 -0.020225 -452.302 0.0433065 0.997719 0.0517734 -151.091 0.0179884 -0.0525923 0.998454 -3.00798
0.998774 -0.0409867 -0.0277441 -458.315 0.0422788 0.997966 0.0477111 -151.09 0.0257321 -0.0488256 0.998476 -3.20728
0.999177 -0.026746 -0.0304941 -464.361 0.0279162 0.998864 0.0386182 -151.073 0.0294266 -0.0394377 0.998789 -3.3984
0.999528 0.000745882 -0.0307092 -470.064 0.000845635 0.998658 0.0517814 -150.925 0.0307066 -0.0517829 0.998186 -3.58639
0.998787 0.0451598 -0.0196358 -475.849 -0.0439087 0.997229 0.0600552 -150.497 0.0222934 -0.0591201 0.998002 -3.85096
0.994463 0.103617 -0.0175043 -481.515 -0.102568 0.993322 0.0528367 -149.848 0.0228622 -0.0507487 0.99845 -4.08165
0.981854 0.18519 -0.0408439 -486.966 -0.182244 0.980978 0.0668471 -148.785 0.0524463 -0.0581905 0.996927 -4.26068
0.954414 0.297145 -0.0282695 -492.391 -0.295551 0.95403 0.0497677 -147.182 0.0417581 -0.0391439 0.998361 -4.51067
0.909277 0.415584 -0.0224759 -497.555 -0.414058 0.908758 0.0521107 -144.894 0.0420815 -0.0380768 0.998388 -4.85107
0.790525 0.612148 -0.0185923 -507.246 -0.610732 0.790229 0.0504449 -138.144 0.0455719 -0.028523 0.998554 -5.49871
0.737828 0.674857 -0.013336 -511.749 -0.674128 0.737741 0.0359136 -133.943 0.0340751 -0.0175079 0.999266 -5.81697
0.704325 0.709566 -0.0210163 -515.951 -0.708869 0.704594 0.0324443 -129.453 0.0378293 -0.00795357 0.999253 -6.10009
0.682213 0.73085 -0.0210762 -520.072 -0.730118 0.682497 0.03355 -124.751 0.0389045 -0.00750011 0.999215 -6.4143
0.676149 0.736427 -0.022299 -523.821 -0.735782 0.676501 0.0311668 -120.268 0.0380374 -0.00466617 0.999265 -6.64615
0.678951 0.734079 -0.0123992 -527.664 -0.733711 0.679023 0.0244167 -115.703 0.0263432 -0.0074803 0.999625 -6.91779
0.687529 0.725884 -0.0199142 -530.861 -0.724799 0.687661 0.0423005 -112.023 0.0443995 -0.014649 0.998906 -7.11877
0.706994 0.706856 -0.0226807 -533.528 -0.706084 0.707312 0.0339927 -109.047 0.0400703 -0.00801812 0.999165 -7.309
0.718144 0.695641 -0.0187695 -535.939 -0.694956 0.718316 0.0325355 -106.43 0.0361154 -0.0103212 0.999294 -7.46772
0.733639 0.679121 -0.0238517 -540.754 -0.678546 0.734012 0.0283173 -101.57 0.0367383 -0.00459019 0.999314 -7.75891
0.72851 0.684179 -0.0342378 -542.836 -0.684017 0.729242 0.018089 -99.5437 0.0373437 0.0102413 0.99925 -7.92298
0.703466 0.709507 -0.0416607 -544.664 -0.710206 0.703987 -0.00292746 -97.5305 0.0272516 0.0316471 0.999128 -8.02791
0.686089 0.725687 -0.051576 -546.903 -0.726537 0.68712 0.00319704 -95.0302 0.037759 0.0352784 0.998664 -8.14314
0.6628 0.746573 -0.0576676 -549.309 -0.748084 0.663562 -0.00750117 -92.1748 0.0326659 0.048112 0.998308 -8.29166
0.616829 0.785864 -0.0440508 -551.988 -0.786615 0.617443 0.000434708 -88.6309 0.0275405 0.0343829 0.999029 -8.45191
0.495814 0.867343 -0.043404 -554.203 -0.868228 0.496155 -0.00329757 -85.0335 0.018675 0.0393196 0.999052 -8.57832
0.29731 0.954397 -0.0270584 -555.576 -0.954746 0.297421 6.12389e-05 -80.8874 0.00810619 0.0258157 0.999634 -8.65217
0.0474568 0.997814 -0.0459872 -555.963 -0.99883 0.0478312 0.00707514 -76.9847 0.0092593 0.0455976 0.998917 -8.71146
-0.344781 0.936254 -0.0674937 -554.147 -0.938617 -0.34301 0.0366381 -69.0539 0.0111515 0.0759828 0.997047 -8.74902
-0.544735 0.835195 -0.0755866 -551.872 -0.838557 -0.543479 0.0381077 -65.4065 -0.00925243 0.0841423 0.996411 -8.72132
-0.71217 0.698303 -0.0720173 -548.803 -0.70169 -0.711173 0.043172 -62.2012 -0.0210696 0.0812797 0.996469 -8.61958
-0.772438 0.632559 -0.0566534 -545.016 -0.634598 -0.772273 0.0296499 -59.1777 -0.0249966 0.0588548 0.997954 -8.50335
-0.767129 0.638387 -0.0630476 -540.851 -0.640776 -0.767206 0.0282898 -56.0446 -0.0303106 0.0621013 0.997609 -8.38181
-0.752922 0.654707 -0.0668362 -536.36 -0.657308 -0.753129 0.0272666 -52.4869 -0.0324846 0.0644616 0.997391 -8.24081
-0.740671 0.667028 -0.0804965 -531.461 -0.669213 -0.74307 0.000223837 -48.5196 -0.0596652 0.0540351 0.996755 -8.09871
-0.744788 0.664322 -0.0629858 -526.752 -0.666466 -0.745256 0.020417 -44.5977 -0.033377 0.0571842 0.997806 -7.95164
-0.74943 0.658805 -0.0658137 -521.372 -0.66078 -0.750484 0.0119379 -40.229 -0.0415275 0.052435 0.99776 -7.75266
-0.754425 0.653639 -0.0599917 -510.248 -0.655563 -0.754901 0.0190211 -31.2983 -0.0328549 0.0536784 0.998018 -7.35556
-0.754122 0.654789 -0.0505074 -504.278 -0.655849 -0.754867 0.00617537 -26.5998 -0.0340828 0.0377822 0.998705 -7.14918
-0.749785 0.659386 -0.0550692 -498.163 -0.660713 -0.750591 0.00843344 -21.6911 -0.0357736 0.0427083 0.998447 -6.9185
-0.748573 0.659874 -0.0648461 -491.635 -0.661929 -0.749413 0.0151654 -16.3681 -0.0385893 0.0542759 0.99778 -6.60353
-0.75084 0.656478 -0.0726343 -485.037 -0.658793 -0.752239 0.0112819 -11.0112 -0.0472321 0.0563218 0.997295 -6.30274
-0.743744 0.664803 -0.0698643 -478.303 -0.6667 -0.745307 0.00532592 -5.54638 -0.0485297 0.0505397 0.997542 -6.04371
-0.74298 0.666548 -0.0607826 -471.641 -0.66847 -0.743536 0.0173926 -0.0567074 -0.033601 0.0535537 0.997999 -5.76053
-0.742776 0.666439 -0.0643653 -464.694 -0.668594 -0.7434 0.0184078 5.70731 -0.0355815 0.0567072 0.997757 -5.42976
-0.742014 0.666559 -0.0715069 -457.706 -0.669108 -0.742954 0.017687 11.4854 -0.0413369 0.0609699 0.997283 -5.13705
-0.74518 0.663035 -0.0713555 -443.558 -0.665688 -0.745946 0.0205947 23.1819 -0.0395723 0.0628472 0.997238 -4.49255
-0.746729 0.662184 -0.0625181 -436.679 -0.664424 -0.746961 0.0242965 28.8381 -0.0306098 0.0596814 0.997748 -4.19926
-0.744977 0.663479 -0.0693111 -430.226 -0.666058 -0.745576 0.0219889 34.1188 -0.0370875 0.0625465 0.997353 -3.85603
-0.746301 0.661337 -0.0752832 -423.881 -0.663981 -0.747604 0.0147587 39.3004 -0.0465215 0.0610011 0.997053 -3.5315
-0.745633 0.661875 -0.0771638 -417.804 -0.664459 -0.747241 0.0111812 44.1991 -0.0502594 0.0596093 0.996956 -3.22121
-0.747786 0.65942 -0.0773343 -412.158 -0.662428 -0.748861 0.0199204 48.8514 -0.0447767 0.0661246 0.996806 -2.90893
-0.752693 0.654249 -0.0735622 -406.756 -0.657077 -0.753512 0.0216535 53.1477 -0.0412633 0.0646345 0.997056 -2.64536
-0.75773 0.647786 -0.0788603 -401.814 -0.650832 -0.758985 0.0189516 57.0899 -0.0475772 0.065685 0.996706 -2.39837
-0.761626 0.642429 -0.0849224 -397.322 -0.645517 -0.763645 0.0124151 60.6348 -0.0568748 0.0642745 0.99631 -2.11253
-0.762891 0.641373 -0.0814809 -389.791 -0.64336 -0.76556 -0.0023975 66.3176 -0.0639162 0.0505926 0.996672 -1.69114
-0.761093 0.644187 -0.0758954 -386.784 -0.646654 -0.762703 0.0110715 68.644 -0.0507535 0.0575045 0.997054 -1.48818
-0.760563 0.645103 -0.0733919 -386.144 -0.647521 -0.761937 0.0129812 69.1715 -0.0475458 0.0573958 0.997219 -1.46511
-0.760192 0.645351 -0.0750326 -385.994 -0.647866 -0.761643 0.0130045 69.285 -0.0487556 0.058497 0.997096 -1.46453
-0.760307 0.645081 -0.0761825 -385.998 -0.647773 -0.761681 0.0152288 69.2537 -0.048203 0.0609275 0.996978 -1.46498
-0.760304 0.645187 -0.0753146 -386 -0.647825 -0.761637 0.0152098 69.2533 -0.0475492 0.0603548 0.997044 -1.47382
-0.760235 0.645264 -0.0753519 -386 -0.647899 -0.761577 0.0150905 69.253 -0.0476489 0.0602927 0.997043 -1.46657
-0.760434 0.645081 -0.0749051 -386.003 -0.647692 -0.761751 0.0151591 69.2524 -0.0472802 0.0600429 0.997075 -1.47385
-0.760324 0.64507 -0.0761035 -385.998 -0.647746 -0.761708 0.0150012 69.2526 -0.0482919 0.0607015 0.996987 -1.4654
-0.760295 0.645104 -0.0761099 -385.997 -0.647776 -0.761685 0.0149204 69.2673 -0.0483465 0.0606461 0.996988 -1.4824
-0.760386 0.645069 -0.0754871 -385.996 -0.647736 -0.761705 0.0155873 69.2624 -0.047444 0.0607481 0.997025 -1.48191
-0.760352 0.645113 -0.0754527 -385.994 -0.64778 -0.761667 0.0156249 69.2644 -0.04739 0.0607572 0.997027 -1.48619
-0.760288 0.645132 -0.0759399 -385.998 -0.647823 -0.761633 0.0155065 69.2652 -0.0478346 0.060985 0.996992 -1.48977
-0.7603 0.645128 -0.0758586 -385.99 -0.64779 -0.761671 0.0150231 69.2663 -0.0480874 0.0605625 0.997005 -1.48437
-0.760306 0.645176 -0.0753891 -385.989 -0.647833 -0.761624 0.0155177 69.2636 -0.0474065 0.0606378 0.997033 -1.483
-0.760368 0.645092 -0.0754768 -385.994 -0.647755 -0.761691 0.0155185 69.2624 -0.0474791 0.0606903 0.997027 -1.48392
-0.760198 0.645125 -0.0768975 -385.983 -0.647839 -0.761633 0.014788 69.2438 -0.0490275 0.061059 0.996929 -1.4699
-0.7597 0.645415 -0.0793354 -385.703 -0.648431 -0.761067 0.0177576 69.4155 -0.0489185 0.064934 0.99669 -1.46347
-0.753026 0.653094 -0.0801236 -382.91 -0.655801 -0.754861 0.0104902 71.7093 -0.053631 0.0604446 0.99673 -1.30125
-0.748768 0.658201 -0.0782193 -381.571 -0.660372 -0.750935 0.00254712 72.835 -0.0570611 0.053561 0.996933 -1.18066
-0.747967 0.65892 -0.0798039 -380.874 -0.661678 -0.749699 0.0115423 73.336 -0.0522234 0.0614377 0.996744 -1.14188
-0.746182 0.660843 -0.0806153 -380.033 -0.663607 -0.748006 0.0106283 73.9911 -0.053277 0.0614275 0.996689 -1.10738
-0.742761 0.664588 -0.0814168 -378.78 -0.667621 -0.744357 0.0146496 75.0255 -0.0508673 0.0652367 0.996572 -1.05139
-0.740899 0.666186 -0.0852344 -376.813 -0.669503 -0.742656 0.0150892 76.6628 -0.0532476 0.0682442 0.996247 -0.904293
-0.741422 0.665063 -0.089361 -373.188 -0.668535 -0.743571 0.012818 79.7025 -0.0579215 0.0692444 0.995917 -0.638162
-0.753296 0.651131 -0.0925978 -369.97 -0.654665 -0.755841 0.0108509 82.269 -0.0629238 0.0687945 0.995644 -0.419705
-0.772197 0.62753 -0.0995953 -366.051 -0.632583 -0.773991 0.0278705 85.3561 -0.0595963 0.0845238 0.994638 -0.104274
-0.797936 0.595092 -0.0957239 -356.598 -0.600075 -0.799247 0.0333825 92.1427 -0.0566413 0.0840786 0.994848 0.473354
-0.809524 0.579709 -0.0927818 -351.207 -0.584679 -0.810371 0.038067 95.7875 -0.0531198 0.0850637 0.994959 0.853033
-0.818907 0.566005 -0.095018 -345.318 -0.571136 -0.819985 0.0377975 99.5866 -0.0565198 0.0852209 0.994758 1.21442
-0.820961 0.563314 -0.0932759 -339.064 -0.56843 -0.821745 0.0402859 103.533 -0.0539554 0.0860939 0.994825 1.65232
-0.823236 0.559558 -0.0957954 -331.538 -0.564497 -0.824751 0.0335922 108.254 -0.0602106 0.0817305 0.994834 2.18733
-0.827933 0.55343 -0.0907838 -324.516 -0.557623 -0.829624 0.0279408 112.6 -0.0598531 0.0737563 0.995479 2.68603
-0.828238 0.552635 -0.0928228 -317.244 -0.557293 -0.829654 0.0331379 117.068 -0.0586977 0.0791756 0.995131 3.1819
-0.829423 0.551334 -0.0899335 -309.938 -0.55535 -0.831207 0.0260958 121.518 -0.0603659 0.071589 0.995606 3.68793
-0.835224 0.543073 -0.0864434 -301.886 -0.546972 -0.836661 0.028646 126.414 -0.0567669 0.0712079 0.995845 4.29024
-0.828371 0.551176 -0.100036 -286.013 -0.556761 -0.829782 0.0384682 135.971 -0.0618052 0.0875619 0.99424 5.42816
-0.823198 0.55942 -0.0969289 -278.183 -0.564878 -0.824167 0.0407649 140.823 -0.0570809 0.0883106 0.994456 5.98591
-0.826041 0.555973 -0.0924684 -270.222 -0.559733 -0.828453 0.0190929 145.714 -0.0659905 0.0675292 0.995533 6.56632
-0.832479 0.546071 -0.0937312 -262.307 -0.550229 -0.834663 0.0242026 150.595 -0.0650176 0.0717218 0.995303 7.169
-0.833681 0.544805 -0.0903531 -254.432 -0.549162 -0.835122 0.0315139 155.317 -0.0582869 0.075891 0.995411 7.74601
-0.83335 0.544563 -0.0947574 -245.945 -0.548534 -0.835879 0.0203866 160.384 -0.068104 0.0689668 0.995292 8.34785
-0.836029 0.541095 -0.0909502 -237.586 -0.545043 -0.838058 0.0242182 165.352 -0.0631173 0.0698189 0.995561 8.94891
-0.834769 0.543858 -0.0858999 -229.189 -0.547154 -0.836814 0.0190877 170.323 -0.0615013 0.0629343 0.996121 9.59538
-0.834807 0.543772 -0.0860776 -220.644 -0.547037 -0.836906 0.0184033 175.41 -0.0620316 0.0624509 0.996118 10.2348
-0.838558 0.538147 -0.0849596 -203.231 -0.5414 -0.840538 0.0195687 185.695 -0.0608809 0.0624066 0.996192 11.5712
-0.838663 0.536856 -0.0918112 -194.284 -0.540311 -0.841312 0.0160717 190.962 -0.0686136 0.0630853 0.995647 12.24
-0.835523 0.542087 -0.0896844 -185.083 -0.545568 -0.837867 0.0182699 196.382 -0.0652397 0.0641939 0.995803 12.9268
-0.830561 0.549798 -0.0888319 -176.03 -0.553572 -0.832471 0.0234567 201.793 -0.0610536 0.068657 0.99577 13.6018
-0.828175 0.553293 -0.0894024 -166.876 -0.557045 -0.830182 0.0223392 207.371 -0.0618602 0.0683019 0.995745 14.2297
-0.82739 0.55273 -0.0995801 -157.482 -0.556746 -0.83053 0.0159367 213.129 -0.0738956 0.0686267 0.994902 14.9362
-0.82652 0.550472 -0.117667 -148.058 -0.554964 -0.831848 0.00662197 218.875 -0.094236 0.0707742 0.993031 15.6455
-0.831984 0.5431 -0.113337 -138.738 -0.547871 -0.836452 0.0136152 224.528 -0.0874062 0.0734214 0.993463 16.3191
-0.843785 0.531185 -0.0766118 -127.539 -0.535221 -0.843395 0.047153 231.103 -0.039567 0.0807912 0.995945 17.1213
-0.84152 0.532908 -0.0886151 -108.425 -0.537182 -0.842833 0.0326921 242.153 -0.0572658 0.0751135 0.995529 18.5324
-0.841168 0.532061 -0.0966835 -99.1108 -0.536468 -0.843542 0.0252712 247.561 -0.0681108 0.0731249 0.994994 19.2218
-0.846023 0.52282 -0.104424 -90.4747 -0.527626 -0.849159 0.0232303 252.515 -0.0765271 0.07475 0.994262 19.857
-0.861859 0.498343 -0.0940896 -81.5089 -0.502499 -0.864196 0.0256925 257.447 -0.0685081 0.0694233 0.995232 20.5351
-0.880298 0.464445 -0.0967824 -73.2485 -0.468576 -0.883093 0.0241646 261.599 -0.0742447 0.0666219 0.995012 21.2274
-0.896829 0.431129 -0.0991215 -65.629 -0.435444 -0.899842 0.0259404 265.066 -0.07801 0.066426 0.994737 21.8461
-0.912785 0.396479 -0.0981186 -58.9893 -0.400114 -0.916251 0.0198122 267.752 -0.0820461 0.0573429 0.994977 22.4538
-0.917642 0.382928 -0.106294 -53.3073 -0.386653 -0.922084 0.016157 269.871 -0.0918249 0.0559252 0.994203 22.9538
-0.920466 0.376325 -0.105459 -49.0064 -0.380496 -0.924523 0.0219271 271.447 -0.0892474 0.0603099 0.994182 23.3455
-0.92374 0.367343 -0.10846 -43.7804 -0.37218 -0.927749 0.0276197 273.319 -0.0904781 0.0658802 0.993717 23.8435
-0.924555 0.36573 -0.106956 -42.4571 -0.370429 -0.92846 0.0272685 273.786 -0.0893316 0.0648309 0.99389 23.9571
-0.925044 0.364277 -0.107687 -41.8181 -0.369324 -0.928794 0.0306719 274 -0.0888458 0.0681443 0.993712 24.0079
-0.925121 0.363831 -0.10853 -41.6611 -0.368836 -0.929024 0.0295819 274.034 -0.0900638 0.0673966 0.993653 24.0172
-0.925214 0.363838 -0.107711 -41.6783 -0.368919 -0.928942 0.0310555 274.02 -0.0887585 0.0684698 0.993697 24.0116
-0.925182 0.363936 -0.107652 -41.6834 -0.369008 -0.92891 0.0309825 274.017 -0.0887231 0.0683887 0.993706 24.0081
-0.925204 0.363755 -0.108075 -41.6757 -0.368889 -0.928944 0.0313595 274.014 -0.0889881 0.0688815 0.993648 24.006
-0.925308 0.363644 -0.107552 -41.6745 -0.368735 -0.929007 0.0312928 274.019 -0.0885372 0.0686137 0.993707 24.0039
-0.925161 0.363861 -0.108086 -41.672 -0.369015 -0.928887 0.0315744 274.02 -0.0889112 0.0690969 0.99364 24.0048
-0.925216 0.363609 -0.10846 -41.6758 -0.368751 -0.929006 0.0311524 274.016 -0.0894323 0.0688173 0.993613 23.9993
-0.925287 0.363655 -0.107698 -41.6676 -0.368755 -0.929 0.031275 274.02 -0.0886779 0.0686524 0.993692 24.0031
-0.925085 0.36395 -0.108441 -41.6731 -0.3691 -0.928864 0.0312568 274.021 -0.0893506 0.0689406 0.993611 24.0001
-0.925172 0.363788 -0.108239 -41.6811 -0.368927 -0.928931 0.0312895 274.013 -0.0891641 0.0688806 0.993632 24.0035
-0.925152 0.363751 -0.108528 -41.6747 -0.368913 -0.928936 0.0313258 274.02 -0.0894204 0.0690184 0.9936 24.0008
-0.925369 0.363691 -0.106866 -41.6748 -0.368698 -0.929036 0.0308731 274.022 -0.0880539 0.0679702 0.993794 23.9991
-0.925279 0.363828 -0.107182 -41.6819 -0.368917 -0.928927 0.0315463 274.019 -0.0880864 0.0687302 0.993739 23.9993
-0.925269 0.363725 -0.107619 -41.6732 -0.36885 -0.928951 0.0316192 274.022 -0.088472 0.0689516 0.993689 24.001
-0.92521 0.363766 -0.107985 -41.6748 -0.368872 -0.928959 0.0311143 274.025 -0.0889949 0.0686197 0.993666 23.9973
-0.925179 0.363807 -0.108115 -41.6659 -0.368916 -0.928944 0.0310431 274.022 -0.0891394 0.0686058 0.993654 24.0012
-0.925269 0.36378 -0.107431 -41.678 -0.368864 -0.928956 0.0313095 274.019 -0.0884091 0.0685972 0.993719 23.9934
-0.92526 0.36375 -0.107609 -41.6778 -0.368841 -0.928967 0.0312403 274.024 -0.0886013 0.0685958 0.993702 23.9944
-0.92509 0.363888 -0.108603 -41.6766 -0.369054 -0.928881 0.0313043 274.02 -0.0894878 0.0690396 0.993592 23.9982
-0.925239 0.363583 -0.108356 -41.6687 -0.368775 -0.928975 0.031795 274.022 -0.0891 0.069377 0.993604 23.9949
-0.925187 0.364015 -0.10734 -41.6875 -0.369078 -0.928877 0.0311288 274.025 -0.0883746 0.0684169 0.993735 23.9947
-0.925159 0.363833 -0.108195 -41.6742 -0.368961 -0.928921 0.0312051 274.025 -0.0891507 0.0687893 0.99364 23.9971
-0.925355 0.363732 -0.106848 -41.6791 -0.368724 -0.929031 0.0307215 274.021 -0.0880908 0.0678258 0.993801 23.9948
-0.925259 0.363818 -0.107393 -41.6818 -0.36889 -0.928949 0.0311966 274.021 -0.0884127 0.068481 0.993727 23.9926
-0.925173 0.363746 -0.108371 -41.673 -0.368907 -0.928934 0.0314421 274.016 -0.0892326 0.0690683 0.993613 23.9926
-0.925246 0.363753 -0.107724 -41.6769 -0.368861 -0.928956 0.0313448 274.021 -0.0886695 0.068737 0.993687 23.9882
-0.925153 0.363762 -0.108483 -41.671 -0.368989 -0.92888 0.0320839 274.025 -0.0890967 0.0697116 0.99358 23.9867
-0.925245 0.363839 -0.10744 -41.6775 -0.368914 -0.92894 0.0311922 274.022 -0.0884565 0.0684967 0.993722 23.9951
-0.925176 0.363707 -0.108474 -41.6742 -0.368877 -0.928946 0.0314548 274.02 -0.0893264 0.0691149 0.993602 23.9878
-0.925099 0.363889 -0.108518 -41.6682 -0.369055 -0.928878 0.031373 274.02 -0.0893838 0.0690723 0.993599 23.9911
-0.925183 0.363722 -0.108361 -41.6777 -0.368909 -0.928924 0.0317339 274.02 -0.0891165 0.0693349 0.993605 23.9867
-0.925201 0.36394 -0.107475 -41.6784 -0.368991 -0.928919 0.0308914 274.019 -0.0885933 0.0682382 0.993728 23.9964
-0.925115 0.363917 -0.108288 -41.6787 -0.369054 -0.928884 0.0312177 274.016 -0.0892259 0.0688438 0.993629 23.9869
-0.925138 0.364014 -0.107767 -41.6806 -0.369118 -0.928857 0.0312504 274.024 -0.0887241 0.0686895 0.993685 23.994
-0.925113 0.363871 -0.108462 -41.6706 -0.369063 -0.928863 0.031703 274.019 -0.0892106 0.0693582 0.993595 23.9961
-0.925193 0.363809 -0.107988 -41.6777 -0.368943 -0.92892 0.0314275 274.013 -0.0888785 0.0689179 0.993655 23.9902
-0.925171 0.36395 -0.107702 -41.6715 -0.369045 -0.928887 0.031207 274.016 -0.0886849 0.0686186 0.993693 23.9887
-0.925081 0.363967 -0.108413 -41.6721 -0.369138 -0.928841 0.0314996 274.018 -0.0892339 0.0691591 0.993607 23.9907
-0.925163 0.363985 -0.107654 -41.6732 -0.369072 -0.928879 0.0311546 274.02 -0.0886576 0.068555 0.9937 23.9961
-0.925075 0.363883 -0.108749 -41.663 -0.369077 -0.928864 0.0315077 274.02 -0.0895477 0.0692837 0.99357 23.9944
-0.925097 0.363962 -0.108294 -41.6728 -0.369089 -0.928873 0.0311089 274.02 -0.0892686 0.0687488 0.993632 23.9968
-0.925046 0.363825 -0.109185 -41.6639 -0.369025 -0.928894 0.0312308 274.021 -0.0900584 0.0691817 0.993531 23.9972
-0.925034 0.363927 -0.108944 -41.6702 -0.369131 -0.928845 0.0314566 274.022 -0.0897439 0.0693129 0.99355 23.9949
-0.925165 0.363976 -0.107666 -41.6729 -0.369089 -0.928862 0.0314359 274.021 -0.0885654 0.0688219 0.99369 23.9983
-0.925151 0.36388 -0.108103 -41.6093 -0.369109 -0.928821 0.0324 274.036 -0.0886185 0.0698767 0.993612 24.0121
-0.925139 0.363085 -0.110845 -41.2529 -0.368648 -0.928949 0.0339451 274.164 -0.0906446 0.0722667 0.993258 24.052
-0.923924 0.365483 -0.113076 -40.3092 -0.37129 -0.927868 0.0347027 274.448 -0.0922368 0.0740468 0.99298 24.1303
-0.922456 0.369542 -0.111866 -38.1774 -0.375137 -0.926375 0.0331958 275.238 -0.0913629 0.0725869 0.993169 24.3571
-0.919896 0.377544 -0.106075 -35.2498 -0.382195 -0.923692 0.0268301 276.275 -0.0878512 0.0652223 0.993996 24.5832
-0.916999 0.388057 -0.0923286 -31.6869 -0.39079 -0.92039 0.0128869 277.568 -0.0799774 0.0478983 0.995645 24.8547
-0.916165 0.38724 -0.103384 -27.6728 -0.390426 -0.920559 0.0117785 279.121 -0.0906095 0.0511547 0.994572 25.1867
-0.978335 0.180662 -0.101104 -19.2865 -0.18245 -0.983177 0.00865323 281.595 -0.0978401 0.0269123 0.994838 25.9968
-0.996053 -0.0102826 -0.0881659 -14.9038 0.0082965 -0.999704 0.0228649 281.705 -0.0883749 0.0220431 0.995843 26.4645
-0.9715 -0.216882 -0.0956595 -10.7659 0.215994 -0.976197 0.0196678 280.968 -0.097648 -0.00155455 0.99522 26.8219
-0.881025 -0.465498 -0.0843057 -6.62576 0.465701 -0.88475 0.0184467 279.198 -0.0831763 -0.0230093 0.996269 27.2368
-0.693801 -0.714129 -0.0930649 -2.87561 0.716573 -0.697444 0.00973072 276.022 -0.0718565 -0.0599366 0.995613 27.637
-0.535269 -0.839681 -0.0917764 0.126726 0.8419 -0.539158 0.0226449 271.378 -0.0684965 -0.0651454 0.995522 27.9838
-0.447641 -0.891531 -0.069209 2.6955 0.892565 -0.450173 0.0259321 266.039 -0.0542753 -0.0501653 0.997265 28.2693
-0.465759 -0.881818 -0.0739277 5.52566 0.880863 -0.46999 0.0564825 259.842 -0.0845526 -0.0388129 0.995663 28.7041
-0.429462 -0.900288 -0.0710163 8.41142 0.900396 -0.432921 0.043196 253.626 -0.0696333 -0.0453918 0.996539 29.1827
-0.448362 -0.890705 -0.0749376 13.8529 0.890311 -0.452469 0.0511681 240.58 -0.0794826 -0.0437759 0.995875 30.0739
-0.500237 -0.862054 -0.081399 17.263 0.861475 -0.504962 0.053602 233.54 -0.0873113 -0.0433095 0.995239 30.6592
-0.535637 -0.841695 -0.0681338 21.3943 0.840129 -0.53931 0.057683 226.304 -0.0852968 -0.0263441 0.996007 31.3125
-0.523683 -0.847598 -0.0856367 25.847 0.84771 -0.528433 0.0463199 218.494 -0.0845139 -0.0483382 0.995249 32.0322
-0.506028 -0.857303 -0.0946921 30.6069 0.858055 -0.51152 0.0457004 209.786 -0.087616 -0.0581253 0.994457 32.8471
-0.485108 -0.869508 -0.0928752 35.3788 0.870252 -0.490446 0.0460903 200.618 -0.0856261 -0.0584661 0.99461 33.6841
-0.473951 -0.876167 -0.0877561 39.9597 0.875489 -0.479551 0.0595722 191.44 -0.0942787 -0.0485952 0.994359 34.5485
-0.479668 -0.87211 -0.0966637 44.4187 0.870036 -0.487011 0.0765398 182.331 -0.113827 -0.0473872 0.99237 35.5109
-0.50248 -0.858834 -0.0995875 48.6562 0.857164 -0.509912 0.0725226 174.127 -0.113066 -0.0489216 0.992382 36.529
-0.545941 -0.831031 -0.106468 57.1181 0.826965 -0.55489 0.0907005 159.129 -0.134453 -0.0385284 0.990171 38.6768
