0.999997 -0.0023232 0.000272058 -0.0475948 0.00232277 0.999996 0.00154781 -0.0158302 -0.000275653 -0.00154718 0.999999 0.0022393
0.999997 -0.00251689 0.000417622 -0.0420323 0.00251622 0.999996 0.00159827 -0.0211615 -0.000421643 -0.00159721 0.999999 -0.0120017
0.999997 -0.00249591 0.000129374 -0.0469821 0.00249573 0.999996 0.00142494 -0.0122794 -0.00013293 -0.00142461 0.999999 -0.00114611
0.999997 -0.00233856 0.000103863 -0.0374198 0.00233841 0.999996 0.00141779 -0.0182097 -0.000107178 -0.00141754 0.999999 -0.000619651
0.999997 -0.0024263 0.000413569 -0.0454944 0.00242579 0.999996 0.00120965 -0.0183913 -0.000416502 -0.00120864 0.999999 0.00539267
0.999997 -0.00250736 0.000168649 -0.0442905 0.0025071 0.999996 0.00149956 -0.0164609 -0.000172409 -0.00149914 0.999999 -0.00478812
0.999997 -0.00261322 6.08842e-05 -0.0394962 0.00261314 0.999996 0.00119129 -0.0148693 -6.3997e-05 -0.00119113 0.999999 -0.000120591
0.999997 -0.00236788 -0.000204237 -0.0374292 0.00236813 0.999996 0.00120226 -0.021392 0.00020139 -0.00120274 0.999999 -0.00152297
0.999997 -0.00258675 0.000292865 -0.0422725 0.00258621 0.999995 0.00182429 -0.0194958 -0.000297583 -0.00182353 0.999998 0.00899437
0.999996 -0.00280085 0.000258295 -0.0406743 0.0028006 0.999996 0.000957163 -0.0168551 -0.000260974 -0.000956436 0.999999 0.00789946
0.999995 -0.00298086 -0.000388471 -0.0472058 0.00298148 0.999994 0.00162235 -0.0140667 0.000383633 -0.0016235 0.999999 -0.0046878
0.999996 -0.00257006 -0.000944527 -0.0338586 0.00257188 0.999995 0.00193396 -0.0122507 0.000939552 -0.00193638 0.999998 -0.00713551
0.999997 -0.00237527 0.000107137 -0.0384463 0.00237516 0.999997 0.00104013 -0.0135218 -0.000109608 -0.00103988 0.999999 0.00714586
0.999996 -0.00279251 0.000509175 -0.0432245 0.00279184 0.999995 0.00130525 -0.0182053 -0.000512817 -0.00130383 0.999999 -0.00679361
0.999997 -0.00245896 0.000401346 -0.0450019 0.00245858 0.999997 0.000943811 -0.0156969 -0.000403665 -0.000942822 0.999999 0.00534676
0.999997 -0.00222483 0.000132887 -0.0279322 0.00222461 0.999996 0.00166598 -0.0223974 -0.000136593 -0.00166568 0.999999 0.00397296
0.999997 -0.00242582 0.000126274 -0.04351 0.00242559 0.999996 0.00175133 -0.0150343 -0.000130522 -0.00175102 0.999998 -0.00768465
0.999998 -0.0021309 0.000461666 -0.02793 0.00213002 0.999996 0.00189701 -0.0212398 -0.000465706 -0.00189602 0.999998 -0.0119517
0.999997 -0.00237599 0.000332745 -0.0472833 0.00237546 0.999996 0.00157324 -0.0170093 -0.000336482 -0.00157244 0.999999 0.00114366
0.999997 -0.00223795 5.34932e-05 -0.0350335 0.00223785 0.999996 0.00167838 -0.015585 -5.72491e-05 -0.00167825 0.999999 -0.00407479
0.999997 -0.00236955 0.000272187 -0.039689 0.00236916 0.999996 0.00142375 -0.019307 -0.000275559 -0.0014231 0.999999 0.00304603
0.999997 -0.00256887 -5.01553e-05 -0.0397856 0.00256896 0.999995 0.00193539 -0.014505 4.51833e-05 -0.00193552 0.999998 -0.00116133
0.999997 -0.00229087 0.000584992 -0.0381273 0.00229014 0.999997 0.00124613 -0.0118821 -0.000587845 -0.00124478 0.999999 -0.000410166
0.999997 -0.00246325 0.000151547 -0.0368416 0.00246308 0.999996 0.00113812 -0.0179312 -0.00015435 -0.00113775 0.999999 0.00964762
0.999997 -0.00242081 0.000258835 -0.0459625 0.00242026 0.999995 0.00212541 -0.0136345 -0.000263979 -0.00212478 0.999998 -0.00121849
0.999997 -0.00228921 1.10467e-06 -0.0413048 0.0022892 0.999995 0.0022203 -0.0113754 -6.1874e-06 -0.00222029 0.999998 0.00327931
0.999998 -0.00218454 0.000272123 -0.0388702 0.00218403 0.999996 0.00184408 -0.014922 -0.00027615 -0.00184348 0.999998 0.00505526
0.999996 -0.000282914 0.00289026 -0.635038 0.000275741 0.999997 0.00248208 0.0269514 -0.00289095 -0.00248127 0.999993 -0.0287099
0.999994 -0.00293976 0.00188691 -1.88794 0.00294352 0.999994 -0.00199478 0.0617083 -0.00188104 0.00200032 0.999996 -0.0388031
0.999864 -0.0161167 0.00342813 -3.69243 0.0161004 0.999859 0.00472127 0.151014 -0.00350374 -0.00466543 0.999983 -0.0558209
0.999186 -0.0403158 0.00112692 -5.9318 0.0403079 0.999167 0.00632988 0.193922 -0.00138117 -0.00627931 0.999979 -0.0674697
0.995183 -0.0979719 0.00351634 -8.10471 0.0979003 0.995056 0.0167231 0.150258 -0.00513735 -0.0162983 0.999854 -0.0775219
0.967185 -0.254063 0.00228801 -10.0969 0.253979 0.967032 0.018549 -0.163106 -0.00692519 -0.0173592 0.999825 -0.0914872
0.861846 -0.507129 -0.00642024 -12.008 0.50715 0.861633 0.0196902 -0.96452 -0.00445357 -0.0202259 0.999785 -0.0718033
0.622641 -0.782368 -0.0147508 -13.5512 0.782446 0.622246 0.0242414 -2.47409 -0.00978703 -0.0266354 0.999597 -0.039741
0.31948 -0.947568 -0.00680981 -14.4107 0.947408 0.319268 0.0220389 -4.52972 -0.0187092 -0.0134927 0.999734 -0.0395678
0.0611285 -0.998129 -0.000981958 -15.1084 0.997702 0.0610734 0.0293557 -9.50069 -0.0292409 -0.00277417 0.999568 0.0345754
0.0164356 -0.999865 0.000554474 -15.3077 0.999371 0.0164449 0.0314083 -12.5619 -0.0314132 3.79102e-05 0.999506 0.0974821
-0.0148711 -0.99987 0.00631343 -15.434 0.999395 -0.0146648 0.0315437 -15.9658 -0.031447 0.0067787 0.999482 0.146442
-0.0387334 -0.999231 0.00604641 -15.4197 0.998733 -0.0385182 0.0323812 -19.6556 -0.0321234 0.00729298 0.999457 0.244639
-0.0345018 -0.999391 0.00522054 -15.4198 0.998883 -0.0343145 0.0324978 -23.5959 -0.0322989 0.00633594 0.999458 0.34204
-0.0307271 -0.999521 0.00375905 -15.4957 0.998974 -0.0305847 0.0333923 -27.8017 -0.0332614 0.00478124 0.999435 0.442749
-0.0247436 -0.99969 -0.00282588 -15.5485 0.999303 -0.0248129 0.0278962 -32.355 -0.0279576 -0.00213366 0.999607 0.540793
-0.0206682 -0.999749 0.00866727 -15.6281 0.999349 -0.0204019 0.0297712 -37.1995 -0.0295869 0.00927695 0.999519 0.61957
-0.0170052 -0.999606 0.0223379 -15.7291 0.999393 -0.0163136 0.0307877 -42.2652 -0.0304112 0.0228479 0.999276 0.753383
-0.010899 -0.999919 0.00658212 -16.1153 0.999507 -0.0107003 0.0295103 -52.9366 -0.0294374 0.00690051 0.999543 1.00846
-0.00710355 -0.999971 0.00284472 -16.2981 0.999648 -0.00702847 0.0255855 -58.1343 -0.0255648 0.00302547 0.999669 1.14323
-0.00673634 -0.999911 0.0114905 -16.4455 0.999551 -0.00639749 0.0292752 -63.1387 -0.0291991 0.0116825 0.999505 1.23094
-0.0108601 -0.999903 0.0087531 -16.6066 0.999685 -0.0106589 0.0227158 -67.9902 -0.0226202 0.00899704 0.999704 1.34633
0.0429844 -0.999027 0.00986575 -16.8508 0.998514 0.0432892 0.0330943 -72.6064 -0.0334892 0.00842855 0.999403 1.43828
0.10877 -0.993971 0.013802 -17.4781 0.993326 0.109214 0.0370787 -77.5125 -0.0383625 0.00967686 0.999217 1.57579
0.136189 -0.990601 0.0127321 -18.4368 0.990245 0.1365 0.0279915 -82.78 -0.0294663 0.00879573 0.999527 1.69903
0.120964 -0.992657 0.000732811 -19.4654 0.992266 0.120937 0.027968 -88.3812 -0.0278512 -0.00265598 0.999608 1.80232
0.0749491 -0.997187 0.000828417 -20.2605 0.996756 0.0749411 0.0293545 -94.2925 -0.0293341 -0.00137437 0.999569 1.94672
0.0163803 -0.999826 -0.00893 -21.2648 0.999401 0.0160997 0.030635 -107 -0.0304859 -0.00942646 0.999491 2.24961
-0.00296683 -0.999994 -0.0014917 -21.5439 0.999544 -0.0030103 0.0300371 -113.504 -0.0300414 -0.0014019 0.999548 2.39353
-0.00892327 -0.999949 0.00466479 -21.7494 0.999572 -0.0087897 0.0279103 -119.904 -0.0278678 0.00491185 0.9996 2.54398
-0.0115663 -0.999864 0.0117716 -21.9307 0.999417 -0.0111811 0.0322725 -125.895 -0.0321365 0.012138 0.99941 2.73795
-0.017156 -0.999853 0.000630705 -22.0966 0.99948 -0.0171323 0.0273195 -131.028 -0.0273047 0.00109907 0.999627 2.86299
-0.0213789 -0.999689 0.0128274 -22.1817 0.999422 -0.0210304 0.0267177 -135.234 -0.0264396 0.0133912 0.999561 2.94731
-0.0203041 -0.999597 0.019851 -22.235 0.999455 -0.0197765 0.0264249 -138.26 -0.0260216 0.0203767 0.999454 3.00794
-0.0198586 -0.999567 0.0217243 -22.2823 0.999415 -0.0192414 0.0282626 -139.808 -0.0278323 0.0222729 0.999364 3.03726
-0.0193953 -0.999585 0.0213122 -22.2934 0.999403 -0.0187734 0.0290031 -140.274 -0.028591 0.021862 0.999352 3.0567
-0.0194983 -0.99955 0.0228091 -22.278 0.999328 -0.0187758 0.0314716 -140.268 -0.0310292 0.0234074 0.999244 3.04211
-0.0195155 -0.99955 0.0227838 -22.2789 0.999338 -0.0188012 0.0311552 -140.257 -0.0307129 0.0233768 0.999255 3.04766
-0.019214 -0.999557 0.0227374 -22.2815 0.999355 -0.0185105 0.03076 -140.26 -0.0303255 0.0233137 0.999268 3.04675
-0.0196314 -0.999555 0.0224532 -22.2784 0.999336 -0.0189279 0.0311274 -140.252 -0.0306885 0.0230494 0.999263 3.03796
-0.0193357 -0.999554 0.0227431 -22.2849 0.999335 -0.0186182 0.0313487 -140.268 -0.0309113 0.0233341 0.99925 3.04598
-0.019376 -0.999543 0.0232157 -22.278 0.999345 -0.0186519 0.0310108 -140.263 -0.0305636 0.0238014 0.999249 3.04194
-0.0195339 -0.99954 0.0232026 -22.2765 0.999342 -0.0188101 0.0310113 -140.261 -0.0305606 0.0237931 0.99925 3.04337
-0.0195756 -0.999552 0.0226594 -22.2815 0.999337 -0.0188653 0.0311475 -140.265 -0.030706 0.0232541 0.999258 3.05265
-0.0196632 -0.999544 0.0229042 -22.279 0.999338 -0.0189477 0.0310451 -140.261 -0.030597 0.0234995 0.999256 3.05199
-0.0195413 -0.999552 0.0226578 -22.2847 0.999342 -0.0188343 0.0310079 -140.264 -0.0305672 0.0232488 0.999262 3.05407
-0.0196478 -0.999544 0.0229106 -22.273 0.999336 -0.01893 0.0311368 -140.256 -0.0306889 0.0235072 0.999252 3.04407
-0.019536 -0.999555 0.0225293 -22.2742 0.999335 -0.0188279 0.0312219 -140.265 -0.0307838 0.0231243 0.999259 3.05399
-0.0197522 -0.999554 0.0224018 -22.282 0.999326 -0.0190444 0.0313792 -140.267 -0.0309386 0.0230065 0.999256 3.0525
-0.0196606 -0.999551 0.0226322 -22.2827 0.999319 -0.0189392 0.0316595 -140.267 -0.0312166 0.0232393 0.999242 3.04937
-0.0194504 -0.999562 0.0222923 -22.275 0.999335 -0.0187485 0.0312742 -140.257 -0.0308426 0.0228858 0.999262 3.05053
-0.0195043 -0.999555 0.0225684 -22.2803 0.99933 -0.0187909 0.0313991 -140.266 -0.0309611 0.0231657 0.999252 3.05384
-0.0196573 -0.999543 0.0229555 -22.2818 0.999347 -0.0189465 0.0307832 -140.265 -0.0303342 0.0235456 0.999262 3.05677
-0.0195759 -0.999556 0.0224456 -22.2863 0.999329 -0.0188663 0.0314032 -140.261 -0.0309658 0.0230453 0.999255 3.05126
-0.0195113 -0.999551 0.0227457 -22.2808 0.999335 -0.0187959 0.0312544 -140.264 -0.0308128 0.0233404 0.999253 3.04958
-0.0197715 -0.999545 0.0227762 -22.2797 0.999329 -0.0190542 0.0312934 -140.253 -0.0308452 0.0233796 0.999251 3.05474
-0.019479 -0.99955 0.0227946 -22.2812 0.999321 -0.0187512 0.0317203 -140.272 -0.0312786 0.023397 0.999237 3.04042
-0.0195956 -0.999538 0.023231 -22.2804 0.99934 -0.0188704 0.0310356 -140.261 -0.0305828 0.0238238 0.999248 3.04952
-0.0198787 -0.999548 0.0225381 -22.2843 0.999284 -0.0191373 0.0326441 -140.274 -0.0321981 0.0231709 0.999213 3.04098
-0.0201386 -0.999546 0.0224273 -22.2986 0.999277 -0.0193996 0.0326943 -140.545 -0.0322443 0.0230695 0.999214 3.05797
-0.0227004 -0.999504 0.0218118 -22.32 0.999226 -0.021982 0.0326304 -141.122 -0.0321347 0.0225356 0.999229 3.05907
-0.024642 -0.999506 0.0195211 -22.335 0.999158 -0.0239836 0.0332749 -142.032 -0.0327903 0.0203246 0.999256 3.07057
-0.0174488 -0.999627 0.0210321 -22.3683 0.999287 -0.0167309 0.0338371 -143.228 -0.0334726 0.0216075 0.999206 3.09548
0.0763816 -0.99695 0.016019 -22.6198 0.996498 0.0768755 0.0328908 -146.803 -0.034022 0.0134507 0.99933 3.18258
0.249576 -0.967983 0.0268364 -23.2214 0.967591 0.250385 0.0328029 -149.57 -0.0384721 0.0177798 0.999101 3.2309
0.483797 -0.874754 0.0273231 -24.7677 0.874385 0.484452 0.0275168 -152.744 -0.0373072 0.0105784 0.999248 3.32751
0.731152 -0.681967 0.0183626 -27.3487 0.681526 0.731359 0.025231 -155.487 -0.0306364 -0.00593312 0.999513 3.43195
0.902839 -0.429895 0.00844364 -30.7258 0.429665 0.902758 0.0204028 -157.406 -0.0163936 -0.0147925 0.999756 3.49054
0.981123 -0.193374 -0.0021995 -34.6844 0.193382 0.981115 0.00400151 -158.36 0.00138417 -0.00435131 0.99999 3.49318
0.996984 -0.0775967 0.00104724 -39.0938 0.0776026 0.996805 -0.0189298 -158.669 0.000424996 0.018954 0.99982 3.45985
0.999962 0.00808317 0.00335187 -43.9291 -0.00803869 0.999882 -0.0130784 -158.508 -0.00345719 0.013051 0.999909 3.43355
0.999705 0.0241259 -0.00278488 -49.1166 -0.0241302 0.999708 -0.00150808 -158.14 0.00274768 0.00157483 0.999995 3.34632
0.999716 0.0218981 0.00943185 -59.1645 -0.0218889 0.99976 -0.00107245 -157.439 -0.00945307 0.000865688 0.999955 3.27476
0.999847 0.0131472 0.0115729 -64.169 -0.0131167 0.99991 -0.00270938 -157.191 -0.0116075 0.00255716 0.999929 3.32153
0.999895 0.0101046 0.0103677 -69.5326 -0.00996809 0.999864 -0.01314 -156.945 -0.0104991 0.0130353 0.99986 3.32058
0.999906 0.0127069 0.00521545 -75.3238 -0.0126747 0.999901 -0.00615626 -156.633 -0.00529316 0.00608958 0.999967 3.28966
0.999808 0.0192311 0.00387206 -81.5822 -0.0192346 0.999815 0.000863935 -156.268 -0.00385473 -0.000938246 0.999992 3.26778
0.999857 0.0152918 0.00726661 -87.8613 -0.0153105 0.999879 0.00253066 -155.89 -0.00722704 -0.00264155 0.99997 3.26532
0.999947 0.00924318 0.00445928 -94.3455 -0.00925634 0.999953 0.00293982 -155.508 -0.0044319 -0.00298094 0.999986 3.26725
0.99996 -0.00410152 0.00796778 -101.16 0.00395638 0.999828 0.0181472 -155.22 -0.00804083 -0.018115 0.999804 3.26864
0.999857 -0.0164719 0.0037693 -108.246 0.0164515 0.99985 0.0053831 -155.012 -0.00385741 -0.00532032 0.999978 3.22772
0.999198 -0.0394823 0.0066093 -122.865 0.0394587 0.999214 0.00367481 -154.836 -0.0067492 -0.00341107 0.999971 3.17243
0.999093 -0.0425762 -0.000517281 -130.39 0.042579 0.999063 0.00772579 -154.835 0.000187861 -0.00774081 0.99997 3.15728
0.999345 -0.036079 0.00263467 -137.953 0.0360692 0.999343 0.00366701 -154.805 -0.00276524 -0.00356958 0.99999 3.17136
0.999799 -0.0199945 -0.00131735 -145.346 0.0200008 0.999788 0.00492514 -154.694 0.00121859 -0.0049505 0.999987 3.13806
0.999841 -0.0173409 0.00414891 -152.519 0.0173854 0.999789 -0.0109491 -154.559 -0.00395816 0.0110195 0.999931 3.1327
0.999807 -0.0144787 0.0132544 -159.701 0.0144794 0.999895 4.25858e-05 -154.388 -0.0132536 0.000149339 0.999912 3.03398
0.999972 -0.00693519 0.00268355 -166.979 0.00692111 0.999962 0.00522291 -154.154 -0.00271967 -0.00520419 0.999983 2.99781
0.999863 0.0164875 0.00130577 -174.378 -0.0164836 0.99986 -0.00295512 -153.778 -0.00135431 0.00293319 0.999995 2.96983
0.99949 0.0319321 -0.00029579 -181.774 -0.0319241 0.999379 0.0149177 -153.232 0.000771959 -0.0149006 0.999889 2.92896
0.999933 0.011501 -0.000931414 -196.447 -0.0114574 0.999216 0.0379049 -152.202 0.00136663 -0.0378917 0.999281 2.72891
0.999942 -0.0107583 -0.000608595 -203.476 0.0107693 0.999692 0.02234 -151.956 0.000368066 -0.0223453 0.99975 2.68885
0.999751 -0.0207115 -0.00824862 -210.294 0.0208599 0.999614 0.0183284 -151.75 0.00786584 -0.0184959 0.999798 2.57883
0.999793 -0.0203115 0.00122777 -216.911 0.0202561 0.999182 0.0350078 -151.61 -0.00193783 -0.0349757 0.999386 2.59827
0.999618 -0.0276115 -0.000909241 -223.301 0.027626 0.998883 0.0383394 -151.477 -0.000150382 -0.0383499 0.999264 2.4988
0.999373 -0.0351694 -0.00408878 -229.562 0.0352776 0.998916 0.0303807 -151.448 0.00301588 -0.0305059 0.99953 2.44037
0.998941 -0.0452686 -0.00820023 -235.576 0.0454661 0.998634 0.0257537 -151.417 0.00702319 -0.0260993 0.999635 2.35161
0.998945 -0.0458833 -0.0020372 -241.6 0.0459215 0.998586 0.0267827 -151.462 0.000805436 -0.026848 0.999639 2.31216
0.999189 -0.0398155 -0.00595104 -247.691 0.0399193 0.999032 0.0184757 -151.458 0.00520966 -0.0186983 0.999812 2.19617
0.997595 -0.0689496 -0.00707731 -260.554 0.0690327 0.997539 0.0122576 -151.636 0.00621474 -0.0127167 0.9999 2.03788
0.995282 -0.0966947 -0.00804121 -267.134 0.0967998 0.995207 0.0139155 -151.945 0.00665711 -0.0146282 0.999871 1.95393
0.990366 -0.138438 -0.00324264 -273.84 0.138444 0.990368 0.00188198 -152.482 0.00295087 -0.00231277 0.999993 1.82792
0.989735 -0.142522 -0.0106009 -280.739 0.142522 0.989791 -0.000721386 -153.177 0.0105955 -0.000796877 0.999944 1.73848
0.991898 -0.125877 -0.0171128 -287.803 0.126215 0.991794 0.0203629 -153.77 0.0144091 -0.0223578 0.999646 1.60764
0.995922 -0.0863566 -0.0261085 -294.863 0.0865316 0.996233 0.00564654 -154.219 0.0255226 -0.00788272 0.999643 1.42785
0.998109 -0.0582382 -0.0196391 -301.824 0.0582543 0.998302 0.000248505 -154.447 0.0195912 -0.00139209 0.999807 1.21451
0.99897 -0.0424753 -0.0159304 -308.629 0.0425242 0.999092 0.00274114 -154.49 0.0157995 -0.00341574 0.999869 1.07758
0.999265 -0.0364907 -0.0117208 -315.232 0.0365662 0.999311 0.0062956 -154.478 0.011483 -0.00671956 0.999911 0.961955
0.999275 -0.0341654 -0.0168196 -328.052 0.0341163 0.999413 -0.00319461 -154.442 0.0169189 0.00261847 0.999853 0.657298
0.999388 -0.0305193 -0.017087 -333.198 0.0305363 0.999533 0.00073628 -154.395 0.0170566 -0.0012576 0.999854 0.543521
0.999499 -0.0283439 -0.0140628 -338.029 0.0283773 0.999595 0.0021817 -154.328 0.0139953 -0.00257967 0.999899 0.434647
0.999596 -0.0259842 -0.0115303 -343.965 0.0259752 0.999662 -0.000928415 -154.255 0.0115506 0.000628537 0.999933 0.307895
0.999576 -0.0245589 -0.0156588 -349.182 0.024584 0.999697 0.00141046 -154.177 0.0156195 -0.00179482 0.999876 0.177639
0.99979 -0.011279 -0.0170908 -354.691 0.0112606 0.999936 -0.00117317 -154.058 0.017103 0.000980474 0.999853 0.0766867
0.99984 0.0176699 0.00278092 -360.444 -0.0175733 0.999347 -0.0315834 -153.883 -0.00333717 0.0315294 0.999497 -0.0313809
0.998186 0.0560595 -0.0219353 -366.449 -0.0559616 0.99842 0.005051 -153.326 0.0221838 -0.00381431 0.999747 -0.226267
0.998476 0.047622 -0.0279015 -372.664 -0.0475253 0.998861 0.00412008 -152.724 0.028066 -0.00278777 0.999602 -0.448396
0.999747 0.016198 -0.0155916 -385.526 -0.0159772 0.999772 0.0141867 -151.821 0.0158179 -0.013934 0.999778 -0.884298
0.999585 0.0102826 -0.0268903 -392.226 -0.00965966 0.999684 0.0231933 -151.423 0.0271203 -0.0229239 0.999369 -1.0706
0.999654 -0.00217473 -0.0262201 -398.997 0.00259261 0.99987 0.0159139 -151.146 0.0261821 -0.0159764 0.99953 -1.29791
0.999393 -0.0207995 -0.0279416 -405.745 0.0212003 0.999675 0.0141279 -150.937 0.0276386 -0.0147117 0.99951 -1.54791
0.998872 -0.0368977 -0.0298924 -412.435 0.0376685 0.998961 0.0256473 -150.837 0.028915 -0.0267444 0.999224 -1.76413
0.998162 -0.0531191 -0.029163 -419.156 0.0535587 0.998459 0.0145024 -150.919 0.0283477 -0.0160377 0.999469 -1.95627
0.997818 -0.057193 -0.0329965 -425.863 0.0580618 0.997974 0.0260026 -150.996 0.0314425 -0.0278617 0.999117 -2.1789
0.998512 -0.0494893 -0.0228856 -432.599 0.0498349 0.998648 0.0147834 -151.103 0.0221231 -0.0159019 0.999629 -2.41584
0.998407 -0.0481248 -0.0294623 -439.296 0.0485751 0.99871 0.0147637 -151.159 0.0287138 -0.0161713 0.999457 -2.65005
0.998736 -0.042003 -0.0276093 -452.203 0.0434052 0.997687 0.0523182 -151.1 0.0253479 -0.0534505 0.998249 -2.99812
0.998772 -0.0411308 -0.0276034 -458.337 0.0424448 0.997905 0.0488365 -151.096 0.0255368 -0.0499481 0.998425 -3.23478
0.999136 -0.0266422 -0.0318839 -464.349 0.0278864 0.998841 0.0392364 -151.078 0.0308016 -0.0400917 0.998721 -3.41274
0.999531 0.0010344 -0.0305974 -470.148 0.000535691 0.998685 0.051262 -150.918 0.0306101 -0.0512544 0.998216 -3.56805
0.998772 0.0447887 -0.0211656 -475.818 -0.0434331 0.997213 0.0606685 -150.511 0.0238239 -0.0596747 0.997934 -3.83206
0.994461 0.103212 -0.0198822 -481.472 -0.102042 0.993373 0.0528837 -149.855 0.0252087 -0.0505619 0.998403 -4.08137
0.981827 0.185453 -0.0402708 -487.005 -0.182557 0.980941 0.0665386 -148.768 0.0518431 -0.0579777 0.996971 -4.29816
0.954442 0.296807 -0.0307677 -492.367 -0.295184 0.954222 0.0482331 -147.178 0.0436752 -0.0369535 0.998362 -4.53442
0.90916 0.415915 -0.0210405 -497.563 -0.414521 0.908654 0.0502115 -144.882 0.0400022 -0.0369286 0.998517 -4.84799
0.790476 0.612214 -0.0184851 -507.236 -0.610774 0.790158 0.0510354 -138.141 0.0458507 -0.029052 0.998526 -5.51931
0.73775 0.674864 -0.0168417 -511.727 -0.674103 0.737797 0.0352273 -133.94 0.0361994 -0.0146359 0.999237 -5.79678
0.704438 0.70941 -0.0224633 -515.973 -0.708749 0.70477 0.0312191 -129.413 0.0379785 -0.0060711 0.99926 -6.07991
0.682161 0.73089 -0.0213315 -520.042 -0.730163 0.682457 0.0333742 -124.762 0.0389508 -0.00719113 0.999215 -6.43014
0.675893 0.736552 -0.0256981 -523.865 -0.735761 0.676367 0.0343949 -120.233 0.042715 -0.00433956 0.999078 -6.62899
0.678241 0.734536 -0.0211079 -527.569 -0.733838 0.678537 0.0327131 -115.791 0.0383514 -0.00669756 0.999242 -6.90909
0.687464 0.725862 -0.0227612 -530.82 -0.724819 0.687747 0.0405092 -112.002 0.045058 -0.0113509 0.99892 -7.14132
0.706981 0.706782 -0.025241 -533.52 -0.705935 0.707396 0.0353197 -109.031 0.0428187 -0.00715188 0.999057 -7.32299
0.717975 0.695701 -0.0225984 -535.895 -0.694933 0.71828 0.0337935 -106.453 0.0397422 -0.00855856 0.999173 -7.45618
0.73362 0.679052 -0.0262737 -540.73 -0.678475 0.734085 0.0281251 -101.576 0.0383856 -0.00280708 0.999259 -7.76455
0.728502 0.683997 -0.0378694 -542.794 -0.68387 0.729376 0.0182413 -99.5616 0.040098 0.0126089 0.999116 -7.92374
0.703621 0.709317 -0.0422781 -544.651 -0.709946 0.704256 0.000192886 -97.5689 0.0299114 0.0298794 0.999106 -8.01259
0.68622 0.725657 -0.0502464 -546.897 -0.726474 0.687188 0.00282351 -95.0529 0.0365777 0.0345652 0.998733 -8.18199
0.662798 0.746397 -0.0599274 -549.283 -0.748019 0.663635 -0.00750064 -92.1808 0.0341715 0.0497982 0.998175 -8.27944
0.61739 0.785447 -0.0436185 -552 -0.786281 0.617861 -0.0033285 -88.6177 0.0243358 0.0363514 0.999043 -8.45461
0.495732 0.867287 -0.0454166 -554.166 -0.868346 0.495882 -0.00868287 -84.9452 0.0149908 0.0437417 0.99893 -8.57364
0.299126 0.953578 -0.0348172 -555.51 -0.954089 0.299477 0.00521094 -80.9384 0.015396 0.03166 0.99938 -8.66917
0.0471338 0.997597 -0.0507705 -555.918 -0.998871 0.04737 0.00345871 -76.9414 0.0058554 0.0505502 0.998704 -8.70891
-0.347058 0.934753 -0.0760775 -554.059 -0.937827 -0.345421 0.0341359 -68.9781 0.00562987 0.0831946 0.996517 -8.75922
-0.544042 0.835077 -0.0816329 -551.801 -0.838944 -0.54299 0.0365267 -65.3944 -0.0138232 0.0883575 0.995993 -8.7234
-0.712729 0.697003 -0.0787656 -548.701 -0.700916 -0.71203 0.0415936 -62.1659 -0.0270927 0.0848531 0.996025 -8.62009
-0.772544 0.632368 -0.0573303 -544.994 -0.634462 -0.772364 0.0302013 -59.1719 -0.0251815 0.0597057 0.997898 -8.50975
-0.766829 0.638391 -0.0665565 -540.791 -0.640977 -0.767067 0.0275105 -55.9948 -0.0334908 0.063757 0.997403 -8.38674
-0.752799 0.654711 -0.0681786 -536.344 -0.657377 -0.753091 0.0266349 -52.4794 -0.0339065 0.0648697 0.997318 -8.23917
-0.742126 0.667665 -0.0589329 -531.614 -0.669487 -0.742622 0.0173191 -48.6395 -0.0322015 0.0523077 0.998112 -8.11775
-0.744669 0.664004 -0.0675796 -526.666 -0.666296 -0.745488 0.0172149 -44.5467 -0.038949 0.0578475 0.997565 -7.95057
-0.74953 0.658923 -0.0634493 -521.406 -0.660873 -0.750359 0.0144287 -40.2642 -0.0381024 0.0527467 0.997881 -7.77392
-0.754333 0.653422 -0.0634117 -510.214 -0.655521 -0.754947 0.0186456 -31.288 -0.035689 0.0556327 0.997813 -7.34971
-0.754032 0.654797 -0.0517351 -504.257 -0.65585 -0.754877 0.00464617 -26.5935 -0.0360113 0.0374338 0.99865 -7.15752
-0.749473 0.659162 -0.0616014 -498.077 -0.660577 -0.75075 0.00355392 -21.6204 -0.0439046 0.043356 0.998094 -6.91265
-0.748636 0.659646 -0.066419 -491.636 -0.661824 -0.749486 0.0160959 -16.3707 -0.0391625 0.0560077 0.997662 -6.60937
-0.750897 0.65641 -0.0726559 -485.049 -0.658811 -0.752195 0.0130907 -11.0348 -0.0460585 0.0576963 0.997271 -6.33676
-0.743712 0.665087 -0.0674719 -478.358 -0.667047 -0.744957 0.0093321 -5.61779 -0.044057 0.0519473 0.997678 -6.0847
-0.74265 0.666534 -0.0648355 -471.582 -0.668588 -0.743482 0.0149845 -0.0127643 -0.0382163 0.0544765 0.997783 -5.76101
-0.742558 0.666362 -0.067597 -464.664 -0.668667 -0.743358 0.0174347 5.70805 -0.0386309 0.0581461 0.99756 -5.42038
-0.74213 0.666404 -0.0717613 -457.674 -0.669004 -0.743026 0.0185701 11.4858 -0.0409453 0.0617901 0.997249 -5.14397
-0.745226 0.662702 -0.0739228 -443.528 -0.665609 -0.745954 0.0227712 23.1568 -0.0400524 0.0661733 0.997004 -4.49502
-0.747232 0.661872 -0.059744 -436.694 -0.664049 -0.747166 0.0279606 28.7609 -0.0261323 0.060566 0.997822 -4.14408
-0.744938 0.66318 -0.0725173 -430.151 -0.666053 -0.745509 0.0242947 34.1267 -0.0379505 0.0663984 0.997071 -3.85111
-0.746076 0.661196 -0.0786803 -423.86 -0.664139 -0.747426 0.0165519 39.2655 -0.0478637 0.0646036 0.996762 -3.53535
-0.745547 0.6618 -0.0786095 -417.801 -0.664713 -0.746928 0.0160008 44.1579 -0.0481262 0.0641821 0.996777 -3.25274
-0.747751 0.659132 -0.0800873 -412.117 -0.662487 -0.748705 0.023474 48.8126 -0.0444893 0.0706095 0.996511 -2.91983
-0.752479 0.653979 -0.0780167 -406.704 -0.657178 -0.753373 0.0233667 53.128 -0.0434944 0.0688538 0.996678 -2.6609
-0.757519 0.647443 -0.0835627 -401.754 -0.650907 -0.758868 0.020945 57.07 -0.0498524 0.0702578 0.996282 -2.40928
-0.762356 0.641728 -0.0836618 -397.347 -0.645255 -0.763643 0.0222693 60.5226 -0.0495969 0.0709603 0.996245 -2.11893
-0.764856 0.639294 -0.0793646 -389.654 -0.642388 -0.76613 0.0195522 66.3881 -0.048304 0.0659375 0.996654 -1.71732
-0.761316 0.643932 -0.0758302 -386.733 -0.646641 -0.762625 0.0160728 68.6571 -0.0474803 0.0612714 0.996991 -1.50479
-0.760522 0.644852 -0.0759764 -386.111 -0.647565 -0.761843 0.0159466 69.1385 -0.0475989 0.0613274 0.996982 -1.48204
-0.760142 0.645183 -0.0769677 -385.969 -0.647953 -0.761516 0.0158351 69.2501 -0.0483956 0.0619084 0.996908 -1.4668
-0.760165 0.64503 -0.0780103 -385.973 -0.647845 -0.761616 0.0154305 69.2492 -0.0494607 0.0622683 0.996833 -1.48047
-0.760169 0.645058 -0.0777334 -385.971 -0.647867 -0.761592 0.0156588 69.2486 -0.0491003 0.0622642 0.996851 -1.47432
-0.760133 0.64508 -0.0779097 -385.97 -0.647923 -0.761536 0.0161141 69.2419 -0.0489361 0.0627284 0.99683 -1.4668
-0.760285 0.64495 -0.0774938 -385.971 -0.647741 -0.761701 0.0155894 69.2467 -0.0489727 0.0620483 0.996871 -1.47599
-0.760149 0.645011 -0.0783167 -385.971 -0.647838 -0.761624 0.0152916 69.2467 -0.0497846 0.0623604 0.996811 -1.46771
-0.760157 0.644999 -0.0783352 -385.974 -0.647868 -0.761582 0.0161096 69.2547 -0.049268 0.0629967 0.996797 -1.4833
-0.760244 0.644949 -0.0779145 -385.965 -0.647793 -0.761644 0.0161655 69.2558 -0.0489172 0.0627622 0.996829 -1.49146
-0.760188 0.644989 -0.0781177 -385.961 -0.647842 -0.761605 0.0160697 69.2598 -0.0491301 0.062824 0.996815 -1.48154
-0.760201 0.644943 -0.0783773 -385.969 -0.647817 -0.761625 0.0161556 69.2579 -0.0492746 0.0630556 0.996793 -1.49091
-0.760145 0.644973 -0.0786741 -385.96 -0.647847 -0.761607 0.0157719 69.2578 -0.0497464 0.0629577 0.996776 -1.47904
-0.76011 0.64509 -0.0780447 -385.957 -0.647937 -0.761526 0.016023 69.2575 -0.0490968 0.0627473 0.996821 -1.48645
-0.760226 0.644953 -0.078045 -385.962 -0.647797 -0.761646 0.0159704 69.2569 -0.0491425 0.0626984 0.996822 -1.48385
-0.760089 0.644947 -0.0794299 -385.954 -0.647828 -0.761639 0.0149879 69.2431 -0.0508305 0.0628491 0.996728 -1.46823
-0.759584 0.645199 -0.0821559 -385.675 -0.648186 -0.761359 0.0136784 69.4613 -0.0537249 0.0636422 0.996526 -1.46855
-0.752978 0.652927 -0.0819242 -382.892 -0.655845 -0.754795 0.0123436 71.6888 -0.0537765 0.063024 0.996562 -1.30589
-0.749587 0.657207 -0.0787271 -381.569 -0.66005 -0.75108 0.0146045 72.7459 -0.0495322 0.0629112 0.996789 -1.19136
-0.747983 0.658693 -0.0815136 -380.848 -0.661608 -0.749745 0.0125058 73.3316 -0.052877 0.0632842 0.996594 -1.15084
-0.746084 0.660731 -0.0824194 -380.02 -0.663584 -0.748032 0.0102126 73.9885 -0.0549046 0.0623117 0.996545 -1.11151
-0.742419 0.664367 -0.0861946 -378.732 -0.667427 -0.744615 0.00943333 75.0794 -0.0579146 0.0645321 0.996234 -1.05366
-0.740578 0.665991 -0.0894462 -376.772 -0.669354 -0.742865 0.0108095 76.7214 -0.0592474 0.0678764 0.995933 -0.920573
-0.741353 0.6651 -0.089653 -373.21 -0.668568 -0.743548 0.0123923 79.6856 -0.0584192 0.0691262 0.995896 -0.65064
-0.752871 0.650935 -0.0973086 -369.875 -0.654525 -0.75601 0.00677725 82.3346 -0.0691547 0.0687933 0.995231 -0.435648
-0.771931 0.627069 -0.10444 -366.008 -0.632377 -0.774247 0.0253267 85.3885 -0.0649806 0.0855958 0.994209 -0.0822277
-0.797484 0.594951 -0.100262 -356.564 -0.600096 -0.799377 0.0296868 92.1684 -0.0624847 0.0838413 0.994518 0.495185
-0.809175 0.579392 -0.0976771 -351.136 -0.584667 -0.810475 0.0359867 95.8206 -0.0583144 0.0862281 0.994567 0.847059
-0.818609 0.56555 -0.100158 -345.228 -0.571047 -0.820106 0.0364761 99.6264 -0.0615109 0.0870545 0.994303 1.20536
-0.820258 0.562849 -0.101868 -338.959 -0.568311 -0.822124 0.0336726 103.611 -0.0647957 0.0855131 0.994228 1.65862
-0.822656 0.559417 -0.101435 -331.481 -0.564653 -0.824749 0.0309263 108.274 -0.066358 0.0827175 0.994361 2.18563
-0.827628 0.553326 -0.0941427 -324.478 -0.557699 -0.829611 0.0267922 112.603 -0.063277 0.0746773 0.995198 2.6825
-0.82796 0.55248 -0.0961695 -317.191 -0.557324 -0.829687 0.0317829 117.077 -0.0622312 0.0799125 0.994857 3.20341
-0.828489 0.550545 -0.102503 -309.62 -0.555084 -0.831548 0.0202548 121.702 -0.0740848 0.0736786 0.994527 3.64056
-0.834827 0.542932 -0.0910428 -301.836 -0.547106 -0.836606 0.0276684 126.423 -0.0611449 0.0729084 0.995463 4.28615
-0.827974 0.551076 -0.103798 -285.971 -0.556935 -0.829708 0.0375321 135.968 -0.0654389 0.0888843 0.99389 5.43234
-0.822721 0.559182 -0.102206 -278.099 -0.565067 -0.824076 0.0399585 140.853 -0.0618818 0.0906282 0.99396 5.99514
-0.825621 0.555711 -0.097646 -270.192 -0.559877 -0.82834 0.0197516 145.703 -0.0699079 0.0709771 0.995025 6.54875
-0.832013 0.545467 -0.101095 -262.189 -0.550163 -0.834709 0.0240975 150.615 -0.0712405 0.0756681 0.994585 7.17746
-0.833182 0.544799 -0.0948732 -254.1 -0.549433 -0.834987 0.0303384 155.499 -0.0626896 0.0774039 0.995027 7.79042
-0.832995 0.544249 -0.0995668 -245.874 -0.548449 -0.835971 0.0188779 160.399 -0.0729607 0.0703325 0.994852 8.32871
-0.835748 0.540816 -0.095093 -237.534 -0.545061 -0.838046 0.0242326 165.359 -0.066587 0.0720838 0.995173 8.93746
-0.834112 0.543855 -0.0920803 -229.124 -0.547417 -0.836686 0.0170507 170.339 -0.0677692 0.0646285 0.995606 9.59416
-0.8342 0.543694 -0.0922408 -220.563 -0.547202 -0.836845 0.0161321 175.451 -0.0684203 0.0639317 0.995606 10.2638
-0.8376 0.537819 -0.0957996 -203.065 -0.541501 -0.840556 0.015598 185.765 -0.072136 0.0649404 0.995278 11.5674
-0.83837 0.536777 -0.0949034 -194.087 -0.5403 -0.841352 0.0142488 191.071 -0.0721988 0.063222 0.995385 12.2622
-0.835259 0.542128 -0.0918612 -185.051 -0.545709 -0.83779 0.0176201 196.386 -0.067408 0.0648468 0.995616 12.9186
-0.830001 0.549665 -0.0946872 -175.967 -0.553659 -0.832489 0.0205686 201.822 -0.0675202 0.0694964 0.995295 13.5942
-0.827736 0.553004 -0.0950797 -166.775 -0.557093 -0.830174 0.0214178 207.406 -0.0670886 0.0706966 0.995239 14.2426
-0.828005 0.552616 -0.0949888 -157.552 -0.556738 -0.830396 0.0220262 213.051 -0.0667063 0.0711217 0.995235 14.9288
-0.829052 0.550583 -0.0976265 -148.242 -0.554848 -0.831676 0.0214215 218.735 -0.0693993 0.0719275 0.994993 15.6172
-0.834097 0.543014 -0.0970459 -138.896 -0.547675 -0.836215 0.0282127 224.388 -0.0658314 0.0766817 0.99488 16.2995
-0.841451 0.530975 -0.10013 -127.33 -0.53633 -0.843268 0.0353601 231.193 -0.0656614 0.0834567 0.994346 17.1126
-0.841045 0.532938 -0.0928442 -108.374 -0.537579 -0.842552 0.0333888 242.152 -0.0604319 0.0779926 0.995121 18.529
-0.841372 0.53169 -0.0969512 -99.1232 -0.536371 -0.843482 0.0290543 247.508 -0.0663288 0.0764473 0.994865 19.202
-0.847818 0.521208 -0.0977056 -90.0809 -0.526199 -0.849713 0.0332067 252.688 -0.0657141 0.0795658 0.994661 19.8578
-0.861643 0.497833 -0.0986579 -81.4553 -0.502539 -0.864073 0.0288345 257.402 -0.0708929 0.0744245 0.994704 20.5256
-0.880494 0.46371 -0.0985087 -73.1911 -0.468271 -0.88313 0.0283556 261.566 -0.0738472 0.0710957 0.994732 21.2052
-0.896887 0.430303 -0.102146 -65.592 -0.435314 -0.899705 0.0321247 264.999 -0.0780779 0.0732777 0.994251 21.8416
-0.912937 0.395433 -0.100892 -58.8809 -0.399737 -0.916264 0.0258983 267.701 -0.0822026 0.0639737 0.99456 22.4356
-0.918084 0.382256 -0.104891 -53.3383 -0.386536 -0.921981 0.0232565 269.778 -0.0878172 0.0618954 0.994212 22.9059
-0.920635 0.375521 -0.106841 -48.984 -0.380249 -0.924483 0.0272184 271.371 -0.0885512 0.0656842 0.993904 23.3117
-0.923774 0.36672 -0.110265 -43.7655 -0.372148 -0.927595 0.0327655 273.261 -0.0902656 0.0713028 0.993362 23.8084
-0.924658 0.365127 -0.108117 -42.4452 -0.370406 -0.928287 0.0328912 273.724 -0.0883544 0.0704604 0.993594 23.9313
-0.924934 0.363889 -0.10992 -41.7809 -0.369319 -0.92871 0.0331928 273.965 -0.0900053 0.0712967 0.993386 23.9952
-0.924953 0.363517 -0.110983 -41.6332 -0.368914 -0.928912 0.0320121 274.006 -0.0914561 0.0705528 0.993307 24.007
-0.924891 0.363616 -0.111178 -41.6346 -0.368994 -0.928893 0.0316411 274.01 -0.0917669 0.0702883 0.993297 24.0041
-0.924863 0.36368 -0.111202 -41.6404 -0.369104 -0.928833 0.0321314 274.004 -0.0916021 0.0707621 0.993278 23.9925
-0.924887 0.363619 -0.111203 -41.6349 -0.369016 -0.928877 0.0318404 274.01 -0.0917166 0.0704846 0.993287 24.0021
-0.924958 0.363442 -0.111189 -41.6356 -0.368864 -0.928928 0.0321258 274.011 -0.0916109 0.0707286 0.99328 23.9979
-0.924851 0.363655 -0.111379 -41.6318 -0.369088 -0.92884 0.0320853 274.014 -0.0917851 0.0707827 0.99326 23.9963
-0.924909 0.363483 -0.111464 -41.6358 -0.368898 -0.928924 0.0318444 274.007 -0.0919663 0.0705719 0.993258 23.9868
-0.924937 0.3634 -0.111497 -41.6291 -0.36885 -0.928931 0.0321931 274.011 -0.0918743 0.0709023 0.993243 23.9944
-0.924798 0.363799 -0.11135 -41.6343 -0.369207 -0.928802 0.0318252 274.012 -0.0918438 0.0705428 0.993272 23.994
-0.924878 0.363624 -0.111258 -41.6423 -0.369038 -0.928864 0.0319834 274.004 -0.0917133 0.0706391 0.993277 23.9967
-0.924868 0.36354 -0.111614 -41.6343 -0.368967 -0.928896 0.0318524 274.015 -0.0920985 0.0706412 0.993241 23.9933
-0.924897 0.363446 -0.111682 -41.6307 -0.368879 -0.928931 0.0318704 274.013 -0.0921613 0.0706738 0.993233 23.9913
-0.924831 0.363627 -0.111637 -41.6356 -0.369084 -0.928839 0.0321556 274.014 -0.092 0.0709419 0.993229 23.9914
-0.924883 0.363512 -0.11158 -41.6285 -0.368961 -0.92889 0.0321158 274.02 -0.0919714 0.0708722 0.993236 23.9879
-0.924849 0.363616 -0.111525 -41.6335 -0.369027 -0.928876 0.0317478 274.016 -0.0920491 0.0705177 0.993254 23.9928
-0.924813 0.363622 -0.111805 -41.6306 -0.369046 -0.928872 0.0316618 274.018 -0.0923398 0.0705425 0.993226 23.9914
-0.924879 0.363546 -0.111502 -41.6339 -0.368973 -0.928891 0.0319409 274.012 -0.0919617 0.0706829 0.993251 23.9931
-0.92488 0.363553 -0.111474 -41.6347 -0.368975 -0.928892 0.0319029 274.019 -0.0919487 0.0706373 0.993255 23.997
-0.924806 0.363618 -0.111878 -41.634 -0.369096 -0.928834 0.0321898 274.008 -0.0922114 0.0710631 0.9932 23.9883
-0.924945 0.363414 -0.111385 -41.6325 -0.368871 -0.928917 0.0323545 274.017 -0.091709 0.0710128 0.993251 23.9934
-0.924805 0.363714 -0.111569 -41.6421 -0.369158 -0.928813 0.0320654 274.015 -0.0919637 0.0708407 0.993239 23.987
-0.92486 0.363687 -0.111202 -41.6362 -0.369072 -0.92886 0.0317035 274.019 -0.0917609 0.0703628 0.993292 23.9929
-0.925005 0.363408 -0.110905 -41.6372 -0.368782 -0.928971 0.0318322 274.009 -0.0914593 0.0703447 0.993321 23.9836
-0.924851 0.363575 -0.111637 -41.6405 -0.369015 -0.928874 0.0319657 274.013 -0.0920747 0.0707593 0.993235 23.9862
-0.924864 0.363576 -0.111534 -41.6339 -0.369027 -0.928862 0.032166 274.008 -0.0919051 0.0709082 0.99324 23.9902
-0.924897 0.363492 -0.111528 -41.6315 -0.368931 -0.928904 0.0320488 274.013 -0.0919494 0.070788 0.993244 23.9805
-0.924797 0.363552 -0.112161 -41.629 -0.369103 -0.928811 0.0327642 274.02 -0.092265 0.0716992 0.99315 23.9826
-0.924854 0.363585 -0.111583 -41.6328 -0.369007 -0.928882 0.0318201 274.013 -0.0920776 0.0706037 0.993246 23.9872
-0.924834 0.363595 -0.111715 -41.6355 -0.369047 -0.928859 0.0320299 274.013 -0.0921219 0.0708505 0.993224 23.9781
-0.924817 0.363713 -0.111475 -41.6314 -0.369166 -0.928804 0.0322285 274.008 -0.0918167 0.0709583 0.993244 23.9803
-0.924866 0.363572 -0.111528 -41.6397 -0.369035 -0.928854 0.0323024 274.013 -0.0918488 0.071033 0.993236 23.9822
-0.924834 0.363645 -0.111555 -41.6353 -0.369104 -0.928829 0.0322296 274.005 -0.091895 0.0709822 0.993236 23.9875
-0.924819 0.363727 -0.111409 -41.6375 -0.36915 -0.928821 0.0319452 274.006 -0.0918595 0.0706701 0.993261 23.9801
-0.924775 0.363784 -0.111593 -41.6389 -0.369217 -0.928795 0.0319216 274.016 -0.0920346 0.0707224 0.993241 23.9924
-0.924772 0.363744 -0.111743 -41.6227 -0.369199 -0.928798 0.0320473 274.015 -0.0921298 0.0708919 0.99322 23.9934
-0.924858 0.36357 -0.111601 -41.6349 -0.369035 -0.928855 0.0322713 274.003 -0.091928 0.071031 0.993229 23.979
-0.924813 0.36367 -0.111646 -41.6321 -0.369137 -0.928815 0.0322477 274.006 -0.091971 0.0710358 0.993225 23.978
-0.924783 0.363751 -0.11163 -41.6347 -0.369226 -0.928776 0.0323458 274.008 -0.0919136 0.0711297 0.993223 23.9853
-0.924769 0.363727 -0.111823 -41.6279 -0.36918 -0.928809 0.0319546 274.011 -0.0922396 0.0708335 0.993214 23.9866
-0.924801 0.363697 -0.111661 -41.628 -0.369151 -0.928815 0.032099 274.012 -0.0920378 0.0709049 0.993228 23.991
-0.924761 0.363779 -0.111723 -41.6296 -0.369185 -0.928821 0.031528 274.014 -0.0923012 0.0704023 0.993239 23.9895
-0.924781 0.363567 -0.112249 -41.6229 -0.369066 -0.928847 0.0321357 274.009 -0.0925785 0.0711456 0.99316 23.9885
-0.924781 0.363771 -0.111583 -41.6345 -0.369199 -0.928803 0.0318804 274.015 -0.092041 0.0706786 0.993244 23.9907
-0.924779 0.36375 -0.111666 -41.6273 -0.369186 -0.928808 0.0318972 274.016 -0.0921133 0.0707233 0.993234 23.9911
-0.924723 0.363662 -0.112417 -41.5553 -0.369123 -0.928844 0.0315829 274.047 -0.0929327 0.0707012 0.993159 24.0055
-0.92472 0.362975 -0.114639 -41.2008 -0.368726 -0.928953 0.0329902 274.176 -0.0945193 0.0727769 0.992859 24.0449
-0.923289 0.365129 -0.11924 -40.2343 -0.370904 -0.928197 0.0296874 274.508 -0.0998382 0.0716366 0.992422 24.1252
-0.921875 0.369231 -0.117532 -38.1139 -0.374924 -0.926574 0.0298866 275.277 -0.0978667 0.0716172 0.992619 24.3446
-0.919716 0.37719 -0.10886 -35.2047 -0.381886 -0.923863 0.025304 276.3 -0.0910269 0.0648444 0.993735 24.5505
-0.916681 0.388155 -0.0950353 -31.6153 -0.390849 -0.920391 0.0108392 277.609 -0.0832624 0.0470806 0.995415 24.8541
-0.916104 0.387235 -0.103934 -27.6702 -0.390558 -0.920487 0.0129664 279.104 -0.0906487 0.0524707 0.9945 25.1929
-0.97776 0.180449 -0.106882 -19.2224 -0.182756 -0.983084 0.0121168 281.549 -0.102887 0.0313806 0.994198 25.9851
-0.995684 -0.0102412 -0.0922405 -14.8648 0.00761654 -0.999557 0.0287619 281.659 -0.0924943 0.0279352 0.995321 26.4429
-0.970486 -0.218296 -0.102484 -10.633 0.216962 -0.975882 0.0241253 280.894 -0.105278 0.00117828 0.994442 26.7723
-0.878972 -0.467965 -0.0917463 -6.49355 0.467779 -0.883496 0.0248628 279.107 -0.0926924 -0.0210633 0.995472 27.2228
-0.691315 -0.715973 -0.097296 -2.79452 0.717965 -0.69582 0.0189872 275.879 -0.0812948 -0.056729 0.995074 27.5982
-0.536045 -0.838834 -0.0949421 0.164791 0.841198 -0.540216 0.0235033 271.397 -0.0710046 -0.0672663 0.995205 27.9742
-0.44692 -0.891459 -0.0745847 2.78083 0.892453 -0.450046 0.0314099 265.954 -0.0615672 -0.0525256 0.99672 28.2179
-0.466964 -0.880827 -0.0780319 5.55364 0.880762 -0.471153 0.0476793 259.935 -0.0787622 -0.046463 0.99581 28.7029
-0.429121 -0.900294 -0.0729847 8.44149 0.900217 -0.432896 0.0470188 253.588 -0.0739255 -0.0455254 0.996224 29.1777
-0.448226 -0.890291 -0.0804737 13.9125 0.890173 -0.452769 0.0509192 240.577 -0.0817688 -0.0488123 0.995455 30.0804
-0.500221 -0.861547 -0.0866903 17.3098 0.861622 -0.505188 0.0489252 233.602 -0.0859463 -0.0502208 0.995033 30.6283
-0.535512 -0.841226 -0.0746011 21.4768 0.839845 -0.53975 0.0577029 226.311 -0.0888072 -0.0317527 0.995543 31.2968
-0.522061 -0.847775 -0.0934308 25.9561 0.847733 -0.527819 0.0524843 218.384 -0.0938095 -0.0518044 0.994241 32.0268
-0.505437 -0.857073 -0.0997996 30.6698 0.85786 -0.511571 0.0486915 209.769 -0.0927867 -0.0610036 0.993815 32.8457
-0.484531 -0.86917 -0.0988589 35.4335 0.869897 -0.49066 0.0503273 200.58 -0.0922491 -0.0616119 0.993828 33.6464
-0.473353 -0.875894 -0.0935288 40.0229 0.874811 -0.479873 0.0665364 191.331 -0.103161 -0.0503249 0.993391 34.5578
-0.479557 -0.871962 -0.0985312 44.4256 0.870144 -0.487043 0.075096 182.361 -0.11347 -0.0497236 0.992296 35.4685
-0.501882 -0.858655 -0.10405 48.7442 0.856593 -0.5101 0.0777623 173.997 -0.119847 -0.0501006 0.991527 36.5406
-0.545347 -0.830829 -0.110997 57.1756 0.826618 -0.555016 0.0930608 159.103 -0.138923 -0.0410019 0.989454 38.6823
