0.999997 -0.0023232 0.000272058 -0.0475948 0.00232277 0.999996 0.00154781 -0.0158302 -0.000275653 -0.00154718 0.999999 0.0022393
0.999998 -0.001964 -3.01202e-06 -0.0424714 0.00196401 0.999995 0.00234619 -0.0239466 -1.59592e-06 -0.00234619 0.999997 -0.0136847
0.999998 -0.00212804 -0.000151785 -0.033954 0.0021282 0.999997 0.00106993 -0.0105355 0.000149508 -0.00107026 0.999999 0.0122831
0.999997 -0.00242725 0.000365647 -0.0424872 0.00242683 0.999996 0.00113049 -0.0181633 -0.000368389 -0.0011296 0.999999 -0.00230775
0.999997 -0.00250809 8.19599e-05 -0.0427278 0.00250797 0.999996 0.00145906 -0.0172942 -8.5619e-05 -0.00145885 0.999999 -0.00416231
0.999997 -0.00241151 0.000209181 -0.0436488 0.0024111 0.999995 0.00197974 -0.0111203 -0.000213954 -0.00197923 0.999998 0.00765984
0.999996 -0.00269571 -0.000373276 -0.041438 0.00269611 0.999996 0.00108209 -0.0172159 0.000370357 -0.0010831 0.999999 0.00203606
0.999997 -0.00233808 0.000137003 -0.0451229 0.00233778 0.999995 0.00215116 -0.0128706 -0.000142032 -0.00215084 0.999998 -0.0027134
0.999997 -0.00246826 1.27236e-05 -0.0377955 0.00246824 0.999996 0.00117842 -0.013068 -1.56322e-05 -0.00117838 0.999999 0.00157969
0.999997 -0.00258675 0.000292865 -0.0422725 0.00258621 0.999995 0.00182429 -0.0194958 -0.000297583 -0.00182353 0.999998 0.00899437
0.999996 -0.0027031 -0.000317963 -0.0457426 0.00270354 0.999995 0.00139108 -0.0249629 0.000314201 -0.00139194 0.999999 0.000927827
0.999997 -0.00241485 0.000271408 -0.0421565 0.00241445 0.999996 0.00147048 -0.0189462 -0.000274958 -0.00146982 0.999999 0.0022956
0.999996 -0.00258317 -0.000654848 -0.0416023 0.00258432 0.999995 0.00175372 -0.0258537 0.000650315 -0.0017554 0.999998 0.00304393
0.999997 -0.00246921 0.00035158 -0.0439571 0.00246854 0.999995 0.00188485 -0.0223738 -0.000356232 -0.00188397 0.999998 0.000722861
0.999998 -0.00210539 8.62201e-05 -0.0354147 0.00210523 0.999996 0.0017542 -0.019288 -8.9913e-05 -0.00175401 0.999998 -0.0116546
0.999998 -0.00200787 -1.70151e-05 -0.0533162 0.00200789 0.999997 0.00127545 -0.0172964 1.44541e-05 -0.00127548 0.999999 0.00670906
0.999997 -0.00224438 7.16766e-05 -0.0434132 0.0022443 0.999997 0.00120321 -0.0170992 -7.43768e-05 -0.00120305 0.999999 0.00313277
0.999997 -0.00226751 0.000802906 -0.0395629 0.00226652 0.999997 0.00123516 -0.0193586 -0.000805704 -0.00123334 0.999999 -0.00311936
0.999997 -0.00222483 0.000132887 -0.0279322 0.00222461 0.999996 0.00166598 -0.0223974 -0.000136593 -0.00166568 0.999999 0.00397296
0.999997 -0.00216904 0.000626175 -0.0402947 0.00216815 0.999997 0.00141779 -0.014426 -0.000629248 -0.00141643 0.999999 0.00119552
0.999998 -0.00190297 0.000221403 -0.0361263 0.00190256 0.999997 0.00184313 -0.0169233 -0.00022491 -0.0018427 0.999998 0.00704612
0.999996 -0.00262561 0.000464352 -0.0464241 0.00262503 0.999996 0.001259 -0.0180002 -0.000467656 -0.00125778 0.999999 -0.00589042
0.999998 -0.00193873 8.66252e-07 -0.0415383 0.00193873 0.999996 0.00209299 -0.0137038 -4.92399e-06 -0.00209298 0.999998 -0.00165654
0.999998 -0.00193158 0.000198038 -0.0397228 0.00193111 0.999995 0.00232688 -0.0200242 -0.000202532 -0.00232649 0.999997 -0.00831347
0.999997 -0.0024077 2.51849e-05 -0.046777 0.00240766 0.999996 0.00152651 -0.0162369 -2.88602e-05 -0.00152644 0.999999 -0.000336413
0.999997 -0.00222984 0.000254544 -0.0471546 0.00222942 0.999996 0.00162402 -0.0159015 -0.000258164 -0.00162345 0.999999 -3.56826e-05
0.999997 -0.0025188 0.000147669 -0.0413026 0.00251851 0.999995 0.00194398 -0.0201362 -0.000152564 -0.0019436 0.999998 0.00167548
0.999997 -0.00229087 0.000584992 -0.0381273 0.00229014 0.999997 0.00124613 -0.0118821 -0.000587845 -0.00124478 0.999999 -0.000410166
0.999997 -0.00215211 0.000718744 -0.0383234 0.00215081 0.999996 0.0018138 -0.0162444 -0.000722645 -0.00181225 0.999998 0.0026825
0.999997 -0.00211444 0.000751106 -0.0390468 0.00211285 0.999995 0.00212017 -0.018778 -0.000755585 -0.00211857 0.999997 -0.00478522
0.999998 -0.00209823 0.000182303 -0.0306016 0.00209798 0.999997 0.00139991 -0.0137906 -0.00018524 -0.00139952 0.999999 0.00250344
0.999998 -0.00189963 0.000487479 -0.0337006 0.00189892 0.999997 0.00145927 -0.0174367 -0.000490249 -0.00145834 0.999999 0.00129186
0.999997 -0.00205031 0.00163737 -0.0469066 0.00204691 0.999996 0.00207725 -0.0220788 -0.00164162 -0.00207389 0.999996 0.00266946
0.999996 -0.00163498 0.00209656 -0.248279 0.00163157 0.999997 0.00162735 0.00608225 -0.00209922 -0.00162393 0.999996 0.0056581
0.999995 -0.000160542 0.00302782 -0.858717 0.000153676 0.999997 0.00226774 0.029987 -0.00302818 -0.00226726 0.999993 -0.0172365
0.999991 -0.00398537 0.00112276 -2.09177 0.00398731 0.999991 -0.00173127 0.0724929 -0.00111585 0.00173573 0.999998 -0.0259136
0.999864 -0.0161167 0.00342813 -3.69243 0.0161004 0.999859 0.00472127 0.151014 -0.00350374 -0.00466543 0.999983 -0.0558209
0.999352 -0.0359819 6.35068e-05 -5.68051 0.0359807 0.999331 0.00650345 0.186354 -0.000297471 -0.00649695 0.999979 -0.0601915
0.996736 -0.0806512 0.00359454 -7.63676 0.0805873 0.99663 0.0153288 0.176328 -0.00481871 -0.0149891 0.999876 -0.0603237
0.981829 -0.189689 0.00542677 -9.4282 0.189619 0.981792 0.0113649 -0.0184601 -0.00748376 -0.0101294 0.999921 -0.0684502
0.923561 -0.383436 -0.0035502 -11.1988 0.383433 0.923379 0.0187405 -0.529818 -0.00390763 -0.0186693 0.999818 -0.0762252
0.771209 -0.63656 -0.00527609 -12.7783 0.636517 0.770985 0.0207031 -1.56403 -0.00911099 -0.0193248 0.999772 -0.0858976
0.521459 -0.853128 -0.0159106 -13.9477 0.853198 0.521068 0.0232776 -3.10779 -0.0115683 -0.0257132 0.999602 -0.0321184
0.264664 -0.96431 -0.00773056 -14.5203 0.964128 0.264428 0.0231488 -5.03358 -0.0202784 -0.0135799 0.999702 -0.0376725
0.123776 -0.992307 0.00267878 -14.8391 0.991847 0.1238 0.0302098 -7.13358 -0.030309 -0.00108229 0.99954 0.000260357
0.0611285 -0.998129 -0.000981958 -15.1084 0.997702 0.0610734 0.0293557 -9.50069 -0.0292409 -0.00277417 0.999568 0.0345754
0.020358 -0.999793 0.000383051 -15.2939 0.99933 0.0203603 0.0304227 -12.1952 -0.0304242 -0.000236551 0.999537 0.0754576
-0.00890822 -0.999946 0.00535977 -15.3982 0.999502 -0.00874168 0.0303324 -15.1805 -0.0302839 0.00562731 0.999525 0.11358
-0.0324167 -0.999456 0.00614297 -15.4464 0.998905 -0.0321902 0.0339431 -18.3865 -0.0337269 0.00723656 0.999405 0.203479
-0.0386317 -0.999211 0.00922253 -15.4209 0.998588 -0.0382675 0.0368483 -21.7918 -0.0364663 0.010633 0.999278 0.310867
-0.0318448 -0.999479 0.00532401 -15.4613 0.999064 -0.0316746 0.0294673 -25.4252 -0.0292833 0.00625741 0.999552 0.396901
-0.028738 -0.999586 -0.00127831 -15.5034 0.999162 -0.0287631 0.0291346 -29.2975 -0.0291593 -0.00043997 0.999575 0.486954
-0.0236057 -0.999721 0.000307171 -15.5604 0.999399 -0.0235903 0.0253914 -33.4361 -0.0253771 0.000906368 0.999678 0.602524
-0.0196398 -0.999763 0.00936605 -15.6413 0.999383 -0.0193578 0.0293104 -37.7393 -0.0291221 0.00993592 0.999526 0.614636
-0.0170052 -0.999606 0.0223379 -15.7291 0.999393 -0.0163136 0.0307877 -42.2652 -0.0304112 0.0228479 0.999276 0.753383
-0.00699688 -0.999889 0.0131507 -15.8992 0.999412 -0.006551 0.0336475 -46.9718 -0.0335576 0.0133784 0.999347 0.85656
-0.0118453 -0.999913 0.00588572 -16.0649 0.999483 -0.0116639 0.0299546 -51.7496 -0.0298833 0.0062375 0.999534 0.972132
-0.00786184 -0.999968 -0.00136534 -16.2317 0.999369 -0.00790442 0.0346368 -56.421 -0.0346465 -0.00109216 0.999399 1.08447
-0.0062243 -0.99996 0.0063368 -16.3967 0.999552 -0.00603593 0.0293237 -60.9364 -0.0292843 0.00651648 0.99955 1.18355
-0.0108828 -0.999907 0.00825029 -16.5405 0.999492 -0.0106304 0.0300487 -65.3231 -0.0299582 0.00857312 0.999514 1.28059
-0.00027329 -0.999952 0.00983547 -16.6199 0.999761 -5.82325e-05 0.0218591 -69.5263 -0.0218575 0.0098391 0.999713 1.34004
0.0594086 -0.998201 0.0080579 -16.9381 0.99778 0.059623 0.029657 -73.6583 -0.0300841 0.00627813 0.999528 1.48436
0.11516 -0.99324 0.0145565 -17.5754 0.992652 0.115615 0.0357167 -78.0798 -0.0371583 0.0103364 0.999256 1.58928
0.136189 -0.990601 0.0127321 -18.4368 0.990245 0.1365 0.0279915 -82.78 -0.0294663 0.00879573 0.999527 1.69903
0.125026 -0.992142 0.00486125 -19.3337 0.991786 0.125112 0.0266023 -87.7266 -0.0270014 0.00149534 0.999634 1.79384
0.0856401 -0.996326 -0.00107041 -20.1014 0.995961 0.0855795 0.0271746 -92.9338 -0.0269831 -0.00339332 0.99963 1.92966
0.0479921 -0.998847 -0.00123945 -20.6572 0.998364 0.0479303 0.0311676 -98.3819 -0.0310722 -0.00273322 0.999513 2.04466
0.0249521 -0.999682 -0.00353684 -21.0933 0.999136 0.0248206 0.0333237 -104.077 -0.0332254 -0.00436529 0.999438 2.18859
0.00716306 -0.999962 -0.00500501 -21.4028 0.999571 0.00701785 0.0284512 -109.889 -0.028415 -0.00520666 0.999583 2.32465
-0.00628879 -0.999978 -0.00189295 -21.6124 0.999434 -0.00634791 0.0330396 -115.665 -0.0330509 -0.0016841 0.999452 2.46895
-0.0106441 -0.999927 0.00571358 -21.7884 0.999483 -0.0104658 0.0303917 -121.276 -0.0303297 0.00603412 0.999522 2.58149
-0.0119803 -0.999821 0.0146774 -21.9645 0.999602 -0.0116001 0.0257252 -126.494 -0.0255503 0.0149797 0.999561 2.68504
-0.017156 -0.999853 0.000630705 -22.0966 0.99948 -0.0171323 0.0273195 -131.028 -0.0273047 0.00109907 0.999627 2.86299
-0.021467 -0.999677 0.013582 -22.1914 0.999435 -0.0211063 0.026164 -134.832 -0.0258689 0.014136 0.999565 2.93693
-0.0198689 -0.99964 0.0180231 -22.2266 0.999473 -0.0193961 0.0260397 -137.728 -0.0256808 0.018531 0.999498 2.9988
-0.0196384 -0.999577 0.0214567 -22.2849 0.999448 -0.0190517 0.0272177 -139.437 -0.0267974 0.0219793 0.999399 3.03668
-0.0193576 -0.999579 0.0216023 -22.2873 0.999405 -0.0187281 0.0289717 -140.197 -0.028555 0.0221503 0.999347 3.04432
-0.0195922 -0.999574 0.0216259 -22.2724 0.999337 -0.0189148 0.031097 -140.261 -0.0306747 0.0222208 0.999282 3.04997
-0.0195725 -0.999559 0.0223279 -22.2745 0.999331 -0.0188681 0.0313352 -140.256 -0.0309001 0.0229262 0.999259 3.04643
-0.0193754 -0.999561 0.0224258 -22.2791 0.999342 -0.0186733 0.0311026 -140.268 -0.0306702 0.0230137 0.999265 3.0486
-0.01946 -0.999559 0.0224511 -22.2832 0.999332 -0.0187507 0.0313797 -140.261 -0.0309448 0.0230467 0.999255 3.0444
-0.019214 -0.999557 0.0227374 -22.2815 0.999355 -0.0185105 0.03076 -140.26 -0.0303255 0.0233137 0.999268 3.04675
-0.0194669 -0.999563 0.0222556 -22.2808 0.999333 -0.0187649 0.031326 -140.254 -0.0308946 0.0228506 0.999261 3.04515
-0.019463 -0.999567 0.0220552 -22.2889 0.999331 -0.0187659 0.0313845 -140.271 -0.030957 0.0226513 0.999264 3.03734
-0.0195696 -0.999562 0.0221972 -22.2882 0.999324 -0.0188638 0.0315709 -140.27 -0.0311384 0.0228001 0.999255 3.04615
-0.0193244 -0.999558 0.0225729 -22.2817 0.999339 -0.0186151 0.0312252 -140.267 -0.0307912 0.0231614 0.999257 3.03861
-0.0194924 -0.999557 0.0224802 -22.2819 0.999334 -0.0187846 0.0312784 -140.258 -0.0308423 0.0230749 0.999258 3.04731
-0.0193449 -0.999558 0.0225612 -22.2805 0.999323 -0.0186241 0.0317365 -140.269 -0.0313023 0.0231599 0.999242 3.05717
-0.0195855 -0.999547 0.022836 -22.2869 0.999332 -0.018866 0.0313098 -140.26 -0.0308648 0.023434 0.999249 3.04221
-0.0197499 -0.99954 0.0230324 -22.2766 0.999348 -0.0190391 0.0306822 -140.253 -0.0302295 0.0236234 0.999264 3.05698
-0.0195413 -0.999552 0.0226578 -22.2847 0.999342 -0.0188343 0.0310079 -140.264 -0.0305672 0.0232488 0.999262 3.05407
-0.0194404 -0.999557 0.0225555 -22.2734 0.999334 -0.0187293 0.0313193 -140.267 -0.030883 0.0231493 0.999255 3.0518
-0.0194717 -0.999547 0.0229493 -22.2852 0.999337 -0.0187513 0.0311973 -140.265 -0.0307528 0.0235415 0.99925 3.05106
-0.0197147 -0.99954 0.0230565 -22.2819 0.999325 -0.0189852 0.0314405 -140.263 -0.0309882 0.0236608 0.99924 3.04581
-0.0195933 -0.999544 0.0229857 -22.2793 0.999331 -0.0188686 0.0313319 -140.263 -0.0308839 0.0235842 0.999245 3.05124
-0.0198431 -0.999546 0.0226754 -22.2848 0.999313 -0.0191183 0.0317454 -140.256 -0.0312975 0.0232897 0.999239 3.04838
-0.0196523 -0.999548 0.0227648 -22.278 0.999314 -0.0189225 0.0318426 -140.254 -0.0313974 0.0233749 0.999234 3.04921
-0.0197207 -0.99956 0.0221624 -22.2744 0.999322 -0.0190167 0.0315378 -140.257 -0.0311025 0.0227694 0.999257 3.04874
-0.0195387 -0.999548 0.0228368 -22.2716 0.999348 -0.0188307 0.0308157 -140.256 -0.0303718 0.023424 0.999264 3.06247
-0.0195759 -0.999556 0.0224456 -22.2863 0.999329 -0.0188663 0.0314032 -140.261 -0.0309658 0.0230453 0.999255 3.05126
-0.0196521 -0.999547 0.0228124 -22.2797 0.999327 -0.0189308 0.0314173 -140.258 -0.0309712 0.0234145 0.999246 3.04936
-0.0196221 -0.999559 0.0222811 -22.2809 0.999327 -0.0189167 0.0314403 -140.266 -0.0310049 0.0228831 0.999257 3.04945
-0.019722 -0.999547 0.0227529 -22.285 0.999315 -0.0189948 0.0317451 -140.269 -0.0312986 0.0233634 0.999237 3.04466
-0.0196061 -0.999538 0.0232193 -22.2765 0.999344 -0.0188843 0.0309064 -140.255 -0.0304537 0.02381 0.999253 3.05785
-0.0196983 -0.999543 0.0229304 -22.2743 0.999319 -0.0189676 0.0316585 -140.252 -0.0312091 0.0235384 0.999236 3.04023
-0.0193069 -0.999565 0.0222971 -22.276 0.999344 -0.0186095 0.0310722 -140.274 -0.0306437 0.0228824 0.999268 3.0616
-0.0194256 -0.999566 0.0221629 -22.2751 0.999285 -0.0186914 0.0328653 -140.31 -0.0324367 0.0227855 0.999214 3.05261
-0.0202008 -0.999551 0.0221377 -22.3042 0.99928 -0.0194738 0.0325763 -140.596 -0.0321306 0.0227798 0.999224 3.04477
-0.0227004 -0.999504 0.0218118 -22.32 0.999226 -0.021982 0.0326304 -141.122 -0.0321347 0.0225356 0.999229 3.05907
-0.0243234 -0.999509 0.0197702 -22.3328 0.999167 -0.0236576 0.0332414 -141.925 -0.0327574 0.0205623 0.999252 3.06474
-0.0214506 -0.999582 0.0193945 -22.3556 0.999248 -0.020809 0.0327032 -142.898 -0.032286 0.0200815 0.999277 3.09352
0.00400923 -0.99986 0.0162469 -22.4248 0.999378 0.00457552 0.0349697 -144.22 -0.0350391 0.0160966 0.999256 3.11142
0.0412521 -0.999027 0.0155923 -22.5562 0.998539 0.0417672 0.0342941 -145.769 -0.034912 0.0141548 0.99929 3.15595
0.138592 -0.990082 0.0230022 -22.7979 0.989703 0.139303 0.0329035 -147.959 -0.0357814 0.0182052 0.999194 3.19839
0.326358 -0.944808 0.0287852 -23.6306 0.944414 0.327197 0.0319903 -150.643 -0.0396431 0.0167449 0.999074 3.25907
0.541144 -0.840481 0.0274852 -25.2435 0.840096 0.541774 0.0268346 -153.448 -0.0374447 0.00856876 0.999262 3.34965
0.754783 -0.655825 0.0140177 -27.7046 0.655367 0.754831 0.0269148 -155.728 -0.0282324 -0.0111281 0.999539 3.42954
0.902839 -0.429895 0.00844364 -30.7258 0.429665 0.902758 0.0204028 -157.406 -0.0163936 -0.0147925 0.999756 3.49054
0.976527 -0.215393 0.000486525 -34.2202 0.215386 0.976512 0.0056833 -158.294 -0.00169924 -0.00544511 0.999984 3.48094
0.995373 -0.096086 0.000159853 -38.0836 0.0960816 0.995309 -0.0113316 -158.612 0.000929705 0.0112945 0.999936 3.45687
0.999861 -0.0153886 -0.00644788 -42.3028 0.0152743 0.999731 -0.0174222 -158.622 0.00671425 0.0173213 0.999827 3.45145
0.999745 0.0220597 -0.00491196 -46.7836 -0.0221408 0.999608 -0.0171157 -158.337 0.00453247 0.01722 0.999841 3.4298
0.999678 0.0243156 0.00726257 -51.3568 -0.0242624 0.999679 -0.00732368 -157.971 -0.00743832 0.00714512 0.999947 3.36337
0.999689 0.0248159 -0.00252858 -55.8613 -0.0248071 0.999686 0.00345935 -157.669 0.00261363 -0.00339555 0.999991 3.32591
0.999741 0.0182999 0.0135402 -60.2677 -0.0182848 0.999832 -0.00123784 -157.392 -0.0135606 0.000989942 0.999908 3.31649
0.999845 0.0133677 0.011434 -64.7451 -0.0132941 0.999891 -0.00648262 -157.178 -0.0115194 0.00632962 0.999914 3.31611
0.999895 0.0101046 0.0103677 -69.5326 -0.00996809 0.999864 -0.01314 -156.945 -0.0104991 0.0130353 0.99986 3.32058
0.999896 0.0128184 0.00668632 -74.6728 -0.0127614 0.999882 -0.00850458 -156.675 -0.00679455 0.00841836 0.999941 3.30491
0.999821 0.0187559 0.00246873 -80.1643 -0.0187587 0.999823 0.00113001 -156.365 -0.0024471 -0.00117612 0.999996 3.26071
0.999844 0.0163424 0.00663601 -85.7536 -0.0163714 0.999857 0.00433068 -155.984 -0.00656428 -0.00443864 0.999969 3.28691
0.999869 0.0150259 0.00610268 -91.4319 -0.0150364 0.999885 0.00168264 -155.689 -0.00607669 -0.00177418 0.99998 3.28394
0.999962 0.00295596 0.00822812 -97.338 -0.00303543 0.999949 0.00966302 -155.374 -0.00819914 -0.00968762 0.999919 3.24773
0.999922 -0.00878827 0.00892833 -103.47 0.00866225 0.999864 0.0140568 -155.122 -0.00905065 -0.0139783 0.999861 3.24257
0.9998 -0.0198259 0.0025998 -109.798 0.019822 0.999802 0.00153198 -154.978 -0.00262966 -0.00148015 0.999995 3.21269
0.999579 -0.0290033 0.000853928 -116.284 0.0290005 0.999575 0.003091 -154.866 -0.000943214 -0.00306494 0.999995 3.24097
0.999198 -0.0394823 0.0066093 -122.865 0.0394587 0.999214 0.00367481 -154.836 -0.0067492 -0.00341107 0.999971 3.17243
0.999116 -0.0420328 -0.00120989 -129.552 0.0420435 0.999057 0.010874 -154.828 0.000751682 -0.0109152 0.99994 3.13797
0.999279 -0.0379043 0.0021452 -136.295 0.037898 0.999277 0.00290599 -154.834 -0.0022538 -0.00282259 0.999993 3.13105
0.99967 -0.0254813 0.00319615 -142.888 0.025467 0.999666 0.00444257 -154.743 -0.00330828 -0.00435971 0.999985 3.16944
0.999834 -0.0179068 0.00332112 -149.346 0.0179412 0.999782 -0.0106385 -154.634 -0.0031299 0.0106963 0.999938 3.1235
0.999859 -0.0157734 -0.00573687 -155.729 0.0157568 0.999872 -0.00292248 -154.475 0.00578223 0.00283167 0.999979 3.05904
0.999839 -0.014654 -0.010318 -162.942 0.014732 0.999863 0.00752369 -154.273 0.0102063 -0.00767449 0.999918 3.06936
1 -0.000373514 -0.000236185 -169.453 0.000374194 0.999996 0.00288239 -154.021 0.000235108 -0.00288248 0.999996 3.02588
0.999729 0.0226345 -0.00543544 -176.029 -0.0226608 0.999731 -0.00483215 -153.679 0.0053246 0.00495401 0.999974 2.93259
0.999455 0.0330204 -3.65655e-05 -182.608 -0.033015 0.999312 0.0168985 -153.17 0.000594534 -0.016888 0.999857 2.89599
0.999578 0.0290519 -0.000360576 -189.177 -0.0290213 0.998962 0.0351179 -152.667 0.00138044 -0.0350927 0.999383 2.81727
0.999892 0.0146647 0.000724467 -195.657 -0.0146817 0.999177 0.0378134 -152.244 -0.000169347 -0.0378199 0.999285 2.72431
0.999964 -0.00652147 -0.00540412 -201.942 0.00671072 0.999337 0.0357746 -151.967 0.00516724 -0.0358096 0.999345 2.67092
0.999791 -0.0189582 0.00763543 -208.002 0.018852 0.999728 0.0137458 -151.844 -0.00789395 -0.013599 0.999876 2.61181
0.999795 -0.0202164 0.000908764 -214.018 0.0201666 0.999058 0.0384109 -151.654 -0.00168444 -0.0383847 0.999262 2.51259
0.999686 -0.0243713 -0.00590694 -219.8 0.0245667 0.999063 0.035631 -151.569 0.00503303 -0.0357649 0.999347 2.55327
0.999597 -0.0283133 0.00195923 -225.409 0.028225 0.998959 0.0358413 -151.471 -0.00297198 -0.0357715 0.999356 2.45758
0.999274 -0.0378027 -0.00475825 -230.893 0.0379189 0.998908 0.0272992 -151.451 0.00372107 -0.0274598 0.999616 2.416
0.998886 -0.0462415 -0.00943161 -236.255 0.0464767 0.998569 0.0264634 -151.417 0.0081944 -0.0268723 0.999605 2.38333
0.998945 -0.0458833 -0.0020372 -241.6 0.0459215 0.998586 0.0267827 -151.462 0.000805436 -0.026848 0.999639 2.31216
0.999192 -0.0395503 -0.00718412 -246.997 0.0396866 0.999013 0.0199437 -151.461 0.00638825 -0.0202127 0.999775 2.20469
0.998855 -0.0477821 -0.00242075 -252.61 0.0478143 0.998733 0.0156805 -151.512 0.00166844 -0.0157783 0.999874 2.13131
0.99792 -0.0644201 -0.00255951 -258.377 0.0644467 0.997847 0.012198 -151.595 0.0017682 -0.0123376 0.999922 2.02627
0.996739 -0.0798662 -0.0114905 -264.196 0.0800268 0.996691 0.0142674 -151.777 0.010313 -0.0151404 0.999832 1.94901
0.992959 -0.118299 -0.00616085 -270.089 0.118378 0.992862 0.0145577 -152.154 0.00439471 -0.0151845 0.999875 1.88919
0.989714 -0.142863 -0.00754746 -276.101 0.142894 0.989731 0.00366429 -152.698 0.00694646 -0.00470508 0.999965 1.80583
0.989761 -0.142678 -0.00411262 -282.291 0.142695 0.989759 0.00399552 -153.317 0.00350043 -0.00454146 0.999984 1.72314
0.992387 -0.121745 -0.0186262 -288.598 0.122109 0.992319 0.0198032 -153.827 0.0160722 -0.0219269 0.99963 1.57586
0.995922 -0.0863566 -0.0261085 -294.863 0.0865316 0.996233 0.00564654 -154.219 0.0255226 -0.00788272 0.999643 1.42785
0.997973 -0.0601778 -0.020706 -301.046 0.0602112 0.998185 0.00099319 -154.429 0.0206087 -0.00223791 0.999785 1.25724
0.99886 -0.0456284 -0.0140266 -307.109 0.0456964 0.998945 0.00457089 -154.479 0.0138032 -0.00520664 0.999891 1.11448
0.99921 -0.0372986 -0.0137322 -313.056 0.037368 0.99929 0.00483099 -154.481 0.0135422 -0.00534032 0.999894 1.01884
0.999154 -0.0378134 -0.0161552 -318.781 0.0378813 0.999275 0.0039147 -154.456 0.0159954 -0.00452337 0.999862 0.922442
0.999139 -0.0373923 -0.0179509 -324.301 0.0374051 0.9993 0.000377745 -154.45 0.0179242 -0.00104888 0.999839 0.769622
0.999241 -0.0324562 -0.0215201 -329.265 0.0325194 0.999468 0.00259211 -154.414 0.0214245 -0.00328996 0.999765 0.647523
0.999381 -0.0300401 -0.0183318 -333.749 0.0300653 0.999547 0.00110098 -154.381 0.0182905 -0.00165145 0.999831 0.540784
0.999499 -0.0283439 -0.0140628 -338.029 0.0283773 0.999595 0.0021817 -154.328 0.0139953 -0.00257967 0.999899 0.434647
0.999639 -0.0261121 -0.00628363 -342.307 0.0261318 0.999654 0.00308475 -154.255 0.00620091 -0.00324783 0.999976 0.329752
0.999541 -0.0263433 -0.0149582 -346.827 0.026321 0.999652 -0.00168562 -154.225 0.0149974 0.00129113 0.999887 0.263053
0.999756 -0.0204646 -0.00836831 -351.574 0.0205037 0.999779 0.00461695 -154.113 0.00827197 -0.0047874 0.999954 0.136263
0.999858 -0.00619788 -0.0156486 -356.587 0.00606801 0.999947 -0.00833296 -154.025 0.0156994 0.00823683 0.999843 0.0438755
0.999635 0.024655 -0.0110033 -361.776 -0.0249457 0.999321 -0.0271178 -153.768 0.0103272 0.0273824 0.999572 -0.16988
0.998072 0.0573379 -0.0237744 -367.152 -0.0571885 0.998339 0.00691848 -153.255 0.0241317 -0.00554551 0.999693 -0.24638
0.998476 0.047622 -0.0279015 -372.664 -0.0475253 0.998861 0.00412008 -152.724 0.028066 -0.00278777 0.999602 -0.448396
0.999361 0.0288624 -0.0210993 -378.276 -0.0286971 0.999555 0.00809829 -152.286 0.0213237 -0.00748762 0.999745 -0.661623
0.999743 0.017521 -0.0144166 -384.049 -0.0173183 0.999751 0.0140664 -151.923 0.0146595 -0.0138131 0.999797 -0.843386
0.999685 0.011597 -0.0222428 -389.995 -0.0111671 0.99975 0.0193592 -151.528 0.0224617 -0.0191047 0.999565 -0.998442
0.999729 0.00534529 -0.0226797 -395.958 -0.00496326 0.999845 0.0168674 -151.254 0.0227663 -0.0167503 0.999601 -1.18265
0.999454 -0.0100715 -0.031449 -402.017 0.0107709 0.999697 0.0221474 -151.022 0.0312165 -0.0224741 0.99926 -1.38752
0.999403 -0.0252213 -0.0236317 -407.969 0.0255744 0.999564 0.0147612 -150.909 0.0232491 -0.0153568 0.999612 -1.6224
0.99883 -0.0406168 -0.0262434 -413.946 0.0412403 0.998869 0.0236712 -150.826 0.0252523 -0.0247258 0.999375 -1.80018
0.998117 -0.0549809 -0.0272011 -419.884 0.0553733 0.998369 0.0138879 -150.927 0.0263931 -0.015368 0.999534 -2.00079
0.997818 -0.057193 -0.0329965 -425.863 0.0580618 0.997974 0.0260026 -150.996 0.0314425 -0.0278617 0.999117 -2.1789
0.99836 -0.0509439 -0.0261326 -431.844 0.0513732 0.998551 0.0160312 -151.095 0.0252781 -0.0173474 0.99953 -2.40663
0.99848 -0.0475838 -0.0278236 -437.81 0.0479645 0.998762 0.013179 -151.135 0.027162 -0.0144935 0.999526 -2.59571
0.998949 -0.0423334 -0.0175957 -443.698 0.0429793 0.998349 0.0381134 -151.128 0.0159532 -0.0388296 0.999119 -2.7599
0.998815 -0.0431658 -0.0224842 -449.374 0.0442119 0.997853 0.0483187 -151.092 0.0203502 -0.0492555 0.998579 -2.94779
0.998873 -0.0398206 -0.0258192 -454.961 0.0410882 0.997874 0.0505815 -151.113 0.0237501 -0.0515854 0.998386 -3.10394
0.99889 -0.0373489 -0.0286939 -460.362 0.0386284 0.998221 0.0454131 -151.112 0.0269468 -0.0464712 0.998556 -3.25738
0.999371 -0.0250062 -0.0251602 -465.603 0.0260049 0.998854 0.0401837 -151.06 0.0241265 -0.0408127 0.998875 -3.47536
0.999419 0.00600488 -0.0335627 -470.743 -0.00414049 0.998459 0.0553455 -150.862 0.0338433 -0.0551744 0.997903 -3.67587
0.998772 0.0447887 -0.0211656 -475.818 -0.0434331 0.997213 0.0606685 -150.511 0.0238239 -0.0596747 0.997934 -3.83206
0.995172 0.0958791 -0.0209628 -480.866 -0.0946269 0.994034 0.0542397 -149.952 0.0260382 -0.0519942 0.998308 -4.05808
0.986103 0.164686 -0.0218919 -485.8 -0.163288 0.985044 0.0550069 -149.046 0.0306234 -0.0506678 0.998246 -4.15612
0.966267 0.257276 -0.0117344 -490.587 -0.25637 0.965209 0.0514489 -147.81 0.0245627 -0.046705 0.998607 -4.45022
0.931265 0.363561 -0.02387 -495.301 -0.362198 0.930891 0.0474753 -145.983 0.0394806 -0.0355664 0.998587 -4.69152
0.884567 0.465626 -0.0270962 -499.796 -0.464047 0.884436 0.0493225 -143.629 0.0469307 -0.0310551 0.998415 -5.04244
0.827937 0.560494 -0.0191545 -504.1 -0.558998 0.827515 0.0523445 -140.668 0.0451894 -0.0326306 0.998445 -5.28752
0.777922 0.628103 -0.0179936 -508.259 -0.626914 0.777755 0.0455638 -137.25 0.0426134 -0.0241647 0.998799 -5.57127
0.732809 0.680139 -0.0200486 -512.213 -0.679177 0.732928 0.0391821 -133.434 0.0413434 -0.0150964 0.999031 -5.82014
0.704438 0.70941 -0.0224633 -515.973 -0.708749 0.70477 0.0312191 -129.413 0.0379785 -0.0060711 0.99926 -6.07991
0.682908 0.730085 -0.0247726 -519.597 -0.729046 0.683294 0.0400141 -125.278 0.0461407 -0.00926552 0.998892 -6.41422
0.677898 0.734981 -0.0160193 -522.99 -0.734718 0.678086 0.0197395 -121.235 0.0253706 -0.00161174 0.999677 -6.61788
0.674875 0.737538 -0.0240898 -526.347 -0.737077 0.675305 0.0260905 -117.226 0.0355107 0.000148179 0.999369 -6.8348
0.683604 0.729545 -0.0212073 -529.443 -0.728518 0.683822 0.0405997 -113.59 0.0441213 -0.0123042 0.99895 -7.03364
0.696638 0.717049 -0.0231461 -532.057 -0.716215 0.696975 0.0355209 -110.605 0.0416025 -0.00816759 0.999101 -7.22229
0.710898 0.703012 -0.0199602 -534.331 -0.702328 0.711122 0.0322557 -108.168 0.0368703 -0.0089119 0.99928 -7.38273
0.720237 0.693206 -0.0269091 -536.436 -0.692464 0.720724 0.0324177 -105.927 0.0418662 -0.00471479 0.999112 -7.51646
0.72883 0.684213 -0.025686 -538.604 -0.683435 0.729251 0.0333096 -103.69 0.0415224 -0.00672236 0.999115 -7.59697
0.733981 0.678212 -0.0360646 -542.155 -0.678014 0.734795 0.0193269 -100.172 0.0396078 0.0102667 0.999163 -7.8777
0.710819 0.7023 -0.0388809 -544.006 -0.702372 0.711671 0.0140629 -98.2809 0.0375468 0.0173127 0.999145 -7.99346
0.692991 0.719336 -0.0481566 -545.875 -0.720037 0.693925 0.0038709 -96.2117 0.0362016 0.0319921 0.998832 -8.08148
0.631531 0.774339 -0.0395991 -551.437 -0.775061 0.631867 -0.00493663 -89.3803 0.0211987 0.0338093 0.999203 -8.43573
0.547152 0.835357 -0.0529589 -553.566 -0.83676 0.547495 -0.0090792 -86.2563 0.0214103 0.0492815 0.998555 -8.59164
0.393295 0.918395 -0.0432288 -555.019 -0.919293 0.393568 -0.0023682 -82.7209 0.0148385 0.0406713 0.999062 -8.59532
0.190208 0.981227 -0.0318518 -555.802 -0.981718 0.190336 0.0010041 -79.164 0.00704779 0.0310785 0.999492 -8.67191
-0.0309134 0.997744 -0.0595848 -555.846 -0.99952 -0.030975 -0.000110049 -75.6044 -0.00195544 0.0595528 0.998223 -8.70835
-0.19834 0.977428 -0.0727691 -555.151 -0.980118 -0.197373 0.0203176 -72.0157 0.00549631 0.0753521 0.997142 -8.75773
-0.367649 0.926669 -0.078223 -553.825 -0.929937 -0.365688 0.0385918 -68.5755 0.00715653 0.0869307 0.996189 -8.75774
-0.544042 0.835077 -0.0816329 -551.801 -0.838944 -0.54299 0.0365267 -65.3944 -0.0138232 0.0883575 0.995993 -8.7234
-0.698282 0.711531 -0.0782675 -549.091 -0.715385 -0.697495 0.0415311 -62.5002 -0.0250405 0.0849918 0.996067 -8.63864
-0.766679 0.638413 -0.0680639 -545.865 -0.641125 -0.766913 0.0283426 -59.8565 -0.0341049 0.0653671 0.997278 -8.5403
-0.770416 0.633552 -0.0712039 -542.227 -0.63574 -0.771822 0.0111669 -57.0924 -0.0478819 0.0538704 0.997399 -8.446
-0.759886 0.646526 -0.0676567 -538.328 -0.649179 -0.760145 0.0273211 -54.0694 -0.0337651 0.0646822 0.997334 -8.31744
-0.747201 0.661954 -0.059223 -534.247 -0.664115 -0.747085 0.028552 -50.7894 -0.0253445 0.0606649 0.997836 -8.17381
-0.741304 0.668823 -0.0560709 -529.984 -0.670675 -0.741374 0.0236454 -47.3024 -0.0257549 0.0551338 0.998147 -8.06354
-0.745535 0.663099 -0.066915 -525.493 -0.665228 -0.746508 0.0140784 -43.6009 -0.0406172 0.0550096 0.997659 -7.95236
-0.749976 0.658488 -0.0626886 -520.81 -0.660401 -0.750773 0.0145165 -39.7931 -0.037506 0.0522866 0.997927 -7.74851
-0.752243 0.656045 -0.06112 -515.912 -0.657888 -0.752969 0.0148967 -35.8572 -0.0362485 0.051416 0.998019 -7.55235
-0.754159 0.653587 -0.0637848 -510.855 -0.65571 -0.75478 0.0187325 -31.8015 -0.0359002 0.0559516 0.997788 -7.37476
-0.754954 0.653824 -0.0505858 -505.584 -0.655056 -0.755495 0.0113955 -27.6347 -0.0307666 0.0417396 0.998655 -7.18131
-0.751192 0.657653 -0.0565965 -500.156 -0.65885 -0.752267 0.00339764 -23.2907 -0.0403412 0.0398408 0.998391 -6.99162
-0.748789 0.659674 -0.064386 -494.526 -0.661391 -0.750004 0.00751276 -18.7253 -0.0433338 0.0482098 0.997897 -6.71554
-0.748901 0.659632 -0.0635033 -488.74 -0.66187 -0.749283 0.0224293 -14.0282 -0.0327868 0.0588283 0.99773 -6.45678
-0.750195 0.657588 -0.0691754 -482.838 -0.660064 -0.750952 0.0196522 -9.22061 -0.0390243 0.0604032 0.997411 -6.21105
-0.743546 0.66569 -0.0632128 -476.876 -0.667633 -0.744352 0.0143711 -4.38358 -0.0374859 0.0528885 0.997897 -5.98853
-0.742982 0.666193 -0.0645343 -470.823 -0.668311 -0.743684 0.0171356 0.611127 -0.0365775 0.0558604 0.997768 -5.71161
-0.742558 0.666362 -0.067597 -464.664 -0.668667 -0.743358 0.0174347 5.70805 -0.0386309 0.0581461 0.99756 -5.42038
-0.742081 0.666367 -0.0725957 -458.447 -0.669077 -0.742925 0.0199565 10.8417 -0.0406348 0.0633815 0.997162 -5.18605
-0.742896 0.665564 -0.0716257 -452.208 -0.6682 -0.743721 0.0196864 16.0254 -0.040167 0.0624853 0.997237 -4.87315
-0.743907 0.66412 -0.0744753 -445.867 -0.666996 -0.744762 0.0211014 21.2394 -0.0414525 0.0653722 0.997 -4.61115
-0.74616 0.661823 -0.0723522 -439.736 -0.664591 -0.746886 0.0219123 26.2679 -0.0395368 0.0644347 0.997138 -4.2984
-0.743917 0.663054 -0.0833506 -433.768 -0.666497 -0.745232 0.020267 31.1699 -0.0486774 0.0706299 0.996314 -4.01936
-0.745508 0.662319 -0.0745053 -428.016 -0.665284 -0.746228 0.0232653 35.8687 -0.0401889 0.0669116 0.996949 -3.74454
-0.74683 0.660584 -0.076649 -422.469 -0.663674 -0.747673 0.0228487 40.3751 -0.0422148 0.067934 0.996796 -3.49469
-0.746409 0.661203 -0.0753935 -417.149 -0.664105 -0.747361 0.0203771 44.7057 -0.0428728 0.0652789 0.996946 -3.22472
-0.747751 0.659132 -0.0800873 -412.117 -0.662487 -0.748705 0.023474 48.8126 -0.0444893 0.0706095 0.996511 -2.91983
-0.751846 0.654619 -0.0787492 -407.296 -0.657756 -0.752943 0.0208309 52.6659 -0.0456574 0.0674594 0.996677 -2.68774
-0.756145 0.64932 -0.0814145 -402.824 -0.652732 -0.757242 0.0229367 56.2275 -0.0467572 0.0704853 0.996416 -2.46808
-0.761388 0.643504 -0.0786784 -398.74 -0.646816 -0.762232 0.0251454 59.4504 -0.04379 0.0700358 0.996583 -2.21168
-0.765287 0.638761 -0.079501 -395.182 -0.642138 -0.766166 0.0254491 62.1847 -0.0446551 0.0705265 0.99651 -2.02359
-0.767352 0.636311 -0.0792429 -392.067 -0.639596 -0.768341 0.0238553 64.55 -0.0457062 0.0689888 0.99657 -1.84473
-0.764856 0.639294 -0.0793646 -389.654 -0.642388 -0.76613 0.0195522 66.3881 -0.048304 0.0659375 0.996654 -1.71732
-0.763392 0.640864 -0.0807841 -387.982 -0.643833 -0.765016 0.0151657 67.652 -0.052082 0.0635888 0.996616 -1.59369
-0.76173 0.64323 -0.0776 -386.93 -0.646108 -0.763049 0.0173167 68.4928 -0.0480741 0.0633286 0.996834 -1.50758
-0.760645 0.644683 -0.0761716 -386.287 -0.647424 -0.761956 0.0162784 68.996 -0.047545 0.0616975 0.996962 -1.48347
-0.760414 0.64485 -0.0770666 -385.983 -0.647653 -0.761759 0.0164045 69.2383 -0.0481278 0.0623866 0.996891 -1.47843
-0.760281 0.644947 -0.0775608 -385.966 -0.647734 -0.76171 0.0154318 69.2464 -0.0491262 0.0619712 0.996868 -1.45467
-0.760264 0.644939 -0.0777975 -385.968 -0.647762 -0.761678 0.015855 69.2539 -0.0490312 0.0624482 0.996843 -1.47025
-0.760212 0.645008 -0.077736 -385.977 -0.647813 -0.761641 0.0155689 69.2505 -0.0491648 0.062194 0.996852 -1.47113
-0.760133 0.64508 -0.0779097 -385.97 -0.647923 -0.761536 0.0161141 69.2419 -0.0489361 0.0627284 0.99683 -1.4668
-0.760229 0.644945 -0.0780856 -385.972 -0.647797 -0.761643 0.016098 69.2451 -0.049091 0.0628218 0.996817 -1.48012
-0.76027 0.644904 -0.0780303 -385.971 -0.647745 -0.76169 0.0159434 69.2443 -0.049153 0.0626649 0.996823 -1.46352
-0.760229 0.644979 -0.0778047 -385.968 -0.647804 -0.761641 0.0159056 69.2554 -0.0490004 0.0624941 0.996842 -1.47638
-0.760178 0.645051 -0.0777051 -385.964 -0.647873 -0.761581 0.0159537 69.2547 -0.0488878 0.0624707 0.996849 -1.47845
-0.760161 0.645058 -0.077814 -385.969 -0.64788 -0.761579 0.0158108 69.2582 -0.0490626 0.0624328 0.996843 -1.48116
-0.760276 0.644903 -0.0779787 -385.966 -0.647743 -0.761691 0.0159812 69.2549 -0.0490893 0.0626603 0.996827 -1.48722
-0.760257 0.644872 -0.0784179 -385.955 -0.64775 -0.761681 0.0161888 69.2602 -0.0492897 0.0631029 0.996789 -1.49103
-0.760129 0.645056 -0.0781393 -385.971 -0.647906 -0.761553 0.0159703 69.2522 -0.0492055 0.0627665 0.996815 -1.48615
-0.760317 0.644809 -0.0783547 -385.958 -0.647677 -0.761745 0.0160853 69.258 -0.0493143 0.0629785 0.996796 -1.4815
-0.76011 0.64509 -0.0780447 -385.957 -0.647937 -0.761526 0.016023 69.2575 -0.0490968 0.0627473 0.996821 -1.48645
-0.760265 0.64492 -0.0779461 -385.966 -0.647752 -0.761686 0.015865 69.2588 -0.0491388 0.0625514 0.996831 -1.48557
-0.760226 0.644873 -0.0787091 -385.961 -0.647708 -0.761742 0.0149581 69.2545 -0.0503099 0.0623521 0.996785 -1.47552
-0.75989 0.645136 -0.0797924 -385.833 -0.648035 -0.761465 0.0148746 69.3418 -0.051163 0.0630113 0.996701 -1.47141
-0.757868 0.646935 -0.084327 -385.152 -0.649896 -0.759948 0.0106504 69.8815 -0.057194 0.0628754 0.996381 -1.44258
-0.755074 0.650515 -0.0818118 -383.804 -0.653424 -0.756891 0.0124047 70.9441 -0.0538531 0.0628243 0.996571 -1.36624
-0.751731 0.654716 -0.0790425 -382.35 -0.657599 -0.753216 0.0151201 72.1254 -0.0496368 0.0633445 0.996757 -1.2381
-0.749364 0.657342 -0.0797204 -381.374 -0.660291 -0.75085 0.0154667 72.9187 -0.0496912 0.0642288 0.996697 -1.19024
-0.747642 0.659118 -0.0812078 -380.764 -0.662031 -0.749367 0.0128148 73.3955 -0.052408 0.0633429 0.996615 -1.14537
-0.746084 0.660731 -0.0824194 -380.02 -0.663584 -0.748032 0.0102126 73.9885 -0.0549046 0.0623117 0.996545 -1.11151
-0.742769 0.664187 -0.0845565 -378.926 -0.667114 -0.744902 0.0089548 74.9272 -0.0570386 0.0630602 0.996378 -1.06308
-0.740332 0.666342 -0.0888589 -377.255 -0.669532 -0.742734 0.00856887 76.3012 -0.0602887 0.0658377 0.996007 -0.929198
-0.740264 0.666339 -0.0894483 -375.129 -0.669884 -0.742336 0.0138986 78.0989 -0.0571395 0.0702087 0.995894 -0.773565
-0.743059 0.662913 -0.0917102 -372.524 -0.666519 -0.745385 0.0124016 80.2481 -0.0601382 0.0703417 0.995708 -0.620068
-0.755567 0.647919 -0.0965331 -369.48 -0.651438 -0.758672 0.00670349 82.6743 -0.0688936 0.0679503 0.995307 -0.398378
-0.771931 0.627069 -0.10444 -366.008 -0.632377 -0.774247 0.0253267 85.3885 -0.0649806 0.0855958 0.994209 -0.0822277
-0.781304 0.61677 -0.0956999 -362.065 -0.621785 -0.782476 0.0333913 88.2942 -0.0542881 0.0855935 0.99485 0.125832
-0.79459 0.599657 -0.0950669 -357.693 -0.604484 -0.795994 0.0314935 91.3675 -0.0567874 0.0824909 0.994973 0.389232
-0.804552 0.585064 -0.101959 -352.976 -0.590488 -0.806405 0.0321687 94.5832 -0.0633995 0.086087 0.994268 0.708641
-0.814053 0.571986 -0.100747 -347.922 -0.577464 -0.815659 0.0351457 97.906 -0.0620723 0.0867883 0.994291 1.04194
-0.819693 0.564019 -0.0999329 -342.487 -0.56906 -0.821761 0.0296743 101.37 -0.0653841 0.0811915 0.994552 1.44503
-0.821008 0.562086 -0.100032 -336.735 -0.567469 -0.822653 0.0349352 104.994 -0.0626547 0.0854468 0.994371 1.81756
-0.823091 0.559058 -0.09988 -330.715 -0.564165 -0.825082 0.0309375 108.755 -0.0651133 0.0818132 0.994518 2.21285
-0.827628 0.553326 -0.0941427 -324.478 -0.557699 -0.829611 0.0267922 112.603 -0.063277 0.0746773 0.995198 2.6825
-0.827982 0.552661 -0.0949326 -318.021 -0.557439 -0.829588 0.032323 116.574 -0.0608913 0.079682 0.994959 3.11753
-0.82892 0.55113 -0.0956432 -311.328 -0.555389 -0.83126 0.0234332 120.656 -0.0665897 0.0725434 0.99514 3.64505
-0.832774 0.545781 -0.0927977 -304.457 -0.549754 -0.835026 0.0224105 124.828 -0.0652573 0.0696788 0.995433 4.06299
-0.83685 0.538075 -0.10078 -297.427 -0.543664 -0.838448 0.037875 129.077 -0.064119 0.086486 0.994188 4.5929
-0.834832 0.53911 -0.111428 -290.354 -0.545593 -0.837235 0.0369448 133.292 -0.0733744 0.0916372 0.993086 5.06601
-0.824405 0.556735 -0.101987 -283.339 -0.562366 -0.82609 0.0363179 137.581 -0.0640314 0.087295 0.994123 5.57927
-0.822969 0.559028 -0.101042 -276.355 -0.564542 -0.824631 0.0357193 141.935 -0.063354 0.0864381 0.994241 6.12218
-0.826821 0.554103 -0.0966278 -269.3 -0.558481 -0.829171 0.0239787 146.28 -0.0668343 0.0737908 0.995032 6.59256
-0.832013 0.545467 -0.101095 -262.189 -0.550163 -0.834709 0.0240975 150.615 -0.0712405 0.0756681 0.994585 7.17746
-0.833542 0.544146 -0.0954595 -255.002 -0.54883 -0.83538 0.0304315 154.952 -0.0631857 0.077757 0.994968 7.71299
-0.832636 0.545582 -0.0951706 -247.698 -0.549966 -0.83478 0.0260626 159.308 -0.0652272 0.0740413 0.99512 8.19981
-0.835028 0.541253 -0.0988617 -240.325 -0.545648 -0.837714 0.0224187 163.703 -0.0706837 0.0726639 0.994849 8.74067
-0.83426 0.542802 -0.0968264 -232.848 -0.546714 -0.837134 0.0175932 168.125 -0.0715071 0.0676137 0.995146 9.30114
-0.833882 0.544341 -0.091285 -225.317 -0.547448 -0.836765 0.0111987 172.602 -0.0702881 0.0593122 0.995762 9.8633
-0.834751 0.543051 -0.0910262 -217.678 -0.546699 -0.837104 0.0194177 177.158 -0.0656536 0.0659729 0.995659 10.4658
-0.837381 0.53819 -0.0956268 -209.951 -0.542067 -0.840133 0.0184593 181.768 -0.0704046 0.0672935 0.995246 11.0522
-0.837893 0.537427 -0.0954343 -202.07 -0.541191 -0.840726 0.0170895 186.358 -0.0710498 0.0659673 0.995289 11.625
-0.83837 0.536777 -0.0949034 -194.087 -0.5403 -0.841352 0.0142488 191.071 -0.0721988 0.063222 0.995385 12.2622
-0.836046 0.540871 -0.0921176 -186.063 -0.544467 -0.838596 0.0176614 195.786 -0.0676969 0.0649207 0.995592 12.8491
-0.830717 0.548533 -0.0949791 -177.977 -0.552304 -0.833468 0.0170947 200.593 -0.069785 0.0666582 0.995332 13.4476
-0.827909 0.552397 -0.0970746 -169.845 -0.556777 -0.830327 0.023587 205.546 -0.0675743 0.0735767 0.994998 14.0097
-0.827581 0.552578 -0.0988271 -161.66 -0.556759 -0.830458 0.0189257 210.532 -0.0716139 0.0706854 0.994925 14.6504
-0.828284 0.552327 -0.0942395 -153.408 -0.556362 -0.830661 0.0215251 215.58 -0.0663922 0.0702602 0.995317 15.2412
-0.829978 0.54938 -0.0965281 -145.115 -0.553703 -0.832383 0.0234772 220.626 -0.0674505 0.0729335 0.995053 15.8438
-0.835377 0.540527 -0.0998788 -136.811 -0.54548 -0.83761 0.0293403 225.635 -0.0678002 0.0789921 0.994567 16.4458
-0.84142 0.531314 -0.0985759 -128.386 -0.536653 -0.842986 0.0371273 230.576 -0.0633718 0.0841406 0.994437 17.0323
-0.842575 0.530644 -0.0921138 -119.973 -0.535889 -0.843087 0.0450253 235.452 -0.0537675 0.0872999 0.99473 17.6149
-0.841311 0.531905 -0.0962906 -111.477 -0.536477 -0.843445 0.0281609 240.355 -0.0662369 0.0753498 0.994955 18.3534
-0.84066 0.533666 -0.0921529 -103.193 -0.538028 -0.842404 0.0296929 245.158 -0.0617839 0.0745424 0.995302 18.9272
-0.84369 0.528342 -0.0950838 -95.0263 -0.533135 -0.845381 0.0331303 249.866 -0.0628779 0.0786442 0.994918 19.4914
-0.851662 0.515076 -0.0967922 -87.1516 -0.520031 -0.853472 0.0339579 254.341 -0.0651186 0.0792556 0.994725 20.1269
-0.865171 0.490698 -0.103413 -79.5944 -0.495761 -0.867972 0.0290635 258.398 -0.0754983 0.076413 0.994214 20.714
-0.882274 0.45957 -0.101921 -72.3438 -0.464525 -0.885037 0.0304347 261.956 -0.0762173 0.0741967 0.994327 21.2404
-0.896887 0.430303 -0.102146 -65.592 -0.435314 -0.899705 0.0321247 264.999 -0.0780779 0.0732777 0.994251 21.8416
-0.911584 0.398131 -0.102497 -59.5842 -0.402659 -0.914946 0.0272098 267.456 -0.0829461 0.0660753 0.994361 22.3692
-0.917943 0.383291 -0.102318 -54.4568 -0.3876 -0.921478 0.0254122 269.363 -0.0845438 0.0629855 0.994427 22.8063
-0.920243 0.378239 -0.100441 -50.2833 -0.382601 -0.923498 0.027708 270.906 -0.0822766 0.0639268 0.994557 23.2118
-0.921758 0.371987 -0.109486 -47.0912 -0.377003 -0.92577 0.0286017 272.075 -0.0907196 0.0676405 0.993577 23.5139
-0.923175 0.368495 -0.109361 -44.8073 -0.373813 -0.926946 0.0321802 272.885 -0.0895135 0.0705885 0.993481 23.7222
-0.924168 0.366268 -0.108454 -43.2493 -0.371667 -0.927746 0.0339178 273.441 -0.0881948 0.0716545 0.993523 23.8568
-0.924868 0.364444 -0.108627 -42.2596 -0.369764 -0.928541 0.0329704 273.799 -0.0888487 0.0706597 0.993536 23.9533
