1 0 0 0 0 1 0 0 0 0 1 0
0.999998 -0.00166003 -0.000819506 -0.000550915 0.00166061 0.999998 0.00076049 0.000274708 0.000818241 -0.000761849 0.999999 -0.000131387
0.999998 -0.00200989 0.000434317 -0.0463987 0.00200882 0.999995 0.00234198 -0.0231603 -0.000439023 -0.0023411 0.999997 -0.00960079
0.999997 -0.00249806 0.000425499 -0.0442089 0.00249774 0.999997 0.000634251 -0.0138538 -0.000427084 -0.000633186 1 -0.00269084
0.999997 -0.00254732 0.000223238 -0.042925 0.00254706 0.999996 0.000914637 -0.0135932 -0.000225568 -0.000914065 1 -0.00737769
0.999996 -0.00269988 -0.00030571 -0.0385506 0.00270015 0.999996 0.00104039 -0.0143727 0.000302898 -0.00104122 0.999999 0.00145548
0.999997 -0.00233782 -0.000121454 -0.0421006 0.00233796 0.999996 0.00152813 -0.00701397 0.000117879 -0.00152841 0.999999 -0.00297009
0.999997 -0.00248831 0.000434944 -0.0451748 0.00248772 0.999996 0.0012349 -0.011166 -0.000438017 -0.00123381 0.999999 0.00081845
0.999996 -0.00276566 -0.000367598 -0.0435002 0.00276592 0.999996 0.000837418 -0.0181041 0.000365279 -0.000838432 1 0.00192771
0.999997 -0.00257775 -0.000488957 -0.0431139 0.00257832 0.999996 0.00127262 -0.0210461 0.000485673 -0.00127387 0.999999 -0.0028919
0.999997 -0.00240557 0.000458075 -0.0447403 0.00240487 0.999996 0.00141571 -0.0180513 -0.00046148 -0.00141461 0.999999 -0.00343889
0.999998 -0.00204081 -0.00019392 -0.0515665 0.00204088 0.999998 0.000610392 -0.00939307 0.000192673 -0.000610787 1 -0.00154193
0.999997 -0.00235905 1.40616e-05 -0.0429525 0.00235899 0.999997 0.00103201 -0.015071 -1.64974e-05 -0.00103197 0.999999 -0.00383845
0.999997 -0.00220842 0.000814671 -0.0382067 0.00220723 0.999997 0.00139593 -0.0192211 -0.000817752 -0.00139413 0.999999 -0.00470761
0.999997 -0.00220301 0.000554039 -0.0407031 0.00220233 0.999997 0.00114402 -0.0113685 -0.000556558 -0.00114279 0.999999 -0.000874904
0.999996 -0.0027556 0.000719801 -0.0485865 0.00275502 0.999996 0.000741438 -0.0109437 -0.000721842 -0.000739452 0.999999 -0.00340098
0.999998 -0.00183637 -0.000146288 -0.0365281 0.00183656 0.999997 0.00163367 -0.00948035 0.000143286 -0.00163393 0.999999 -0.00386831
0.999997 -0.00229655 -5.15235e-05 -0.0466718 0.00229656 0.999997 0.00115323 -0.0109812 4.88736e-05 -0.00115334 0.999999 -0.00345371
0.999997 -0.00224415 5.62453e-05 -0.0447734 0.00224402 0.999997 0.00134587 -0.013406 -5.92667e-05 -0.00134574 0.999999 0.000379882
0.999997 -0.00222552 0.000569547 -0.0373013 0.00222472 0.999997 0.00131124 -0.0100476 -0.000572464 -0.00130997 0.999999 -0.00482977
0.999997 -0.00217284 0.000849388 -0.0408261 0.00217145 0.999996 0.00158246 -0.014125 -0.000852824 -0.00158061 0.999998 -0.00341556
0.999998 -0.00215103 0.000477769 -0.0325232 0.00215043 0.999997 0.0011495 -0.0139047 -0.000480242 -0.00114847 0.999999 0.000124586
0.999998 -0.00188784 0.00043773 -0.0359058 0.0018872 0.999997 0.00134049 -0.0165612 -0.000440261 -0.00133967 0.999999 0.00312081
0.999999 -0.00159712 0.000462075 -0.226866 0.00159712 0.999999 -0.000112897 0.026319 -0.000461895 0.000113635 1 -0.0119986
1 -0.000166687 0.000178058 -0.832419 0.000166923 0.999999 -0.00160275 0.0709311 -0.000177792 0.00160278 0.999999 -0.0215897
0.99987 -0.0160359 0.0016354 -3.65993 0.0160322 0.999869 0.00219354 0.180075 -0.00167037 -0.00216704 0.999996 -0.0482949
0.999353 -0.0358995 -0.00200156 -5.64057 0.0359099 0.99934 0.0054565 0.196571 0.00180435 -0.00552484 0.999983 -0.0570708
0.981869 -0.189442 0.00666829 -9.44087 0.189365 0.981848 0.0107593 0.000849698 -0.0085855 -0.00930144 0.99992 -0.073157
0.925416 -0.378946 -0.0023241 -11.1625 0.378928 0.925267 0.0171893 -0.502955 -0.0043634 -0.0167879 0.99985 -0.07998
0.521395 -0.853225 -0.0124109 -13.9931 0.853221 0.521066 0.0224655 -3.09951 -0.0127012 -0.0223027 0.999671 -0.0338175
0.264261 -0.964444 -0.00375525 -14.5613 0.964197 0.2641 0.0239743 -5.04624 -0.0221301 -0.00995627 0.999705 -0.0302351
0.0608681 -0.998146 0.000742902 -15.1303 0.997796 0.0608665 0.0264205 -9.47118 -0.0264168 -0.000866902 0.999651 0.0273686
0.02046 -0.999789 0.00196522 -15.315 0.999406 0.0205067 0.0276932 -12.1461 -0.0277277 0.00139745 0.999615 0.0780094
-0.0323777 -0.999447 0.00752024 -15.4677 0.999029 -0.0321373 0.0301353 -18.3343 -0.0298769 0.00848866 0.999518 0.199097
-0.0384546 -0.999205 0.0105175 -15.4423 0.998649 -0.0380609 0.0353693 -21.7853 -0.0349409 0.0118634 0.999319 0.301713
-0.0288476 -0.999584 0.000441658 -15.5286 0.999258 -0.0288268 0.0255516 -29.2389 -0.0255282 0.00117843 0.999673 0.480095
-0.0237811 -0.999717 0.000535196 -15.5781 0.999511 -0.0237652 0.0203239 -33.2767 -0.0203054 0.00101826 0.999793 0.574704
-0.0168002 -0.999594 0.0230209 -15.7328 0.999478 -0.0161538 0.0279822 -42.2188 -0.027599 0.0234789 0.999343 0.732674
-0.00747818 -0.999861 0.0149022 -15.8995 0.999465 -0.00699919 0.0319358 -46.9596 -0.031827 0.0151331 0.999379 0.875205
-0.00768234 -0.99997 -0.000811523 -16.2275 0.999435 -0.00770472 0.0327078 -56.4026 -0.0327131 -0.000559791 0.999465 1.0923
-0.00627044 -0.999963 0.00584325 -16.3927 0.999502 -0.00608649 0.0309763 -60.9735 -0.0309396 0.00603457 0.999503 1.18154
-0.000142985 -0.999945 0.0104536 -16.6112 0.999803 6.48271e-05 0.0198717 -69.4943 -0.0198713 0.0104544 0.999748 1.36222
0.0594144 -0.998197 0.00854097 -16.9483 0.997867 0.0596221 0.0265706 -73.6179 -0.0270319 0.00694407 0.99961 1.4689
0.136057 -0.990618 0.012783 -18.4469 0.990363 0.136337 0.0243605 -82.7361 -0.0258747 0.0093454 0.999622 1.70511
0.124843 -0.992157 0.00614837 -19.3439 0.991819 0.124962 0.0260668 -87.7112 -0.0266307 0.0028438 0.999641 1.80248
0.0479179 -0.998851 0.00110374 -20.6827 0.998367 0.047929 0.0310766 -98.3833 -0.0310938 -0.000387182 0.999516 2.05802
0.0250566 -0.999683 -0.00224265 -21.1052 0.999106 0.0249657 0.0341014 -104.079 -0.0340346 -0.00309511 0.999416 2.18202
-0.00608625 -0.99998 -0.0016235 -21.6133 0.99954 -0.00613174 0.0296987 -115.601 -0.0297081 -0.00144199 0.999558 2.4579
-0.0104952 -0.999923 0.00662349 -21.7768 0.999548 -0.0103042 0.0282298 -121.259 -0.0281594 0.00691677 0.999579 2.58439
-0.0175583 -0.999845 -0.000943304 -22.0684 0.999369 -0.017579 0.0308558 -131.081 -0.0308676 -0.000400931 0.999523 2.86
-0.0216929 -0.99972 0.0094821 -22.1462 0.999293 -0.0213903 0.0309228 -134.89 -0.0307113 0.0101462 0.999477 2.92679
-0.0199992 -0.999662 0.0166259 -22.2243 0.999355 -0.0194912 0.0301717 -139.475 -0.0298374 0.0172186 0.999406 3.05371
-0.0195499 -0.999641 0.0183172 -22.2485 0.999336 -0.0189741 0.0310948 -140.225 -0.0307361 0.0189129 0.999349 3.05742
-0.0195751 -0.999555 0.0225111 -22.2754 0.999367 -0.0188925 0.0301417 -140.24 -0.029703 0.0230869 0.999292 3.04235
-0.0193663 -0.999563 0.0223468 -22.2778 0.999372 -0.0186895 0.0301048 -140.256 -0.029674 0.0229158 0.999297 3.04527
-0.0191212 -0.999552 0.0230281 -22.2845 0.999386 -0.0184318 0.0297842 -140.248 -0.0293464 0.0235835 0.999291 3.04286
-0.019361 -0.999566 0.0221882 -22.2814 0.999362 -0.0186815 0.030428 -140.245 -0.0300003 0.0227632 0.999291 3.04294
-0.0195133 -0.999568 0.0219659 -22.2812 0.999357 -0.018839 0.0304929 -140.258 -0.030066 0.0225469 0.999294 3.04603
-0.0193192 -0.99956 0.0225155 -22.2805 0.999405 -0.0186625 0.0290188 -140.248 -0.0285858 0.0230627 0.999325 3.03717
-0.019264 -0.999558 0.0226271 -22.2817 0.999369 -0.0185753 0.0302602 -140.255 -0.0298266 0.0231958 0.999286 3.04909
-0.0195301 -0.999561 0.0222569 -22.2833 0.999404 -0.0188834 0.0289056 -140.241 -0.0284726 0.0228082 0.999334 3.04377
-0.019466 -0.999551 0.0227798 -22.2848 0.999383 -0.0187861 0.0296875 -140.245 -0.0292463 0.0233436 0.9993 3.04705
-0.0194133 -0.999556 0.0225992 -22.2751 0.999373 -0.0187307 0.0300328 -140.252 -0.0295962 0.0231681 0.999293 3.0475
-0.0197319 -0.999546 0.022767 -22.2789 0.999353 -0.019033 0.0305157 -140.251 -0.0300686 0.0233544 0.999275 3.0453
-0.0194491 -0.999549 0.0228678 -22.2799 0.999381 -0.0187646 0.0297712 -140.247 -0.0293287 0.0234326 0.999295 3.04455
-0.0195861 -0.999553 0.0225809 -22.2771 0.999343 -0.0188831 0.030931 -140.246 -0.0304907 0.0231719 0.999266 3.04813
-0.0196676 -0.999559 0.0222709 -22.2764 0.999351 -0.0189816 0.0306047 -140.245 -0.0301684 0.0228584 0.999283 3.04819
-0.0194895 -0.99956 0.0223735 -22.2859 0.999384 -0.0188233 0.0296071 -140.243 -0.0291729 0.0229368 0.999311 3.04802
-0.0196252 -0.999551 0.022661 -22.2775 0.999362 -0.0189352 0.0302706 -140.245 -0.0298279 0.0232406 0.999285 3.04849
-0.0196504 -0.999553 0.022529 -22.2819 0.999358 -0.0189617 0.0303838 -140.251 -0.029943 0.0231116 0.999284 3.04357
-0.0196183 -0.999543 0.0230168 -22.2766 0.999386 -0.0189362 0.0294847 -140.238 -0.0290354 0.0235811 0.9993 3.05422
-0.0192604 -0.999564 0.0223909 -22.2772 0.999389 -0.0185939 0.0296029 -140.256 -0.0291737 0.0229474 0.999311 3.0525
-0.0194095 -0.99954 0.0232834 -22.2906 0.999358 -0.018694 0.0305624 -140.28 -0.0301131 0.0238617 0.999262 3.04751
-0.0226236 -0.999487 0.022656 -22.3294 0.999277 -0.0219148 0.0310583 -141.102 -0.0305459 0.0233423 0.999261 3.05905
-0.0243548 -0.999483 0.0209983 -22.3436 0.999245 -0.0237023 0.030784 -141.898 -0.0302704 0.0217322 0.999305 3.05821
0.00395075 -0.99985 0.0168531 -22.4286 0.999453 0.00450152 0.0327659 -144.182 -0.0328368 0.0167145 0.999321 3.11545
0.041388 -0.99901 0.0162872 -22.5659 0.998607 0.0418941 0.0320616 -145.744 -0.0327122 0.0149375 0.999353 3.15158
0.326269 -0.944898 0.0267782 -23.603 0.944684 0.326937 0.0261732 -150.572 -0.0334857 0.0167575 0.999299 3.27052
0.538832 -0.842083 0.0235986 -25.1498 0.841846 0.539286 0.0215853 -153.339 -0.030903 0.00823556 0.999488 3.36162
0.903285 -0.429017 0.00455292 -30.6971 0.42882 0.903109 0.0225422 -157.431 -0.0137828 -0.0184096 0.999736 3.49721
0.976657 -0.214784 -0.00299793 -34.1994 0.214801 0.976629 0.00747846 -158.299 0.00132161 -0.00794784 0.999968 3.48837
0.999805 -0.0157146 -0.0119837 -42.1961 0.0155285 0.99976 -0.0154655 -158.64 0.0122239 0.0152764 0.999809 3.46412
0.999719 0.0221154 -0.00850891 -46.6879 -0.0222497 0.999624 -0.016028 -158.318 0.00815124 0.0162128 0.999835 3.42832
0.999694 0.0246898 -0.00153822 -55.8745 -0.0246846 0.99969 0.00337877 -157.688 0.00162116 -0.00333977 0.999993 3.33288
0.999718 0.0185261 0.0148596 -60.2679 -0.0185054 0.999828 -0.00153132 -157.38 -0.0148854 0.00125591 0.999888 3.28443
0.999907 0.0100814 0.00918167 -69.5235 -0.00995326 0.999854 -0.0139045 -156.928 -0.0093205 0.0138118 0.999861 3.32712
0.999815 0.0130508 0.0141639 -74.7434 -0.0128813 0.999845 -0.012001 -156.649 -0.0143183 0.0118163 0.999828 3.3267
0.999807 0.0162715 0.0110442 -85.8035 -0.0163174 0.999858 0.00408173 -155.982 -0.0109762 -0.00426115 0.999931 3.26711
0.999864 0.0150285 0.00679131 -91.2441 -0.0150329 0.999887 0.000587275 -155.687 -0.00678172 -0.000689289 0.999977 3.28399
0.999934 -0.00859023 0.00769091 -103.396 0.00848669 0.999874 0.0133893 -155.118 -0.00780496 -0.0133231 0.999881 3.24819
0.999802 -0.0197386 0.00243625 -109.832 0.0197388 0.999805 -6.63322e-05 -154.97 -0.00243446 0.000114408 0.999997 3.20686
0.999223 -0.0393772 0.00178482 -122.82 0.0393737 0.999223 0.00191596 -154.808 -0.00185888 -0.0018442 0.999997 3.18365
0.999113 -0.0420382 0.00246469 -129.61 0.0420094 0.99906 0.0107297 -154.813 -0.00291343 -0.0106166 0.999939 3.15573
0.999658 -0.0255182 0.00564353 -142.931 0.0254919 0.999664 0.00467946 -154.749 -0.00576104 -0.004534 0.999973 3.1605
0.999839 -0.0179688 5.388e-05 -149.265 0.0179684 0.99979 -0.00989104 -154.649 0.000123861 0.00989041 0.999951 3.12005
0.999806 -0.0147386 -0.0130313 -162.906 0.0148333 0.999864 0.0072024 -154.268 0.0129234 -0.0073943 0.999889 3.07346
0.999999 -0.000177026 -0.00137977 -169.464 0.000181466 0.999995 0.00325347 -154.021 0.00137918 -0.00325371 0.999994 3.01511
0.999432 0.0332218 0.0057075 -182.679 -0.0333119 0.999309 0.0164896 -153.164 -0.00515575 -0.0166703 0.999848 2.9046
0.999577 0.0288708 -0.0034992 -189.106 -0.0287321 0.998984 0.0347188 -152.668 0.004498 -0.0346035 0.999391 2.81948
0.999973 -0.00655355 -0.00332795 -201.986 0.0066653 0.999373 0.0347737 -151.962 0.00309797 -0.034795 0.99939 2.67246
0.999803 -0.0189962 0.00566663 -207.98 0.0189184 0.99973 0.0134775 -151.838 -0.00592112 -0.0133676 0.999893 2.62586
0.999687 -0.0245714 -0.0046378 -219.824 0.024714 0.999125 0.0337451 -151.557 0.00380458 -0.0338492 0.99942 2.53195
0.999593 -0.0285326 -0.0005216 -225.389 0.0285333 0.998977 0.035071 -151.45 -0.000479604 -0.0350716 0.999385 2.47565
0.998911 -0.0461351 -0.00687926 -236.297 0.0462963 0.998603 0.0254756 -151.411 0.00569433 -0.0257664 0.999652 2.34782
0.998941 -0.0459066 -0.0032325 -241.587 0.0459732 0.998629 0.0250143 -151.441 0.00207975 -0.0251364 0.999682 2.29513
0.998849 -0.0478321 0.00356444 -252.678 0.0477739 0.998747 0.0149199 -151.474 -0.00427363 -0.0147324 0.999882 2.1523
0.99795 -0.0639894 -0.000880722 -258.332 0.0639952 0.997883 0.0115339 -151.58 0.000140809 -0.0115666 0.999933 2.05503
0.992947 -0.118291 -0.00790351 -270.063 0.118383 0.992891 0.0123805 -152.125 0.00638282 -0.0132288 0.999892 1.89961
0.989741 -0.142872 3.76111e-05 -276.187 0.142872 0.989739 0.00212017 -152.69 -0.000340141 -0.00209305 0.999998 1.79446
0.992403 -0.121414 -0.019885 -288.568 0.121815 0.992344 0.0203576 -153.825 0.017261 -0.0226253 0.999595 1.5861
0.995833 -0.0864687 -0.0289864 -294.78 0.0866694 0.996221 0.00574243 -154.229 0.0283803 -0.00823074 0.999563 1.42359
0.998857 -0.045504 -0.0146568 -307.058 0.0455791 0.998949 0.00483166 -154.489 0.0144216 -0.00549418 0.999881 1.11925
0.999187 -0.0373683 -0.0151274 -313.003 0.0374514 0.999285 0.00524876 -154.488 0.0149205 -0.00581104 0.999872 1.01007
0.999062 -0.0374024 -0.0218168 -324.182 0.0374639 0.999295 0.00241737 -154.476 0.021711 -0.00323245 0.999759 0.785006
0.999178 -0.0323185 -0.0244654 -329.167 0.0324141 0.999468 0.00352434 -154.446 0.0243385 -0.00431446 0.999694 0.647424
0.99946 -0.0282627 -0.0167881 -337.976 0.0283027 0.999597 0.0021524 -154.331 0.0167205 -0.00262639 0.999857 0.443862
0.999626 -0.0260375 -0.00836926 -342.292 0.0260544 0.999659 0.00191819 -154.238 0.00831645 -0.00213553 0.999963 0.340361
0.999708 -0.0205412 -0.0127459 -351.546 0.0205774 0.999785 0.0027255 -154.111 0.0126872 -0.00298698 0.999915 0.129916
0.999804 -0.00608927 -0.0188137 -356.577 0.00594237 0.999951 -0.00785171 -154.006 0.0188606 0.00773838 0.999792 0.0201815
0.998119 0.0572763 -0.0218726 -367.171 -0.0571637 0.998348 0.00574033 -153.238 0.0221653 -0.00447921 0.999744 -0.254263
0.998448 0.0477315 -0.0286793 -372.534 -0.0476766 0.998859 0.00259499 -152.72 0.0287705 -0.00122363 0.999585 -0.443584
0.999723 0.0176484 -0.0156003 -384.064 -0.0174602 0.999774 0.0121256 -151.915 0.0158108 -0.0118498 0.999805 -0.838983
0.999698 0.0116271 -0.0216534 -389.999 -0.0112447 0.99978 0.0176983 -151.522 0.0218544 -0.0174494 0.999609 -0.986724
0.999452 -0.0101762 -0.0314968 -402.024 0.010849 0.999715 0.0212646 -151.023 0.0312714 -0.0215946 0.999278 -1.40019
0.999508 -0.0254582 -0.0182958 -408.032 0.0257141 0.999573 0.0138915 -150.897 0.0179344 -0.0143552 0.999736 -1.6164
0.998125 -0.0550175 -0.02683 -419.879 0.0553788 0.998382 0.0129159 -150.922 0.0260759 -0.0143774 0.999557 -1.97976
0.997949 -0.0571684 -0.0287948 -425.874 0.0578664 0.998035 0.0240232 -150.988 0.0273648 -0.0256402 0.999297 -2.17708
0.998421 -0.0477651 -0.0295705 -437.709 0.0481615 0.998757 0.0128453 -151.134 0.0289202 -0.0142492 0.99948 -2.59821
0.998974 -0.0422725 -0.0162389 -443.701 0.0428446 0.998408 0.0366754 -151.127 0.0146627 -0.0373336 0.999195 -2.77146
0.999069 -0.0398452 -0.0165382 -455.082 0.0406087 0.997986 0.0487321 -151.094 0.0145632 -0.0493583 0.998675 -3.09969
0.999054 -0.0373544 -0.0222833 -460.438 0.038321 0.998267 0.0446609 -151.1 0.0205764 -0.0454726 0.998754 -3.25858
0.999652 0.00586778 -0.0257132 -470.828 -0.00446274 0.998511 0.0543655 -150.873 0.0259939 -0.0542318 0.99819 -3.63023
0.998821 0.0451894 -0.0177234 -475.865 -0.0440629 0.997255 0.0594999 -150.492 0.0203635 -0.0586488 0.998071 -3.84958
0.986153 0.164763 -0.018842 -485.77 -0.163457 0.984887 0.057267 -149.049 0.0279927 -0.0533942 0.998181 -4.21428
0.966044 0.258294 -0.00654035 -490.665 -0.257638 0.964888 0.0511279 -147.797 0.0195167 -0.0477068 0.998671 -4.47932
0.884501 0.465754 -0.0270534 -499.812 -0.464177 0.884369 0.0493015 -143.647 0.0468876 -0.0310496 0.998417 -5.00234
0.827873 0.560674 -0.0164691 -504.142 -0.559223 0.827298 0.0533634 -140.679 0.0435443 -0.0349682 0.998439 -5.27853
0.732958 0.680014 -0.0187953 -512.2 -0.678989 0.732992 0.0411861 -133.472 0.0417839 -0.0174259 0.998975 -5.84016
0.70428 0.709674 -0.0187649 -516.01 -0.709066 0.704482 0.0304925 -129.39 0.0348593 -0.00816966 0.999359 -6.10539
0.677715 0.735157 -0.015743 -523.009 -0.734846 0.67789 0.0215973 -121.244 0.0265494 -0.0030681 0.999643 -6.62108
0.67492 0.737527 -0.0231664 -526.323 -0.737012 0.675316 0.0275935 -117.286 0.0359956 -0.00154948 0.999351 -6.84484
0.697125 0.716819 -0.0136916 -532.164 -0.716263 0.697165 0.0304569 -110.543 0.0313774 -0.0114255 0.999442 -7.21729
0.710925 0.70305 -0.0174949 -534.364 -0.702413 0.711068 0.0316068 -108.165 0.0346612 -0.0101815 0.999347 -7.37172
0.728904 0.684226 -0.0231097 -538.626 -0.683611 0.729247 0.0295734 -103.662 0.0370876 -0.00575813 0.999295 -7.62585
0.734003 0.678104 -0.0376085 -542.035 -0.677798 0.734909 0.0223234 -100.31 0.0427764 0.00910552 0.999043 -7.86103
0.693151 0.719271 -0.0468068 -545.85 -0.720041 0.693931 0.000597344 -96.2063 0.0329104 0.0332888 0.998904 -8.07367
0.634174 0.772249 -0.0381539 -551.305 -0.772945 0.634443 -0.0061336 -89.5558 0.0194698 0.0333806 0.999253 -8.41369
0.393899 0.91823 -0.0411893 -555.035 -0.918975 0.39431 0.00203794 -82.8244 0.0181126 0.0370492 0.999149 -8.60707
0.189121 0.981531 -0.0287994 -555.858 -0.981924 0.189264 0.00229481 -79.1685 0.0077031 0.0278448 0.999583 -8.67954
-0.198638 0.977767 -0.0671859 -555.224 -0.980024 -0.197478 0.0235577 -72.0687 0.00976626 0.0705233 0.997462 -8.75468
-0.368479 0.926951 -0.0706094 -553.876 -0.929632 -0.367189 0.0309193 -68.5135 0.00273368 0.0770339 0.997025 -8.75784
-0.698612 0.71187 -0.0719921 -549.156 -0.715214 -0.697637 0.0420891 -62.504 -0.0202625 0.0808937 0.996517 -8.62733
-0.766894 0.638682 -0.0629112 -545.924 -0.641103 -0.766884 0.0296091 -59.8716 -0.0293348 0.0630397 0.99758 -8.52024
-0.759883 0.646663 -0.0663637 -538.331 -0.64924 -0.760085 0.0275398 -54.0677 -0.0326331 0.064013 0.997415 -8.30252
-0.747282 0.662064 -0.0569294 -534.279 -0.664114 -0.747041 0.0297124 -50.8109 -0.022857 0.0600111 0.997936 -8.18581
-0.745771 0.663391 -0.0611447 -525.616 -0.665336 -0.746336 0.0175983 -43.6899 -0.0339599 0.0538061 0.997974 -7.94373
-0.750123 0.658567 -0.0600472 -520.867 -0.660372 -0.750782 0.0153197 -39.8259 -0.0349933 0.0511451 0.998078 -7.75081
-0.754462 0.653817 -0.0575383 -510.944 -0.655708 -0.754687 0.0222391 -31.8476 -0.0288831 0.0545069 0.998096 -7.37506
-0.755104 0.653879 -0.0475294 -505.645 -0.655062 -0.755443 0.0141388 -27.6684 -0.0266607 0.0418109 0.99877 -7.21497
-0.748545 0.6594 -0.0698013 -494.45 -0.661159 -0.750241 0.00284466 -18.6559 -0.050492 0.0482791 0.997557 -6.737
-0.749142 0.659787 -0.0588817 -488.803 -0.661802 -0.749298 0.0238939 -14.0466 -0.028355 0.056868 0.997979 -6.46969
-0.743498 0.665798 -0.0626421 -476.897 -0.667682 -0.744322 0.0136035 -4.40425 -0.0375687 0.0519391 0.997943 -5.99125
-0.742884 0.66636 -0.0639295 -470.824 -0.668419 -0.743603 0.0164342 0.626478 -0.0365871 0.0549404 0.997819 -5.72354
-0.74151 0.666564 -0.07652 -458.397 -0.669241 -0.74292 0.0136684 10.9165 -0.0477373 0.0613456 0.996974 -5.16486
-0.743701 0.665717 -0.0610791 -452.362 -0.667941 -0.743736 0.0266967 15.9132 -0.0276543 0.0606516 0.997776 -4.90053
-0.745871 0.661884 -0.0747425 -439.691 -0.664644 -0.746943 0.0180447 26.3418 -0.0438849 0.0631361 0.99704 -4.31707
-0.744169 0.663364 -0.0784901 -433.804 -0.666459 -0.745272 0.0200212 31.1781 -0.0452152 0.0672096 0.996714 -4.04088
-0.746828 0.660821 -0.0745922 -422.492 -0.663615 -0.74783 0.0191017 40.4097 -0.0431595 0.0637662 0.997031 -3.4431
-0.746579 0.661433 -0.0716027 -417.205 -0.664033 -0.747464 0.0189386 44.6931 -0.0409938 0.0616857 0.997253 -3.18921
-0.752211 0.654841 -0.0732293 -407.365 -0.657559 -0.75315 0.0195164 52.662 -0.0423725 0.062833 0.997124 -2.68379
-0.756365 0.649663 -0.0764876 -402.892 -0.652652 -0.757365 0.0210663 56.2501 -0.044243 0.0658536 0.996848 -2.45842
-0.76539 0.638975 -0.0767385 -395.22 -0.642013 -0.766374 0.022115 62.2252 -0.0446795 0.0661938 0.996806 -1.99118
-0.767034 0.6368 -0.078385 -392.079 -0.63975 -0.768373 0.0179836 64.624 -0.048777 0.0639408 0.996761 -1.8298
-0.763164 0.641298 -0.0794784 -388.005 -0.64386 -0.765089 0.00906546 67.7233 -0.0549944 0.0580914 0.996795 -1.58398
-0.761675 0.64361 -0.0749524 -386.959 -0.64611 -0.763136 0.0128609 68.5423 -0.0489214 0.0582233 0.997104 -1.5004
-0.760298 0.645171 -0.075505 -386.002 -0.647699 -0.76179 0.0127146 69.2818 -0.0493158 0.0585714 0.997064 -1.47025
-0.760385 0.645167 -0.0746642 -385.997 -0.647736 -0.761726 0.014572 69.2549 -0.0474723 0.059443 0.997102 -1.45922
-0.760404 0.645077 -0.0752387 -386.004 -0.647705 -0.761742 0.0150809 69.255 -0.0475842 0.0602 0.997051 -1.4731
-0.760242 0.645265 -0.075273 -386.001 -0.647897 -0.761578 0.0151326 69.2525 -0.0475617 0.0602735 0.997048 -1.46755
-0.760356 0.645075 -0.0757412 -385.997 -0.647727 -0.761726 0.0149593 69.2543 -0.0480442 0.060434 0.997015 -1.46712
-0.760403 0.645035 -0.0756088 -385.997 -0.647705 -0.761734 0.0154982 69.2606 -0.0475969 0.0607571 0.997017 -1.47124
-0.760318 0.645185 -0.0751835 -386 -0.647828 -0.761629 0.015481 69.2625 -0.0472738 0.0604765 0.99705 -1.48059
-0.760401 0.645061 -0.0754053 -385.996 -0.647714 -0.761728 0.0153986 69.2595 -0.0475053 0.0605502 0.997034 -1.4846
-0.760262 0.645174 -0.0758448 -386 -0.647851 -0.761612 0.015346 69.2617 -0.0478636 0.0608031 0.997002 -1.48848
-0.760789 0.645459 -0.0676985 -385.987 -0.647577 -0.761882 0.0133771 69.2652 -0.0429439 0.0540172 0.997616 -1.48189
-0.760393 0.645052 -0.0755656 -385.995 -0.647722 -0.761718 0.0155592 69.2607 -0.0475231 0.0607766 0.997019 -1.48468
-0.760287 0.645074 -0.0764379 -385.988 -0.647755 -0.761707 0.0146772 69.2614 -0.0487555 0.0606719 0.996966 -1.476
-0.758057 0.647145 -0.0809526 -385.182 -0.650279 -0.759484 0.0179424 69.8111 -0.0498709 0.0662431 0.996556 -1.43692
-0.755371 0.650549 -0.078748 -383.843 -0.653356 -0.756918 0.0141523 70.9257 -0.050399 0.0621407 0.996794 -1.34927
-0.749258 0.657791 -0.0769613 -381.402 -0.660344 -0.750883 0.0109733 72.9629 -0.0505708 0.0590428 0.996974 -1.17288
-0.747861 0.659166 -0.0787734 -380.796 -0.661926 -0.749459 0.0128295 73.3914 -0.0505807 0.0617369 0.99681 -1.13756
-0.743098 0.664333 -0.0804212 -378.98 -0.667298 -0.744647 0.0145967 74.8592 -0.0501884 0.0645117 0.996654 -1.06209
-0.740616 0.666341 -0.0864775 -377.284 -0.669558 -0.742666 0.0117552 76.2678 -0.056391 0.0666078 0.996184 -0.92775
-0.743344 0.663007 -0.0886645 -372.568 -0.666551 -0.745307 0.0150345 80.2087 -0.0561143 0.0702753 0.995948 -0.599707
-0.755917 0.647994 -0.0932401 -369.504 -0.651543 -0.758538 0.0105628 82.6393 -0.0638815 0.0687346 0.995588 -0.386353
-0.781552 0.61703 -0.0919222 -362.104 -0.621802 -0.782396 0.0349151 88.2715 -0.0503758 0.0844454 0.995154 0.127677
-0.794818 0.599677 -0.0930215 -357.708 -0.604331 -0.796113 0.0314186 91.3849 -0.0552147 0.0811879 0.995168 0.376763
-0.814292 0.572218 -0.0974413 -347.975 -0.57747 -0.815611 0.0361481 97.8842 -0.0587896 0.0857046 0.994585 1.02963
-0.820173 0.564341 -0.0939967 -342.551 -0.569099 -0.821612 0.032879 101.339 -0.0586738 0.0804598 0.995029 1.42876
-0.823243 0.559036 -0.0987387 -330.731 -0.563995 -0.825229 0.0300984 108.76 -0.064656 0.0804664 0.994658 2.23097
-0.827894 0.553468 -0.0909085 -324.517 -0.557631 -0.829641 0.0272746 112.605 -0.0603258 0.0732739 0.995486 2.67426
-0.828931 0.551045 -0.0960344 -311.332 -0.555351 -0.831278 0.0236972 120.667 -0.0667731 0.0729762 0.995096 3.61301
-0.833241 0.546183 -0.0859893 -304.526 -0.549803 -0.834942 0.0242691 124.795 -0.0585407 0.0674991 0.996 4.0852
-0.835478 0.539761 -0.103123 -290.512 -0.5456 -0.837161 0.0385035 133.234 -0.0655482 0.088433 0.993923 5.11191
-0.824751 0.556488 -0.100534 -283.495 -0.561883 -0.826492 0.0346203 137.513 -0.0638245 0.0850412 0.994331 5.59362
-0.826954 0.554526 -0.0929932 -269.332 -0.558559 -0.829153 0.0227457 146.267 -0.0644925 0.0707518 0.995407 6.62639
-0.832384 0.546021 -0.0948574 -262.272 -0.550272 -0.834629 0.0243871 150.609 -0.0658549 0.0724968 0.995192 7.1741
-0.833012 0.545678 -0.0912539 -247.781 -0.549849 -0.834819 0.0272666 159.292 -0.0613017 0.0728893 0.995454 8.21263
-0.835518 0.541478 -0.0933341 -240.401 -0.545549 -0.83775 0.0234876 163.683 -0.0654726 0.0705426 0.995358 8.74604
-0.83401 0.544439 -0.0895209 -225.346 -0.547427 -0.836781 0.0109806 172.598 -0.0689311 0.0581641 0.995924 9.89128
-0.834248 0.543199 -0.0946827 -217.623 -0.546775 -0.837148 0.0148719 177.218 -0.071185 0.064177 0.995396 10.4687
-0.838199 0.537693 -0.0911496 -202.109 -0.541177 -0.840735 0.0170793 186.341 -0.0674493 0.063644 0.995691 11.6368
-0.838609 0.536994 -0.091497 -194.24 -0.540385 -0.841276 0.0154328 190.988 -0.0686869 0.0623857 0.995686 12.2366
-0.830036 0.548649 -0.100124 -177.899 -0.55241 -0.833482 0.0123012 200.645 -0.0767022 0.0655197 0.994899 13.4453
-0.827998 0.552577 -0.0952771 -169.871 -0.55672 -0.830408 0.0220316 205.553 -0.0669447 0.0712848 0.995207 14.012
-0.828535 0.552507 -0.0909133 -153.461 -0.556257 -0.830753 0.0206942 215.58 -0.0640928 0.067717 0.995644 15.2292
-0.830595 0.549678 -0.089252 -145.193 -0.553574 -0.832425 0.0249819 220.607 -0.0605636 0.0701575 0.995696 15.8518
-0.842177 0.531513 -0.0907309 -128.499 -0.536315 -0.843112 0.0390969 230.547 -0.0557158 0.0815869 0.995108 17.0153
-0.841446 0.530401 -0.103171 -119.873 -0.536098 -0.843361 0.0366193 235.595 -0.0675879 0.0861231 0.993989 17.6381
-0.837256 0.534985 -0.113112 -103.012 -0.539503 -0.841906 0.0114507 245.311 -0.0891039 0.0706115 0.993516 18.9381
-0.844589 0.528304 -0.0869784 -95.1217 -0.532566 -0.845673 0.0348027 249.862 -0.0551689 0.0757157 0.995602 19.4989
-0.861212 0.491759 -0.128403 -79.3964 -0.496554 -0.867984 0.00622356 258.558 -0.108391 0.0691187 0.991703 20.7211
-0.881949 0.460433 -0.100831 -72.3533 -0.464856 -0.885046 0.0245408 262.028 -0.0779411 0.0685158 0.994601 21.2817
-0.910251 0.39983 -0.107608 -59.5275 -0.40364 -0.914789 0.015366 267.572 -0.0922947 0.0574217 0.994075 22.4034
-0.917979 0.383931 -0.099552 -54.514 -0.38759 -0.921621 0.0196946 269.423 -0.0841879 0.0566647 0.994837 22.8386
-0.921604 0.372683 -0.108415 -47.1028 -0.377045 -0.925928 0.0222161 272.141 -0.092105 0.0613518 0.993857 23.535
-0.923173 0.36914 -0.107182 -44.8291 -0.373877 -0.927074 0.0273708 272.949 -0.0892623 0.0653411 0.993863 23.7451
-0.924991 0.364822 -0.106283 -42.2865 -0.369735 -0.928646 0.0302148 273.836 -0.0876762 0.067245 0.993877 23.9667
-0.925047 0.364251 -0.107748 -41.7707 -0.369157 -0.928913 0.0290517 274.016 -0.0895066 0.0666502 0.993754 24.0106
-0.925254 0.363786 -0.107534 -41.6776 -0.368913 -0.928923 0.0317012 274.021 -0.0883582 0.0690023 0.993696 24.0112
-0.925115 0.363631 -0.109244 -41.671 -0.368869 -0.928943 0.031617 274.017 -0.089985 0.0695463 0.993512 24.0123
-0.925387 0.363778 -0.10642 -41.6788 -0.36876 -0.92901 0.0309353 274.019 -0.0876116 0.0678705 0.99384 24.0046
-0.925138 0.363777 -0.108564 -41.6749 -0.368959 -0.928911 0.0315099 274.014 -0.0893839 0.0692067 0.99359 24.0031
-0.925239 0.363841 -0.107483 -41.6806 -0.368932 -0.928928 0.031337 274.011 -0.0884424 0.0686482 0.993713 23.9974
-0.925274 0.363871 -0.107075 -41.6798 -0.368931 -0.928929 0.0313054 274.019 -0.0880736 0.0684693 0.993758 23.998
-0.925292 0.36366 -0.107638 -41.6686 -0.368753 -0.929002 0.0312446 274.02 -0.0886339 0.0686023 0.993699 24.0031
-0.925235 0.363892 -0.107343 -41.6768 -0.368964 -0.928919 0.0312255 274.022 -0.0883498 0.0684965 0.993732 24.0005
-0.925286 0.363695 -0.107574 -41.6807 -0.36876 -0.929009 0.0309749 274.018 -0.0886716 0.0683295 0.993714 24.0038
-0.925221 0.363734 -0.108004 -41.675 -0.368851 -0.928963 0.0312349 274.019 -0.0889703 0.0687365 0.99366 24.0038
-0.925184 0.363919 -0.107692 -41.683 -0.368992 -0.928917 0.0309593 274.022 -0.0887705 0.0683806 0.993702 23.9983
-0.925222 0.363855 -0.107579 -41.6864 -0.368959 -0.928915 0.0314047 274.019 -0.0885052 0.0687486 0.9937 23.9992
-0.925098 0.363798 -0.108834 -41.6797 -0.368992 -0.928901 0.0314325 274.02 -0.0896611 0.069237 0.993563 24.002
-0.92513 0.363549 -0.109392 -41.6713 -0.368805 -0.928966 0.031705 274.019 -0.0900949 0.0696756 0.993493 23.9985
-0.92513 0.363931 -0.108109 -41.6712 -0.369032 -0.928901 0.0309518 274.023 -0.0891587 0.0685302 0.993657 23.9973
-0.925256 0.363783 -0.107535 -41.6777 -0.368866 -0.928958 0.0312113 274.019 -0.0885412 0.0685444 0.993711 23.999
-0.925202 0.363882 -0.107667 -41.6778 -0.36896 -0.928926 0.0310527 274.022 -0.0887157 0.068455 0.993702 24.002
-0.925155 0.363834 -0.108226 -41.6742 -0.368978 -0.928909 0.0313579 274.019 -0.0891228 0.0689438 0.993632 23.9954
-0.92519 0.363697 -0.108386 -41.671 -0.368859 -0.928954 0.0314363 274.022 -0.0892522 0.0690637 0.993612 23.9954
-0.925333 0.363797 -0.106824 -41.6762 -0.368825 -0.928977 0.0311438 274.023 -0.0879069 0.0682177 0.99379 23.9998
-0.925097 0.363964 -0.108288 -41.6789 -0.369134 -0.928839 0.0315877 274.024 -0.0890858 0.0691946 0.993618 23.9924
-0.925147 0.363864 -0.108198 -41.6787 -0.369003 -0.9289 0.0313167 274.023 -0.0891097 0.0688978 0.993636 23.996
-0.925189 0.363818 -0.107992 -41.6803 -0.368942 -0.928925 0.0313176 274.025 -0.0889222 0.0688174 0.993658 23.9955
-0.925139 0.363933 -0.108026 -41.68 -0.369003 -0.928921 0.0306806 274.022 -0.0891816 0.0682457 0.993675 23.998
-0.925319 0.363699 -0.107274 -41.6781 -0.36873 -0.929025 0.0308308 274.021 -0.0884473 0.0680835 0.993751 23.9941
-0.925116 0.363771 -0.108769 -41.6701 -0.368973 -0.928904 0.0315722 274.02 -0.0895508 0.0693407 0.993566 23.9924
-0.925268 0.363734 -0.107597 -41.6765 -0.368868 -0.92894 0.0317365 274.021 -0.0884075 0.0690538 0.993688 23.9958
-0.925343 0.363808 -0.106698 -41.6775 -0.368814 -0.928986 0.0309915 274.022 -0.0878462 0.0680295 0.993808 23.9915
-0.925208 0.363894 -0.107568 -41.6767 -0.368983 -0.92891 0.0312546 274.025 -0.0885481 0.068608 0.993706 23.9954
-0.925196 0.363782 -0.108048 -41.6739 -0.368947 -0.928909 0.0317283 274.024 -0.0888248 0.0692189 0.993639 23.988
-0.925141 0.364013 -0.107746 -41.6769 -0.369081 -0.928884 0.0308674 274.022 -0.0888472 0.0683236 0.993699 23.9883
-0.925204 0.363791 -0.107956 -41.6774 -0.368921 -0.92893 0.0314151 274.022 -0.0888555 0.0688928 0.993659 23.9925
-0.925209 0.363852 -0.107707 -41.6797 -0.368929 -0.92894 0.031008 274.021 -0.0887712 0.0684252 0.993699 23.9875
-0.925134 0.363742 -0.108717 -41.6711 -0.368959 -0.928902 0.0317852 274.024 -0.0894257 0.0695177 0.993564 23.9913
-0.925239 0.363691 -0.107986 -41.6766 -0.368838 -0.928957 0.0315728 274.021 -0.088832 0.0690419 0.993651 23.9866
-0.925053 0.363949 -0.108711 -41.6648 -0.369105 -0.928867 0.0311025 274.02 -0.0896583 0.0688972 0.993587 23.9918
-0.925148 0.363844 -0.108252 -41.6782 -0.369012 -0.928887 0.0316057 274.021 -0.0890548 0.0691865 0.993621 23.9911
-0.925132 0.363993 -0.107888 -41.6655 -0.369116 -0.928853 0.0313765 274.021 -0.0887911 0.0688505 0.993668 23.9915
-0.925182 0.363966 -0.107548 -41.6598 -0.36908 -0.928862 0.031538 274.013 -0.088419 0.0688723 0.993699 23.9943
-0.925184 0.364012 -0.107379 -41.6808 -0.369091 -0.928867 0.0312667 274.024 -0.088359 0.0685598 0.993726 23.9955
-0.925211 0.363977 -0.107262 -41.673 -0.369042 -0.928888 0.0312143 274.02 -0.088273 0.0684639 0.993741 23.994
-0.925193 0.363809 -0.107988 -41.6776 -0.368943 -0.92892 0.0314273 274.013 -0.0888792 0.0689179 0.993655 23.9895
-0.925221 0.363984 -0.107153 -41.6699 -0.369043 -0.928888 0.0312208 274.018 -0.0881689 0.0684301 0.993752 23.9901
-0.925076 0.363876 -0.108757 -41.6655 -0.369093 -0.92885 0.0317546 274.022 -0.0894641 0.0695169 0.993561 23.9875
-0.92512 0.363798 -0.108649 -41.6678 -0.368991 -0.928897 0.0315675 274.02 -0.0894399 0.0692944 0.993579 23.9953
-0.925026 0.364111 -0.108399 -41.6669 -0.369265 -0.928796 0.0313272 274.018 -0.0892741 0.0690065 0.993614 23.991
-0.924949 0.363986 -0.109471 -41.6713 -0.369213 -0.928818 0.0313004 274.02 -0.0902853 0.0693693 0.993497 23.9934
-0.925171 0.363938 -0.107736 -41.6782 -0.36905 -0.92888 0.0313647 274.018 -0.0886594 0.0687777 0.993685 23.9946
-0.925049 0.36398 -0.108638 -41.6615 -0.36916 -0.928834 0.0314287 274.02 -0.0894671 0.0691779 0.993584 23.9939
-0.92517 0.364077 -0.107273 -41.6712 -0.369146 -0.928846 0.0312412 274.019 -0.088266 0.0685029 0.993739 23.9964
-0.925028 0.363919 -0.109024 -41.6691 -0.369129 -0.928845 0.0314683 274.021 -0.0898142 0.0693529 0.993541 23.9939
-0.924998 0.364022 -0.108931 -41.6719 -0.36922 -0.928812 0.0313935 274.018 -0.0897487 0.0692586 0.993553 23.9978
-0.925009 0.36408 -0.108644 -41.6438 -0.369291 -0.92877 0.0317715 274.023 -0.0893383 0.0695104 0.993573 24.0079
-0.92527 0.363172 -0.109463 -41.3979 -0.368535 -0.929033 0.0328478 274.108 -0.0897653 0.070734 0.993448 24.0356
-0.924458 0.364185 -0.112906 -40.8456 -0.370023 -0.928354 0.0352301 274.272 -0.0919862 0.0743464 0.992981 24.0797
-0.923358 0.367161 -0.112262 -39.4975 -0.372793 -0.927314 0.0333855 274.736 -0.0918445 0.0726774 0.993118 24.2151
-0.922029 0.371555 -0.10867 -37.2849 -0.376796 -0.925752 0.0317389 275.546 -0.088809 0.0702107 0.993571 24.4306
-0.919588 0.380327 -0.0985318 -34.5447 -0.383913 -0.923159 0.0196839 276.511 -0.0834742 0.0559288 0.994939 24.6147
-0.916599 0.388996 -0.0923453 -31.1754 -0.391735 -0.919987 0.0129125 277.766 -0.0799336 0.0480104 0.995643 24.8961
-0.916394 0.387291 -0.101134 -27.694 -0.390466 -0.920526 0.012946 279.11 -0.0880825 0.051353 0.994789 25.1773
-0.931664 0.348984 -0.101061 -24.1077 -0.351678 -0.936071 0.00962044 280.407 -0.0912429 0.044504 0.994834 25.5252
-0.968494 0.220268 -0.116192 -20.1259 -0.222407 -0.974938 0.00561196 281.475 -0.112044 0.0312772 0.993211 25.9235
-0.993946 0.0525605 -0.0964767 -16.373 -0.0533779 -0.998557 0.00590999 281.741 -0.0960268 0.0110239 0.995318 26.2937
-0.988093 -0.123509 -0.0917495 -12.6186 0.121095 -0.992142 0.0314562 281.454 -0.0949137 0.0199713 0.995285 26.6489
-0.944106 -0.318295 -0.0857447 -8.93793 0.318092 -0.947918 0.0163805 280.351 -0.0864928 -0.0118098 0.996182 27.0079
-0.82908 -0.551898 -0.0896382 -5.27308 0.552757 -0.833165 0.0172054 278.297 -0.084179 -0.0352835 0.995826 27.3727
-0.611858 -0.786409 -0.0848031 -1.49292 0.78926 -0.614059 -0.000165495 274.082 -0.0519439 -0.067033 0.996398 27.8204
-0.494859 -0.865122 -0.0817232 0.976082 0.867548 -0.497242 0.0105242 269.811 -0.0497409 -0.0656909 0.996599 28.0758
-0.44563 -0.892578 -0.0686877 3.24855 0.892984 -0.448624 0.0362783 264.74 -0.0631961 -0.0451703 0.996978 28.3305
-0.465117 -0.882363 -0.0714342 5.8227 0.882196 -0.468697 0.0453077 259.269 -0.0734588 -0.0419457 0.996416 28.7596
-0.429468 -0.900297 -0.0708729 8.40736 0.900404 -0.432913 0.0431076 253.632 -0.0694915 -0.0453009 0.996553 29.1829
-0.415934 -0.905989 -0.0786332 10.7107 0.905914 -0.420348 0.0512567 247.971 -0.0794913 -0.0499156 0.995585 29.5544
-0.438708 -0.895724 -0.072204 13.1483 0.89567 -0.442365 0.0457037 242.194 -0.0728785 -0.0446204 0.996342 29.947
-0.479643 -0.873797 -0.0801377 16.046 0.873722 -0.484027 0.0482465 235.945 -0.0809464 -0.046877 0.995615 30.4517
-0.522595 -0.849494 -0.0724888 19.5322 0.848208 -0.526633 0.056579 229.506 -0.0862385 -0.0319176 0.995763 31.0099
-0.531352 -0.844146 -0.0712986 23.4342 0.842175 -0.535465 0.0633862 222.872 -0.0916851 -0.0263656 0.995439 31.628
-0.517694 -0.850393 -0.0939404 27.4563 0.850429 -0.523488 0.0522499 215.557 -0.0936096 -0.0528402 0.994206 32.297
-0.50235 -0.859873 -0.0909021 31.6409 0.861091 -0.50705 0.0377198 207.849 -0.0785261 -0.0593264 0.995145 33.0068
-0.482834 -0.870847 -0.092184 35.8754 0.871543 -0.488125 0.0463323 199.635 -0.0853456 -0.0579715 0.994663 33.7697
-0.473268 -0.876226 -0.0908053 39.994 0.874926 -0.479547 0.0673652 191.352 -0.102573 -0.0475661 0.993588 34.5552
-0.478386 -0.873414 -0.0910748 43.8516 0.87293 -0.484269 0.0589686 183.468 -0.0956087 -0.0512922 0.994097 35.397
-0.498653 -0.861022 -0.099936 47.7253 0.85883 -0.506372 0.0774478 175.871 -0.117289 -0.0472085 0.991975 36.2996
-0.515008 -0.851368 -0.0996925 51.5361 0.848079 -0.522987 0.0851242 168.891 -0.12461 -0.0407075 0.99137 37.2082
-0.53227 -0.838844 -0.114146 55.3477 0.832792 -0.543054 0.107474 162.147 -0.152141 -0.0378547 0.987634 38.1982
-0.55649 -0.823895 -0.107316 59.0053 0.820258 -0.565353 0.0869053 156.085 -0.132273 -0.0396652 0.990419 39.1539
-0.572319 -0.812728 -0.109195 62.8807 0.809215 -0.581297 0.0852385 150.065 -0.132751 -0.0395786 0.990359 40.0557
-0.592914 -0.797587 -0.110943 66.9579 0.79363 -0.60211 0.0872592 143.909 -0.136396 -0.0363102 0.989989 40.9535
-0.628743 -0.770299 -0.106404 71.1434 0.76821 -0.636512 0.0685918 138.174 -0.120564 -0.0386144 0.991954 41.8233
-0.659944 -0.743005 -0.111433 75.318 0.744237 -0.666807 0.0384634 132.829 -0.102883 -0.057549 0.993027 42.5979
-0.681242 -0.724461 -0.105192 79.2143 0.724194 -0.687936 0.047824 128.29 -0.107012 -0.0435996 0.993301 43.2075
-0.693682 -0.713388 -0.0994147 82.2746 0.713602 -0.699425 0.0397182 124.848 -0.0978676 -0.0433907 0.994253 43.6344
-0.700952 -0.706438 -0.0980335 84.5441 0.706847 -0.706424 0.0365076 122.326 -0.0950436 -0.0437046 0.994513 43.9538
-0.705705 -0.701566 -0.0989199 85.9502 0.702204 -0.711158 0.0341257 120.815 -0.0942891 -0.0453792 0.99451 44.121
-0.706924 -0.700632 -0.0968151 86.4817 0.70107 -0.712225 0.035167 120.234 -0.0935933 -0.0430138 0.994681 44.1846
-0.706515 -0.701427 -0.0940073 86.4339 0.701564 -0.711636 0.0371844 120.218 -0.0929811 -0.0396808 0.994877 44.1759
-0.70667 -0.701843 -0.0896347 86.4259 0.701946 -0.711335 0.0357089 120.228 -0.0888223 -0.0376843 0.995334 44.1751
-0.706437 -0.701715 -0.0924221 86.4245 0.701785 -0.711414 0.0372475 120.233 -0.0918875 -0.0385474 0.995023 44.179
-0.706658 -0.70144 -0.0928257 86.4253 0.701501 -0.711681 0.0374917 120.222 -0.0923605 -0.0386235 0.994976 44.1797
-0.706548 -0.701391 -0.0940272 86.4358 0.701489 -0.711688 0.037603 120.219 -0.0932924 -0.0393908 0.994859 44.1718
-0.706412 -0.701659 -0.0930381 86.419 0.70172 -0.71146 0.0376059 120.229 -0.0925794 -0.0387214 0.994952 44.1732
-0.706493 -0.701564 -0.0931428 86.4291 0.701615 -0.711556 0.0377482 120.221 -0.0927591 -0.0386816 0.994937 44.1688
-0.706631 -0.701428 -0.0931144 86.4257 0.701524 -0.711672 0.0372415 120.224 -0.0923891 -0.0390061 0.994959 44.1671
-0.706503 -0.70158 -0.0929467 86.4209 0.701629 -0.711545 0.0376872 120.231 -0.0925763 -0.038588 0.994958 44.164
-0.706635 -0.701539 -0.0922468 86.4228 0.701631 -0.711583 0.0369259 120.224 -0.0915462 -0.0386301 0.995051 44.1689
-0.706619 -0.701425 -0.0932368 86.421 0.701539 -0.711665 0.0370969 120.223 -0.092374 -0.0391959 0.994953 44.1612
-0.706681 -0.70138 -0.0931085 86.4225 0.7015 -0.71171 0.036976 120.225 -0.0922005 -0.0391853 0.994969 44.1664
-0.706883 -0.701149 -0.0933123 86.4205 0.701223 -0.711953 0.0375338 120.223 -0.0927507 -0.0389007 0.994929 44.1655
-0.706568 -0.701615 -0.0921888 86.4188 0.701519 -0.711586 0.0389289 120.192 -0.0929134 -0.0371663 0.99498 44.1697
-0.707407 -0.700696 -0.092733 86.6482 0.700215 -0.712628 0.0431205 119.882 -0.0962985 -0.0344293 0.994757 44.2116
-0.70865 -0.699729 -0.0905304 87.7198 0.699662 -0.713473 0.0378019 118.735 -0.091042 -0.0365524 0.995176 44.342
-0.71062 -0.698134 -0.0873431 89.4612 0.698402 -0.714965 0.0325563 116.906 -0.0851759 -0.0378655 0.995646 44.5425
-0.71313 -0.696129 -0.0827613 91.6487 0.696789 -0.716826 0.0253965 114.601 -0.0770046 -0.0395562 0.996246 44.7955
-0.716991 -0.692398 -0.0806746 94.1795 0.692683 -0.720661 0.0289642 111.96 -0.0781938 -0.0351148 0.99632 45.0707
-0.730774 -0.678447 -0.075365 97.2486 0.677734 -0.734293 0.0385952 108.84 -0.0815248 -0.0228731 0.996409 45.3754
-0.750859 -0.657613 -0.0612903 100.596 0.656645 -0.753261 0.0376289 105.616 -0.0709129 -0.011992 0.99741 45.68
-0.765606 -0.641538 -0.0477164 104.274 0.640352 -0.767091 0.0389936 102.265 -0.0616187 -0.000701537 0.9981 45.9859
