1 0 0 0 0 1 0 0 0 0 1 0
0.999993 0.00192203 0.00306454 -0.958638 -0.00192738 0.999997 0.0017425 0.0526598 -0.00306118 -0.0017484 0.999994 -0.0207632
0.999994 -0.000679879 0.00330749 -2.06352 0.000678861 1 0.000308901 0.0939808 -0.0033077 -0.000306654 0.999994 -0.0283625
0.999952 -0.00811428 0.00548733 -3.0391 0.00810876 0.999967 0.00102748 0.139426 -0.00549548 -0.000982936 0.999984 -0.0353207
0.999795 -0.0192533 0.00620734 -4.1602 0.0192458 0.999814 0.00125468 0.162648 -0.00623034 -0.00113496 0.99998 -0.0502585
0.99959 -0.0284044 0.00357142 -5.15405 0.0283951 0.999593 0.0026318 0.192354 -0.00364472 -0.00252931 0.99999 -0.0695535
0.999029 -0.0440323 0.00156704 -6.17792 0.0440261 0.999023 0.0037774 0.186656 -0.00173183 -0.00370474 0.999992 -0.0670088
0.997796 -0.0662931 0.00299969 -7.16687 0.0662732 0.997782 0.00629409 0.176408 -0.00341029 -0.00608142 0.999976 -0.0845675
0.993834 -0.110699 0.00623452 -8.32625 0.110649 0.993828 0.00792757 0.118042 -0.00707361 -0.00718885 0.999949 -0.0915211
0.98169 -0.190397 0.00582707 -9.42529 0.190357 0.981692 0.00673412 -0.0311402 -0.00700254 -0.00550159 0.99996 -0.088355
0.959652 -0.281178 0.00262394 -10.3277 0.281098 0.959535 0.0166302 -0.257528 -0.00719381 -0.0152216 0.999858 -0.0897395
0.92281 -0.385256 -0.00045046 -11.1631 0.385212 0.922686 0.0162067 -0.493566 -0.00582807 -0.0151292 0.999869 -0.083019
0.861002 -0.508581 -0.00446452 -11.9714 0.50855 0.86076 0.0216493 -0.888179 -0.00716753 -0.0209105 0.999756 -0.0899891
0.770232 -0.637757 -0.00308457 -12.7044 0.637678 0.770039 0.0201739 -1.52288 -0.0104908 -0.0175055 0.999792 -0.0833945
0.684577 -0.728919 -0.00569808 -13.2015 0.728845 0.684339 0.0215738 -2.0606 -0.0118261 -0.018922 0.999751 -0.114531
0.587843 -0.808899 -0.0110478 -13.611 0.808883 0.587515 0.0231164 -2.65091 -0.0122081 -0.0225251 0.999672 -0.100376
0.485026 -0.874408 -0.0126427 -13.9799 0.874387 0.484681 0.023068 -3.31264 -0.0140432 -0.0222432 0.999654 -0.0408103
0.349298 -0.936996 -0.00546277 -14.3173 0.936817 0.349101 0.0224086 -4.20441 -0.0190897 -0.0129449 0.999734 -0.0468909
0.238824 -0.971055 -0.00392308 -14.5547 0.970814 0.23867 0.0235819 -5.22831 -0.021963 -0.00944052 0.999714 -0.0632605
0.162396 -0.986723 -0.00214711 -14.6985 0.986394 0.162285 0.0262787 -6.2362 -0.0255813 -0.00638546 0.999652 -0.0721763
0.11322 -0.993569 0.000910912 -14.8576 0.993173 0.113201 0.0281706 -7.36649 -0.0280925 -0.00228478 0.999603 -0.0432099
0.0789909 -0.996875 -0.00101432 -14.9698 0.996454 0.0789279 0.0291534 -8.53685 -0.0289822 -0.00331357 0.999574 -0.0147548
0.060502 -0.998167 -0.00121084 -15.0865 0.997728 0.0604393 0.0297542 -9.48102 -0.0296265 -0.00300828 0.999557 0.0506203
0.0436293 -0.999047 -0.000778587 -15.1562 0.998586 0.0435854 0.0304434 -10.4529 -0.0303805 -0.00210571 0.999536 0.0458436
0.0290411 -0.999578 -0.00107565 -15.2228 0.99908 0.0289926 0.0315856 -11.5001 -0.031541 -0.00199195 0.9995 0.0597742
0.0157963 -0.999875 0.000980051 -15.2979 0.999327 0.0158201 0.0330859 -12.5532 -0.0330972 0.000456758 0.999452 0.0473251
0.00323349 -0.999988 0.00357857 -15.34 0.999438 0.00335109 0.033359 -13.6344 -0.0333706 0.00346869 0.999437 0.0914492
-0.00656891 -0.999961 0.00589096 -15.3729 0.999448 -0.00637341 0.0326137 -14.7646 -0.0325749 0.00610195 0.999451 0.124047
-0.0162648 -0.999845 0.00677214 -15.3872 0.999334 -0.0160344 0.0327823 -15.9399 -0.0326686 0.00730083 0.99944 0.127712
-0.0251722 -0.999657 0.00720486 -15.4073 0.999075 -0.024905 0.0350548 -17.082 -0.0348634 0.0080806 0.999359 0.158306
-0.0335739 -0.999397 0.00884203 -15.4231 0.998809 -0.0332379 0.0357291 -18.3335 -0.0354137 0.0100311 0.999322 0.205604
-0.0382934 -0.999224 0.00926854 -15.426 0.998638 -0.0379388 0.0358057 -19.6269 -0.0354263 0.010627 0.999316 0.269279
-0.0397668 -0.999158 0.0101206 -15.4371 0.998536 -0.0393664 0.0370934 -20.8994 -0.0366637 0.0115809 0.999261 0.321167
-0.0377947 -0.999232 0.0103793 -15.413 0.99857 -0.0373726 0.0382285 -22.2401 -0.0378112 0.0118093 0.999215 0.36227
-0.0339758 -0.999368 0.0104174 -15.4201 0.998804 -0.0335864 0.0355218 -23.5752 -0.0351495 0.0116118 0.999315 0.393437
-0.0309062 -0.999501 0.00654112 -15.4659 0.999039 -0.0306871 0.0313028 -24.9573 -0.0310864 0.00750228 0.999489 0.438153
-0.0300341 -0.999528 0.00643097 -15.4749 0.998955 -0.0297937 0.0346717 -26.3629 -0.0344637 0.00746557 0.999378 0.416672
-0.0303386 -0.999503 0.00855307 -15.487 0.9989 -0.0300121 0.0360151 -27.3123 -0.0357405 0.00963632 0.999315 0.457342
-0.0305004 -0.999518 0.0058428 -15.5024 0.998836 -0.0302601 0.0375709 -28.3235 -0.037376 0.00698193 0.999277 0.486468
-0.0265156 -0.999646 -0.00217858 -15.5285 0.999268 -0.0265656 0.0275294 -29.7827 -0.0275776 -0.00144702 0.999619 0.490354
-0.0262294 -0.999655 -0.00111524 -15.5196 0.999235 -0.0262507 0.0290006 -30.8065 -0.0290199 -0.000353714 0.999579 0.540926
-0.0254129 -0.999677 0.000301988 -15.5633 0.999294 -0.0253948 0.0276868 -31.8231 -0.0276702 0.00100538 0.999617 0.574369
-0.023939 -0.999713 0.00122872 -15.5812 0.999317 -0.0238949 0.0282039 -32.9212 -0.0281665 0.00190306 0.999601 0.631614
-0.0233811 -0.999723 0.0027925 -15.6078 0.999521 -0.0233196 0.0203374 -33.9142 -0.0202667 0.00326668 0.999789 0.641047
-0.0235225 -0.999716 0.00376596 -15.6208 0.999488 -0.0234351 0.021768 -35.0025 -0.0216736 0.00427608 0.999756 0.639684
-0.0218312 -0.999749 0.00491632 -15.6265 0.999366 -0.0216841 0.0282196 -36.0761 -0.0281059 0.00552928 0.99959 0.636369
-0.0207483 -0.999746 0.00876478 -15.6541 0.999394 -0.0204945 0.0281171 -37.1914 -0.0279303 0.00934286 0.999566 0.673848
-0.0178463 -0.999794 0.00968099 -15.6909 0.999432 -0.0175614 0.0287577 -38.267 -0.0285817 0.0101887 0.99954 0.701935
-0.0173479 -0.999752 0.0139617 -15.7105 0.999468 -0.0169541 0.0278499 -39.4363 -0.0276063 0.0144374 0.999515 0.735651
-0.017562 -0.999636 0.0204987 -15.7049 0.999539 -0.0170451 0.0251268 -40.5318 -0.0247682 0.0209305 0.999474 0.725832
-0.0172971 -0.999632 0.0208908 -15.7478 0.99947 -0.0167102 0.0279538 -41.6944 -0.0275944 0.0213632 0.999391 0.677242
-0.0145582 -0.999598 0.0243362 -15.782 0.999485 -0.013852 0.0289363 -42.8392 -0.0285876 0.024745 0.999285 0.736688
-0.0141884 -0.999579 0.0252996 -15.7893 0.999476 -0.0134413 0.0294593 -43.9974 -0.0291068 0.0257043 0.999246 0.763315
-0.0110185 -0.99977 0.0184107 -15.8285 0.999575 -0.0105153 0.0272043 -45.1677 -0.0270045 0.0187027 0.99946 0.849272
-0.00756884 -0.999835 0.0165068 -15.8837 0.999552 -0.00708663 0.0290811 -46.3659 -0.0289593 0.0167195 0.999441 0.853258
-0.00761044 -0.999876 0.0137677 -15.9592 0.999408 -0.00714338 0.0336625 -47.5682 -0.0335599 0.0140157 0.999338 0.856767
-0.00981855 -0.999904 0.00972485 -16.0011 0.999435 -0.00950027 0.0322508 -48.7352 -0.0321554 0.010036 0.999433 0.930864
-0.0104803 -0.999942 0.00260862 -16.0597 0.999456 -0.0103935 0.0313036 -49.9755 -0.0312746 0.00293527 0.999507 0.993963
-0.0117518 -0.999898 0.0080989 -16.1019 0.999473 -0.011501 0.0303602 -51.1754 -0.030264 0.00845142 0.999506 1.00709
-0.0108658 -0.999915 0.0072287 -16.1537 0.999462 -0.0106367 0.0310133 -52.3442 -0.0309338 0.0075618 0.999493 1.04152
-0.00965238 -0.999947 0.00360933 -16.1534 0.999422 -0.00952959 0.032622 -53.5553 -0.0325858 0.00392212 0.999461 1.08641
-0.00955164 -0.999923 0.00796516 -16.2012 0.999409 -0.00928319 0.033096 -54.7062 -0.0330196 0.00827657 0.99942 1.09676
-0.00852609 -0.999962 0.00197164 -16.2732 0.999405 -0.0084554 0.0334423 -55.8561 -0.0334244 0.00225559 0.999439 1.12697
-0.00614798 -0.99998 0.00156918 -16.3069 0.9994 -0.00609088 0.0340847 -56.9797 -0.0340745 0.00177779 0.999418 1.15066
-0.00663304 -0.999978 -0.000978796 -16.3544 0.999635 -0.00665641 0.0261819 -58.1028 -0.0261879 -0.000804773 0.999657 1.19664
-0.00549006 -0.999984 0.00126299 -16.3999 0.999731 -0.00546026 0.022539 -59.25 -0.0225318 0.00138639 0.999745 1.15382
-0.00579262 -0.999967 0.00572383 -16.4437 0.999644 -0.00564158 0.0260526 -60.3501 -0.0260194 0.00587272 0.999644 1.18166
-0.0052191 -0.999978 0.00417461 -16.4643 0.999632 -0.00510609 0.0266448 -61.4972 -0.0266229 0.00431214 0.999636 1.22722
-0.00628448 -0.999926 0.0104112 -16.4963 0.999621 -0.00600266 0.0268717 -62.62 -0.0268072 0.0105762 0.999585 1.23452
-0.0071429 -0.999947 0.0073677 -16.5532 0.999587 -0.00693476 0.0278998 -63.6653 -0.0278472 0.00756394 0.999584 1.26484
-0.00890291 -0.999946 0.00540054 -16.5959 0.999553 -0.00874496 0.0285944 -64.7421 -0.0285456 0.0056527 0.999577 1.29826
-0.0137298 -0.999865 0.00903132 -16.5769 0.999509 -0.0134692 0.0283008 -65.8212 -0.0281753 0.00941545 0.999559 1.32345
-0.0137025 -0.999887 0.00614893 -16.6164 0.999519 -0.0135258 0.0279143 -66.8851 -0.027828 0.00652846 0.999591 1.35576
-0.0111983 -0.999905 0.00799901 -16.6476 0.99965 -0.0110031 0.0240428 -67.9918 -0.0239525 0.00826545 0.999679 1.37677
-0.00568414 -0.999955 0.00758393 -16.6485 0.999852 -0.00556028 0.0162553 -68.9999 -0.0162124 0.00767522 0.999839 1.32577
0.006437 -0.999944 0.00842577 -16.7181 0.999695 0.00663573 0.02378 -70.036 -0.0238346 0.00827013 0.999682 1.34622
0.0206439 -0.999748 0.00887707 -16.8427 0.999253 0.0209221 0.0324798 -71.0568 -0.0326574 0.00819994 0.999433 1.3881
0.0347713 -0.999357 0.00876979 -16.8796 0.998856 0.0350393 0.0325282 -72.1159 -0.0328146 0.00762871 0.999432 1.43821
0.0514411 -0.998654 0.00657163 -16.9789 0.998133 0.051629 0.0326286 -73.1351 -0.032924 0.00488091 0.999446 1.47351
0.0675378 -0.99769 0.00724515 -17.0686 0.997286 0.0677202 0.0288965 -74.2389 -0.0293204 0.00527388 0.999556 1.5056
0.0834005 -0.99649 0.00718436 -17.19 0.995972 0.0835909 0.0324319 -75.307 -0.0329186 0.00445058 0.999448 1.49612
0.0971866 -0.995225 0.00905993 -17.3695 0.994651 0.0974425 0.0342685 -76.4269 -0.0349877 0.00568104 0.999372 1.51314
0.109286 -0.993964 0.0096302 -17.499 0.993368 0.109558 0.0348807 -77.5208 -0.0357252 0.00575438 0.999345 1.54785
0.119486 -0.992777 0.0108432 -17.7016 0.992316 0.11977 0.0310478 -78.6498 -0.0321223 0.00705012 0.999459 1.55111
0.127037 -0.991817 0.0126496 -17.9075 0.991456 0.127351 0.0282222 -79.8387 -0.0296022 0.00895625 0.999522 1.58873
0.132181 -0.991158 0.0116056 -18.1199 0.990813 0.132455 0.0273067 -80.9926 -0.0286025 0.00788958 0.99956 1.62876
0.135659 -0.990723 0.00804788 -18.3386 0.990336 0.135833 0.0279924 -82.1649 -0.0288258 0.00417269 0.999576 1.64377
0.135813 -0.990688 0.00963473 -18.5594 0.990364 0.136022 0.026028 -83.3895 -0.0270961 0.00600695 0.999615 1.63926
0.134642 -0.990871 0.00681219 -18.7695 0.99044 0.134786 0.0293496 -84.6261 -0.0299998 0.00279537 0.999546 1.70552
0.13113 -0.991358 0.00369396 -19.0102 0.99094 0.131182 0.0288105 -85.8576 -0.0290461 -0.000117445 0.999578 1.76103
0.12836 -0.991702 0.00716123 -19.2516 0.991336 0.128509 0.0271603 -87.1457 -0.0278552 0.00361288 0.999605 1.76904
0.121318 -0.992596 0.00589764 -19.4927 0.992139 0.121442 0.0302182 -88.3861 -0.0307106 0.00218526 0.999526 1.81257
0.112281 -0.993676 -0.000535162 -19.6637 0.993175 0.112207 0.0318389 -89.6622 -0.0315775 -0.0041064 0.999493 1.82572
0.101535 -0.994831 0.0016388 -19.8559 0.994327 0.101535 0.0316797 -90.9793 -0.0316823 -0.00158708 0.999497 1.84707
0.0909062 -0.995859 -0.00116912 -20.0432 0.99538 0.090826 0.0311249 -92.3192 -0.0308899 -0.00399316 0.999515 1.90412
0.0803505 -0.996766 -0.00150117 -20.1947 0.996318 0.080269 0.0301233 -93.647 -0.0299054 -0.00391607 0.999545 1.92445
0.071142 -0.997466 -0.000799267 -20.3481 0.996886 0.0710732 0.0341725 -95.011 -0.0340291 -0.00322787 0.999416 1.967
0.0607296 -0.998143 -0.00466193 -20.4676 0.997552 0.06053 0.0350189 -96.3373 -0.0346717 -0.0067772 0.999376 2.04227
0.0532692 -0.998575 -0.00304642 -20.5951 0.998108 0.0531499 0.0309151 -97.7127 -0.0307092 -0.00468747 0.999517 2.0607
0.0453379 -0.998972 -0.000174914 -20.7003 0.998504 0.0453113 0.0305914 -99.0755 -0.030552 -0.0015616 0.999532 2.09105
0.0389981 -0.999232 -0.00368609 -20.8129 0.99868 0.0388526 0.0335958 -100.542 -0.0334268 -0.0049914 0.999429 2.16722
0.0327566 -0.999431 -0.00806147 -20.903 0.998974 0.0324872 0.0315522 -101.94 -0.0312723 -0.00908674 0.99947 2.23935
0.0283211 -0.999581 -0.00598705 -21.0238 0.999152 0.028129 0.030063 -103.35 -0.029882 -0.00683339 0.99953 2.23626
0.0243774 -0.999656 -0.00972557 -21.1233 0.999175 0.0240473 0.0327341 -104.801 -0.0324889 -0.0105155 0.999417 2.29801
0.0200431 -0.999743 -0.0105362 -21.2226 0.999322 0.019707 0.0310927 -106.258 -0.0308771 -0.0111522 0.999461 2.32482
0.01555 -0.999825 -0.0103683 -21.2823 0.999357 0.0152062 0.0324551 -107.682 -0.0322917 -0.0108663 0.999419 2.37266
0.0111114 -0.999919 -0.00613271 -21.3878 0.999479 0.0109202 0.0303763 -109.252 -0.0303069 -0.00646704 0.99952 2.37545
0.00800651 -0.999945 -0.00677572 -21.429 0.999531 0.00780249 0.0296172 -110.673 -0.0295627 -0.00700967 0.999538 2.36446
0.00179404 -0.999961 -0.00862054 -21.5163 0.999489 0.00151783 0.0319371 -112.09 -0.0319228 -0.00867343 0.999453 2.41745
-0.00135291 -0.999978 -0.00648914 -21.5589 0.999525 -0.0015521 0.030779 -113.532 -0.0307884 -0.00644442 0.999505 2.44681
-0.00491619 -0.99996 -0.00750645 -21.6134 0.999428 -0.00516438 0.0334176 -114.986 -0.033455 -0.00733787 0.999413 2.505
-0.00398123 -0.999983 -0.00436844 -21.6673 0.999517 -0.00411391 0.0308122 -116.399 -0.0308297 -0.00424366 0.999516 2.52211
-0.00644064 -0.999969 -0.004568 -21.7019 0.999532 -0.00657427 0.0298807 -117.796 -0.0299098 -0.0043734 0.999543 2.56166
-0.00755548 -0.999972 -0.000172229 -21.7432 0.999498 -0.00755727 0.0307739 -119.186 -0.0307744 6.03683e-05 0.999526 2.58166
-0.00719583 -0.999973 0.00156632 -21.788 0.999534 -0.00714624 0.0296882 -120.577 -0.0296762 0.00177922 0.999558 2.62201
-0.00862777 -0.999954 0.00413735 -21.8295 0.99936 -0.00847888 0.0347455 -121.977 -0.0347088 0.00443448 0.999388 2.64073
-0.00676012 -0.999873 0.0144309 -21.8966 0.999508 -0.0063144 0.0307114 -123.365 -0.0306164 0.0146314 0.999424 2.70529
-0.00635183 -0.999934 0.00962496 -21.9259 0.999542 -0.00606394 0.0296499 -124.656 -0.0295896 0.00980888 0.999514 2.77342
-0.00981438 -0.999888 0.0112545 -21.9734 0.999441 -0.00944901 0.0320664 -125.904 -0.0319564 0.0115629 0.999422 2.75017
-0.0115818 -0.99988 0.0103252 -22.0012 0.999676 -0.011344 0.0228043 -127.106 -0.0226844 0.0105859 0.999687 2.76486
-0.0131034 -0.99991 0.00302633 -22.0063 0.999496 -0.0130103 0.0289633 -128.236 -0.0289214 0.00340432 0.999576 2.79873
-0.0151753 -0.999864 0.00651418 -22.0552 0.999468 -0.0149807 0.0289693 -129.378 -0.0288678 0.00695033 0.999559 2.82421
-0.015317 -0.999869 0.00529969 -22.1088 0.99959 -0.015184 0.0242692 -130.53 -0.0241855 0.00566925 0.999691 2.83989
-0.0171567 -0.999818 0.00838881 -22.1338 0.999497 -0.0169262 0.02682 -131.563 -0.0266731 0.00884473 0.999605 2.84473
-0.0183265 -0.999787 0.00948096 -22.1773 0.999497 -0.0180742 0.0260459 -132.561 -0.025869 0.00995353 0.999616 2.83424
-0.018478 -0.999727 0.0143057 -22.154 0.999515 -0.0181116 0.0253292 -133.503 -0.0250632 0.0147668 0.999577 2.8854
-0.0208271 -0.999704 0.0126031 -22.1825 0.999433 -0.0204847 0.0267096 -134.887 -0.0264436 0.0131522 0.999564 2.93069
-0.0193558 -0.999637 0.0187428 -22.2285 0.999456 -0.0188448 0.027064 -136.075 -0.026701 0.0192565 0.999458 2.93449
-0.0188811 -0.999625 0.0198319 -22.2616 0.999514 -0.0183791 0.0251977 -137.117 -0.0248237 0.0202981 0.999486 2.98943
-0.018943 -0.999648 0.018575 -22.2644 0.999477 -0.0184461 0.0265666 -138.271 -0.0262146 0.0190685 0.999474 3.00928
-0.0185676 -0.999666 0.0179552 -22.2879 0.999486 -0.0180891 0.026452 -139.31 -0.0261184 0.0184371 0.999489 2.9863
-0.0175425 -0.999689 0.017743 -22.3073 0.99946 -0.0170395 0.0281054 -140.278 -0.0277943 0.0182265 0.999447 3.01512
-0.0215065 -0.999598 0.0184808 -22.3632 0.999294 -0.0209231 0.0312014 -141.23 -0.0308021 0.0191388 0.999342 3.03283
-0.0240967 -0.99958 0.0160977 -22.387 0.999214 -0.0235745 0.0318782 -142.261 -0.0314853 0.0168532 0.999362 3.05412
-0.0165311 -0.999736 0.0159354 -22.3925 0.999314 -0.0159918 0.0333933 -143.256 -0.0331297 0.0164765 0.999315 3.07655
0.0053975 -0.999882 0.0143525 -22.4601 0.999392 0.00588834 0.03438 -144.254 -0.0344605 0.0141582 0.999306 3.08029
0.0242717 -0.999578 0.015969 -22.5013 0.999138 0.0247928 0.0332866 -145.213 -0.0336684 0.0151473 0.999318 3.10728
0.0564882 -0.99829 0.0150157 -22.6101 0.997831 0.0569587 0.0330052 -146.297 -0.0338041 0.0131187 0.999342 3.1128
0.104286 -0.994372 0.018698 -22.7137 0.993967 0.104849 0.0321798 -147.406 -0.0339591 0.0152293 0.999307 3.16123
0.159328 -0.987026 0.0198608 -22.8908 0.986576 0.159921 0.0330725 -148.289 -0.0358195 0.0143248 0.999256 3.19539
0.225421 -0.973983 0.0232784 -23.144 0.973536 0.226111 0.0331898 -149.267 -0.0375899 0.0151807 0.999178 3.21754
0.300408 -0.953489 0.0247712 -23.5259 0.953122 0.301076 0.0302001 -150.315 -0.0362535 0.0145376 0.999237 3.24775
0.377804 -0.925588 0.0234648 -24.0055 0.925166 0.378388 0.029833 -151.354 -0.0364919 0.0104378 0.999279 3.24367
0.429505 -0.902742 0.0241232 -24.4028 0.90235 0.430075 0.0282972 -152.081 -0.0359199 0.00961371 0.999308 3.31925
0.484168 -0.874668 0.0231685 -24.8059 0.87426 0.484673 0.0275969 -152.821 -0.0353673 0.0068938 0.999351 3.34439
0.542076 -0.839991 0.0238331 -25.2928 0.83958 0.542572 0.0268505 -153.506 -0.0354853 0.00545476 0.999355 3.36991
0.599684 -0.79994 0.0218054 -25.8487 0.799441 0.60008 0.0282358 -154.147 -0.0356719 0.000499529 0.999363 3.38464
0.655491 -0.7549 0.0213809 -26.442 0.754378 0.655835 0.0281806 -154.728 -0.0352959 -0.00234288 0.999374 3.4228
0.707115 -0.706754 0.0220597 -27.0519 0.706285 0.707454 0.0258723 -155.285 -0.0338916 -0.00271422 0.999422 3.42963
0.754789 -0.655676 0.0195631 -27.76 0.655153 0.755002 0.0273169 -155.748 -0.0326812 -0.00780169 0.999435 3.42902
0.798517 -0.601766 0.0157425 -28.4337 0.601311 0.798593 0.0259814 -156.239 -0.0282066 -0.0112805 0.999538 3.46124
0.836845 -0.547263 0.0139517 -29.155 0.547204 0.83696 0.00805926 -156.721 -0.0160876 0.000890087 0.99987 3.45649
0.869718 -0.493534 0.00378426 -29.8904 0.493486 0.869705 0.00926323 -156.968 -0.0078629 -0.00618893 0.99995 3.40867
0.901746 -0.432231 0.00558555 -30.6726 0.432075 0.901655 0.0181616 -157.341 -0.0128862 -0.0139638 0.999819 3.44029
0.928072 -0.372328 0.00730547 -31.5178 0.372272 0.928089 0.00798091 -157.64 -0.00975165 -0.00468724 0.999941 3.45764
0.948441 -0.316951 -0.0014936 -32.3746 0.316952 0.948405 0.00830703 -157.842 -0.00121638 -0.00835212 0.999964 3.44445
0.96517 -0.261624 0.000181286 -33.2968 0.261613 0.965134 0.00862126 -158.09 -0.00243049 -0.00827355 0.999963 3.42104
0.976224 -0.216762 -0.00029436 -34.164 0.216758 0.976197 0.00737103 -158.272 -0.00131041 -0.00725959 0.999973 3.41188
0.9847 -0.17424 -0.00259915 -35.1308 0.174253 0.984679 0.00652155 -158.375 0.00142302 -0.00687468 0.999975 3.421
0.990216 -0.139541 -0.000632135 -36.0801 0.139542 0.990211 0.00304213 -158.511 0.000201447 -0.00310057 0.999995 3.40699
0.993174 -0.116621 0.00200823 -37.0633 0.116623 0.993176 -0.000976838 -158.562 -0.00188061 0.00120438 0.999997 3.40804
0.995375 -0.0960653 3.47877e-05 -38.039 0.0960615 0.995333 -0.00922656 -158.603 0.000851726 0.00918723 0.999957 3.40648
0.996945 -0.0781057 -0.000278125 -39.0752 0.0780871 0.996774 -0.0185676 -158.643 0.00172746 0.0184891 0.999828 3.4044
0.998374 -0.0569734 0.00199497 -40.1155 0.0569984 0.998242 -0.0162282 -158.679 -0.00106689 0.0163155 0.999866 3.38223
0.99935 -0.03595 -0.00249994 -41.1904 0.0359003 0.999199 -0.0176959 -158.656 0.00313411 0.0175946 0.99984 3.4014
0.999849 -0.0155781 -0.00772825 -42.2914 0.0154767 0.999796 -0.0130059 -158.618 0.00792928 0.0128843 0.999886 3.39147
0.999995 0.00164119 -0.00278355 -43.3643 -0.0016717 0.999938 -0.0109938 -158.566 0.00276534 0.0109984 0.999936 3.34442
0.999939 0.0109077 0.0019571 -44.4891 -0.0108938 0.999916 -0.0069973 -158.497 -0.00203326 0.00697555 0.999974 3.34179
0.999844 0.017531 0.00191998 -45.6115 -0.0175192 0.999829 -0.00596356 -158.424 -0.0020242 0.00592899 0.99998 3.37478
0.999774 0.0207069 -0.00490842 -46.8212 -0.0207735 0.999687 -0.013932 -158.348 0.0046184 0.0140308 0.999891 3.39869
0.999744 0.0208026 -0.00895006 -47.9206 -0.0208766 0.999748 -0.00825428 -158.235 0.00877609 0.00843901 0.999926 3.31447
0.99974 0.0225444 -0.00329765 -49.0795 -0.0225413 0.999745 0.00096431 -158.16 0.00331855 -0.000889727 0.999994 3.29651
0.999742 0.02271 0.000688488 -50.1871 -0.0227081 0.999739 -0.0025671 -158.056 -0.000746607 0.0025508 0.999996 3.33033
0.99975 0.0222837 0.00174768 -51.3214 -0.0222817 0.999751 -0.00117037 -157.992 -0.00177332 0.00113114 0.999998 3.35205
0.999745 0.0225748 -6.42856e-05 -52.4731 -0.0225731 0.999696 0.00986671 -157.907 0.000287005 -0.00986274 0.999951 3.35529
0.999652 0.0248129 -0.00894049 -53.6057 -0.0248238 0.999691 -0.00110869 -157.854 0.00891022 0.00133024 0.999959 3.30518
0.999698 0.0235279 -0.00712008 -54.7733 -0.0235236 0.999723 0.000677673 -157.754 0.00713405 -0.000509978 0.999974 3.29165
0.999665 0.0256267 -0.00359097 -55.8361 -0.0256009 0.999647 0.00705199 -157.676 0.00377042 -0.0069577 0.999969 3.29689
0.999672 0.0255687 -0.00172582 -56.9613 -0.025561 0.999664 0.00434674 -157.643 0.00183638 -0.0043012 0.999989 3.30106
0.999736 0.0229567 -0.000811453 -58.0573 -0.0229521 0.999723 0.00529486 -157.556 0.00093278 -0.00527484 0.999986 3.24668
0.999768 0.0209103 0.0052501 -59.1452 -0.0209494 0.999752 0.00751898 -157.447 -0.00509158 -0.00762722 0.999958 3.22621
0.999783 0.0172768 0.0116547 -60.2324 -0.017309 0.999847 0.00267073 -157.387 -0.0116068 -0.00287188 0.999929 3.25492
0.999865 0.0161677 0.00294414 -61.3479 -0.0161855 0.99985 0.00610837 -157.389 -0.00284494 -0.0061552 0.999977 3.27818
0.999898 0.0142821 0.000644835 -62.4663 -0.014286 0.999877 0.00649177 -157.296 -0.000552039 -0.00650031 0.999979 3.28298
0.999906 0.0128654 0.00475682 -63.5462 -0.0129053 0.999881 0.00844116 -157.248 -0.00464766 -0.00850176 0.999953 3.26354
0.999878 0.012974 0.00875025 -64.6969 -0.0129786 0.999916 0.000470612 -157.182 -0.00874341 -0.00058412 0.999962 3.25754
0.999911 0.0116123 0.00655137 -65.8472 -0.011645 0.99992 0.0049782 -157.148 -0.00649304 -0.00505405 0.999966 3.29363
0.999894 0.0122208 0.00796229 -67.0145 -0.0122276 0.999925 0.000805503 -157.069 -0.00795185 -0.000902777 0.999968 3.28119
0.999906 0.0108796 0.00836966 -68.2238 -0.0108106 0.999908 -0.00824353 -157.014 -0.00845858 0.00815227 0.999931 3.3059
0.999903 0.0108024 0.00884205 -69.5133 -0.0107448 0.999921 -0.00653921 -156.967 -0.00891199 0.00644356 0.99994 3.29263
0.999913 0.0107871 0.00754517 -70.7289 -0.0107298 0.999914 -0.00758649 -156.899 -0.00762636 0.00750488 0.999943 3.26453
0.999892 0.0116584 0.00892206 -71.9924 -0.0115634 0.999877 -0.0106302 -156.84 -0.00904489 0.0105258 0.999904 3.27182
0.999878 0.0129485 0.00870126 -73.2713 -0.0128913 0.999895 -0.00659553 -156.762 -0.00878575 0.00648255 0.99994 3.26843
0.999866 0.013926 0.00862703 -74.5865 -0.0138845 0.999892 -0.00484572 -156.679 -0.00869358 0.00472529 0.999951 3.26575
0.999863 0.0137894 0.00911554 -75.9484 -0.0137737 0.999904 -0.00178396 -156.615 -0.00913926 0.00165816 0.999957 3.24318
0.999835 0.0141584 0.0113641 -77.3291 -0.0141721 0.999899 0.00112446 -156.498 -0.0113471 -0.00128533 0.999935 3.24475
0.999834 0.0167781 0.00707516 -78.6886 -0.0168138 0.999846 0.00501252 -156.431 -0.00698997 -0.00513065 0.999962 3.26278
0.999832 0.0183519 -0.000270518 -80.0669 -0.0183511 0.999828 0.00255385 -156.347 0.000317339 -0.00254846 0.999997 3.25237
0.999813 0.0193049 0.000844868 -81.5067 -0.0193072 0.99981 0.00281182 -156.24 -0.000790425 -0.0028276 0.999996 3.26402
0.999816 0.0190085 0.00272837 -82.9413 -0.0190221 0.999806 0.00503194 -156.185 -0.00263219 -0.00508291 0.999984 3.23658
0.999816 0.0179681 0.00675712 -84.3271 -0.0180104 0.999818 0.00623938 -156.096 -0.00664378 -0.00635993 0.999958 3.25165
0.999856 0.0161781 0.00506867 -85.7264 -0.0162224 0.999829 0.00882117 -155.996 -0.0049251 -0.00890213 0.999948 3.2369
0.999857 0.0153073 0.0072175 -87.1555 -0.0153794 0.999831 0.0100481 -155.931 -0.00706247 -0.0101577 0.999923 3.24302
0.999901 0.0139033 0.00217405 -88.538 -0.0139164 0.999884 0.00613747 -155.843 -0.00208847 -0.00616712 0.999979 3.28486
0.999901 0.0141 -0.000258835 -89.9378 -0.0140978 0.999875 0.00722465 -155.78 0.00036067 -0.00722028 0.999974 3.24581
0.999891 0.0143221 0.00357118 -91.375 -0.0143416 0.999882 0.00549492 -155.698 -0.00349206 -0.00554554 0.999979 3.24002
0.999923 0.0118201 0.00369444 -92.8007 -0.0118481 0.999901 0.00764635 -155.615 -0.00360369 -0.00768953 0.999964 3.21804
0.999953 0.00848766 0.00473751 -94.3018 -0.00852221 0.999937 0.00732184 -155.519 -0.00467507 -0.00736187 0.999962 3.26048
0.999967 0.00568797 0.00586855 -95.8111 -0.00573702 0.999949 0.0083746 -155.445 -0.00582062 -0.00840799 0.999948 3.22679
0.999971 0.00286324 0.00711522 -97.2765 -0.00291589 0.999968 0.00739969 -155.371 -0.0070938 -0.00742022 0.999947 3.2243
0.999971 7.14361e-05 0.00765427 -98.8065 -0.000142293 0.999957 0.00925706 -155.307 -0.00765328 -0.00925788 0.999928 3.21195
0.999961 -0.00374606 0.00800807 -100.35 0.00363361 0.999895 0.0140097 -155.247 -0.00805971 -0.01398 0.99987 3.23967
0.999943 -0.00595486 0.00887231 -101.886 0.00581118 0.999853 0.0161331 -155.19 -0.00896707 -0.0160806 0.99983 3.23789
0.999911 -0.0093251 0.00950051 -103.459 0.00922141 0.999898 0.0109004 -155.123 -0.00960119 -0.0108118 0.999895 3.25777
0.999881 -0.0127933 0.00862674 -105.022 0.0127085 0.999871 0.00982271 -155.084 -0.0087513 -0.00971191 0.999915 3.24705
0.999848 -0.0149238 0.00900081 -106.606 0.0148612 0.999865 0.00697737 -155.047 -0.00910372 -0.00684255 0.999935 3.24068
0.999846 -0.0174961 0.00141016 -108.2 0.0174841 0.999814 0.00810414 -155.008 -0.00155169 -0.00807824 0.999966 3.21914
0.999793 -0.0200807 0.00334199 -109.817 0.0200813 0.999798 -0.000140038 -154.997 -0.00333851 0.000207121 0.999994 3.18012
0.999724 -0.0220774 0.00808766 -111.371 0.0221791 0.999673 -0.0127114 -154.952 -0.00780439 0.0128872 0.999887 3.22036
0.999673 -0.0251036 0.00489887 -113 0.0251336 0.999665 -0.00617468 -154.951 -0.00474222 0.00629579 0.999969 3.21955
0.999583 -0.0278748 0.00757881 -114.595 0.0279019 0.999605 -0.00349607 -154.921 -0.00747836 0.00370607 0.999965 3.25422
0.999566 -0.0294122 0.00176677 -116.275 0.0294076 0.999564 0.00257673 -154.875 -0.00184179 -0.00252366 0.999995 3.25186
0.999458 -0.0328118 -0.00258532 -117.884 0.0328267 0.999443 0.00596914 -154.841 0.00238802 -0.00605078 0.999979 3.21417
0.999376 -0.0352897 -0.00170794 -119.555 0.0353006 0.999353 0.00681886 -154.83 0.0014662 -0.00687489 0.999975 3.16937
0.999305 -0.0371991 0.00247422 -121.166 0.0371843 0.999292 0.00576459 -154.824 -0.0026869 -0.00566858 0.99998 3.17715
0.999268 -0.0378273 0.00570667 -122.84 0.0378113 0.999281 0.00288926 -154.802 -0.00581186 -0.00267136 0.99998 3.20319
0.999124 -0.0403808 0.0110041 -124.494 0.0403101 0.999166 0.00657052 -154.799 -0.0112603 -0.00612119 0.999918 3.22182
0.999106 -0.0412481 0.00927807 -126.162 0.0411982 0.999136 0.0055033 -154.823 -0.00949706 -0.00511614 0.999942 3.20065
0.999113 -0.0421136 -0.000432642 -127.851 0.0421156 0.99909 0.00668798 -154.781 0.000150594 -0.00670027 0.999978 3.18957
0.999107 -0.0422213 -0.00126162 -129.539 0.0422325 0.999049 0.0108251 -154.793 0.000803375 -0.0108687 0.999941 3.1982
0.999112 -0.0420506 0.00252971 -131.199 0.0420103 0.999015 0.0142964 -154.823 -0.00312839 -0.0141774 0.999895 3.21305
0.999118 -0.041916 0.00239482 -132.872 0.0419069 0.999115 0.00374688 -154.809 -0.00254976 -0.00364322 0.99999 3.16416
0.999186 -0.040338 6.94841e-05 -134.597 0.0403379 0.999186 0.00102332 -154.79 -0.000110706 -0.00101969 0.999999 3.18394
0.999275 -0.0380561 0.00146487 -136.258 0.0380542 0.999275 0.00127596 -154.793 -0.00151237 -0.00121929 0.999998 3.16925
0.999356 -0.0357695 0.00301113 -137.928 0.035769 0.99936 0.000198276 -154.784 -0.0030163 -9.04428e-05 0.999995 3.18821
0.999444 -0.0329106 0.00541785 -139.554 0.0329056 0.999458 0.000996533 -154.76 -0.00544771 -0.000817701 0.999985 3.16872
0.999619 -0.0276096 -9.97464e-05 -141.243 0.0276097 0.999614 0.00295344 -154.718 1.81648e-05 -0.00295507 0.999996 3.18092
0.999688 -0.0248525 0.00237892 -142.867 0.0248508 0.999691 0.000722367 -154.706 -0.00239613 -0.000663023 0.999997 3.1615
0.99977 -0.021228 0.00308957 -144.48 0.0212177 0.999769 0.00332273 -154.671 -0.0031594 -0.00325641 0.99999 3.16261
0.999824 -0.0187263 -0.00142766 -146.129 0.0187232 0.999822 -0.00216766 -154.662 0.00146799 0.00214055 0.999997 3.17621
0.999834 -0.0180941 -0.0021505 -147.725 0.0180816 0.99982 -0.00569717 -154.657 0.0022532 0.00565734 0.999981 3.1321
0.999843 -0.0175043 0.00263539 -149.326 0.0175324 0.999785 -0.011067 -154.63 -0.0024411 0.0111115 0.999935 3.13822
0.999795 -0.0191373 0.00656962 -150.919 0.0192063 0.999759 -0.0106025 -154.606 -0.00636514 0.0107265 0.999922 3.10177
0.999844 -0.0170823 0.00450474 -152.513 0.0171287 0.999799 -0.0104656 -154.566 -0.00432506 0.0105412 0.999935 3.15485
0.999793 -0.0156656 0.0130154 -154.082 0.0157231 0.999867 -0.00432638 -154.47 -0.0129459 0.00453012 0.999906 3.10113
0.99984 -0.0156017 -0.00878602 -155.749 0.0155778 0.999875 -0.00278555 -154.43 0.00882838 0.00264824 0.999958 3.0665
0.999881 -0.0150104 -0.00359715 -157.317 0.0149932 0.999876 -0.00476562 -154.411 0.00366824 0.00471112 0.999982 3.1862
0.999776 -0.0142152 0.0156536 -158.882 0.0142098 0.999899 0.000453168 -154.354 -0.0156585 -0.000230631 0.999877 3.1015
0.999874 -0.0142948 0.00694736 -160.495 0.0143035 0.999897 -0.00120127 -154.305 -0.00692947 0.00130049 0.999975 3.13498
0.999873 -0.0147274 -0.00607311 -162.144 0.0147576 0.999879 0.00495104 -154.282 0.00599946 -0.00504004 0.999969 3.07239
0.999885 -0.0137738 -0.00638019 -163.762 0.0138093 0.999889 0.00555326 -154.221 0.00630299 -0.00564072 0.999964 3.09354
0.999946 -0.0102427 0.00178743 -165.366 0.010239 0.999945 0.00209028 -154.167 -0.00180874 -0.00207187 0.999996 3.03832
0.999976 -0.00674447 0.00173417 -166.976 0.00673623 0.999966 0.00471509 -154.104 -0.00176591 -0.0047033 0.999987 3.04457
0.999997 -0.00259748 -0.000331076 -168.625 0.00259885 0.999988 0.00421872 -154.033 0.000320114 -0.00421956 0.999991 3.05829
0.999995 0.00288501 0.000951377 -170.262 -0.00288864 0.999988 0.00384011 -153.977 -0.000940288 -0.00384284 0.999992 3.03998
0.999959 0.00883295 0.00178281 -171.926 -0.00883872 0.999956 0.00325336 -153.885 -0.00175399 -0.00326899 0.999993 2.99401
0.999874 0.0158183 0.0012531 -173.551 -0.0158198 0.999874 0.00122663 -153.824 -0.00123354 -0.0012463 0.999998 3.02481
0.999771 0.0214058 0.00043954 -175.197 -0.0214051 0.99977 -0.00161831 -153.712 -0.00047408 0.00160853 0.999999 3.02901
0.999677 0.0245639 -0.00651244 -176.864 -0.0245691 0.999698 -0.000709771 -153.586 0.00649304 0.000869547 0.999979 2.99596
0.999595 0.0282331 0.00342884 -178.497 -0.0282579 0.999573 0.00742296 -153.503 -0.00321781 -0.00751685 0.999967 2.97665
0.999505 0.0314557 1.68403e-05 -180.145 -0.031454 0.999443 0.0111477 -153.364 0.000333827 -0.0111427 0.999938 2.93555
0.999472 0.0324599 0.00127014 -181.776 -0.032476 0.999346 0.0158731 -153.242 -0.000754072 -0.015906 0.999873 2.95179
0.999404 0.0344917 -0.00143823 -183.418 -0.0344583 0.999226 0.0189578 -153.083 0.002091 -0.0188969 0.999819 2.9275
0.999401 0.034076 -0.00607716 -185.076 -0.0339037 0.999073 0.0265092 -152.929 0.00697486 -0.0262873 0.99963 2.90924
0.999448 0.032903 -0.00460781 -186.703 -0.0327382 0.998946 0.0321619 -152.816 0.00566118 -0.0319933 0.999472 2.83833
0.999543 0.0301791 -0.00159732 -188.331 -0.0301094 0.998993 0.0332488 -152.688 0.00259913 -0.0331856 0.999446 2.8057
0.99961 0.0279265 -0.000688163 -189.98 -0.0278861 0.999013 0.0345775 -152.556 0.00165311 -0.0345448 0.999402 2.79935
0.999667 0.0255418 -0.00380792 -191.612 -0.025392 0.999056 0.0352411 -152.427 0.00470445 -0.0351327 0.999372 2.79397
0.999758 0.0219734 -0.000410231 -193.241 -0.0219448 0.999121 0.0357117 -152.33 0.00119458 -0.0356941 0.999362 2.78491
0.99985 0.0173037 0.000743063 -194.827 -0.0173193 0.999164 0.0370405 -152.257 -0.000101504 -0.0370478 0.999313 2.73158
0.999928 0.0119368 -0.000989588 -196.432 -0.0118936 0.999286 0.0358492 -152.157 0.0014168 -0.0358348 0.999357 2.74022
0.999967 0.00744657 -0.00310483 -198.022 -0.00733002 0.999325 0.035996 -152.111 0.00337078 -0.0359721 0.999347 2.72491
0.999986 0.00179208 -0.00500883 -199.612 -0.00161458 0.999378 0.0352202 -152.016 0.00506883 -0.0352116 0.999367 2.72407
0.999975 -0.00283751 -0.00644528 -201.144 0.00304909 0.999449 0.0330585 -151.949 0.00634792 -0.0330774 0.999433 2.73285
0.999959 -0.00826049 -0.00368752 -202.689 0.00837413 0.999454 0.0319478 -151.923 0.00342161 -0.0319774 0.999483 2.65331
0.999903 -0.0138296 -0.00163165 -204.207 0.0138586 0.999717 0.019317 -151.903 0.00136404 -0.0193378 0.999812 2.60742
0.99988 -0.015455 -0.00126418 -205.743 0.0154728 0.99976 0.0154996 -151.866 0.00102433 -0.0155173 0.999879 2.59186
0.999826 -0.0184555 0.00273498 -207.231 0.018411 0.999711 0.0154812 -151.839 -0.0030199 -0.0154281 0.999876 2.61825
0.999802 -0.0195865 0.00352159 -208.754 0.0195339 0.999705 0.0144146 -151.793 -0.00380288 -0.0143429 0.99989 2.57196
0.999758 -0.0204074 -0.00827437 -210.287 0.0205557 0.999622 0.0182595 -151.735 0.00789862 -0.0184251 0.999799 2.57422
0.999808 -0.0195507 0.000914184 -211.769 0.0195104 0.999276 0.0326598 -151.707 -0.00155204 -0.0326357 0.999466 2.61803
0.999739 -0.019071 0.0125781 -213.226 0.0186114 0.999189 0.0356967 -151.661 -0.0132486 -0.0354533 0.999283 2.53596
0.99973 -0.0190229 -0.0133336 -214.769 0.0195636 0.99894 0.0416664 -151.597 0.0125268 -0.041916 0.999043 2.56395
0.999785 -0.0192655 -0.00763543 -216.202 0.0195413 0.999092 0.0378675 -151.605 0.00689896 -0.0380086 0.999254 2.59384
0.999749 -0.0224068 -0.000476209 -217.642 0.0224087 0.999025 0.0380273 -151.559 -0.000376324 -0.0380284 0.999277 2.53293
0.99968 -0.023548 -0.00926592 -219.102 0.0238706 0.999052 0.0364018 -151.56 0.00839995 -0.0366114 0.999294 2.5561
0.999695 -0.024647 -0.00160518 -220.535 0.0246897 0.998999 0.0372997 -151.524 0.000684252 -0.0373279 0.999303 2.51973
0.999648 -0.0253632 -0.00773652 -221.923 0.0256417 0.998937 0.038319 -151.506 0.0067564 -0.0385039 0.999236 2.48499
0.999625 -0.027371 0.00016555 -223.334 0.0273452 0.99891 0.0378184 -151.486 -0.0012005 -0.0377997 0.999285 2.47265
0.99964 -0.026768 0.0017623 -224.734 0.0266847 0.998961 0.0369468 -151.451 -0.00274946 -0.0368865 0.999316 2.45287
0.999559 -0.029677 -0.0014399 -226.132 0.0297094 0.99893 0.0354372 -151.474 0.000386688 -0.0354643 0.999371 2.41926
0.999501 -0.0310353 -0.00580466 -227.541 0.0312121 0.998956 0.0333629 -151.481 0.00476317 -0.0335275 0.999426 2.41619
0.999427 -0.0334572 -0.00514806 -228.932 0.0336032 0.998938 0.031518 -151.461 0.00408809 -0.0316729 0.99949 2.39625
0.999328 -0.0363556 -0.004568 -230.273 0.0364692 0.998945 0.0278953 -151.472 0.00354903 -0.0280431 0.9996 2.3974
0.999201 -0.0395948 -0.00536717 -231.631 0.0397194 0.998885 0.0255161 -151.461 0.00435087 -0.0257089 0.99966 2.38183
0.99916 -0.0404193 -0.00668893 -232.953 0.0405563 0.998939 0.0218075 -151.456 0.0058004 -0.0220605 0.99974 2.38547
0.999063 -0.0431572 -0.00325432 -234.296 0.0432227 0.99878 0.0238601 -151.442 0.00222062 -0.0239784 0.99971 2.35746
0.998987 -0.0444619 -0.00691543 -235.625 0.0446229 0.998686 0.0252006 -151.428 0.00578587 -0.0254836 0.999659 2.33097
0.99891 -0.0464827 -0.00437035 -236.965 0.0465797 0.998586 0.0256192 -151.432 0.00317332 -0.0257949 0.999662 2.31224
0.998782 -0.0491883 -0.00394954 -238.314 0.0492782 0.998411 0.0273522 -151.439 0.00259786 -0.0275135 0.999618 2.29874
0.998833 -0.0481229 -0.00407734 -239.638 0.0482169 0.99846 0.0274413 -151.472 0.0027505 -0.0276059 0.999615 2.3145
0.998908 -0.0467198 -0.00101724 -240.971 0.0467307 0.998601 0.0247283 -151.47 -0.00013948 -0.0247488 0.999694 2.30922
0.998995 -0.0448119 -0.00102821 -242.275 0.0448234 0.998653 0.0261235 -151.462 -0.000143818 -0.0261434 0.999658 2.27248
0.999115 -0.0419519 -0.00294986 -243.623 0.0420109 0.998828 0.0240537 -151.483 0.0019373 -0.0241563 0.999706 2.25227
0.999174 -0.0405 -0.00325337 -245.028 0.040552 0.999017 0.0179215 -151.474 0.00252435 -0.0180386 0.999834 2.22427
0.999173 -0.0403126 -0.00524963 -246.369 0.0404188 0.998941 0.0219893 -151.494 0.00435762 -0.0221833 0.999744 2.22947
0.999207 -0.0394927 -0.00510706 -247.741 0.0395915 0.998996 0.0209596 -151.504 0.00427418 -0.0211452 0.999767 2.19269
0.999172 -0.0406636 -0.00116834 -249.098 0.0406791 0.998954 0.020891 -151.533 0.000317613 -0.0209212 0.999781 2.18776
0.999008 -0.0439836 0.00701079 -250.501 0.0438403 0.99885 0.0194267 -151.517 -0.00785718 -0.0191001 0.999787 2.1077
0.998973 -0.044982 0.00545419 -251.911 0.0448484 0.998739 0.0225463 -151.519 -0.00646149 -0.0222786 0.999731 2.14028
0.998684 -0.0501674 -0.010688 -253.363 0.0502991 0.998657 0.0124374 -151.515 0.0100497 -0.0129586 0.999866 2.12776
0.998471 -0.0534655 -0.0140716 -254.839 0.0536976 0.998418 0.0166732 -151.55 0.0131579 -0.0174033 0.999762 2.14646
0.998383 -0.0564335 -0.00687776 -256.203 0.0565318 0.998287 0.0150473 -151.568 0.00601681 -0.0154117 0.999863 2.11528
0.997984 -0.0633742 0.00349369 -257.684 0.0633162 0.997884 0.0147762 -151.594 -0.00442273 -0.0145252 0.999885 2.02844
0.997853 -0.065203 -0.00623166 -259.122 0.0652732 0.997797 0.0118192 -151.63 0.00544728 -0.0122006 0.999911 2.02946
0.997608 -0.0688693 -0.00594318 -260.556 0.0689499 0.997513 0.0146387 -151.686 0.00492023 -0.0150135 0.999875 2.0426
0.997369 -0.0724498 -0.00230876 -262.026 0.0724786 0.997225 0.0169961 -151.719 0.00107098 -0.0171188 0.999853 2.05429
0.997106 -0.0759776 -0.00259629 -263.519 0.0760142 0.996911 0.0197766 -151.766 0.00108569 -0.0199167 0.999801 2.03763
0.996409 -0.0839479 -0.0110497 -264.938 0.0841018 0.996355 0.0142901 -151.855 0.00980977 -0.0151681 0.999837 1.98215
0.995857 -0.0904297 -0.0095389 -266.396 0.0905556 0.995797 0.0137172 -151.909 0.00825836 -0.0145242 0.99986 1.95827
0.994784 -0.101944 -0.0034348 -267.852 0.101981 0.9947 0.0130796 -152.011 0.00208321 -0.0133616 0.999909 1.93055
0.993572 -0.113128 -0.00418462 -269.334 0.113181 0.993444 0.0160742 -152.097 0.00233875 -0.0164445 0.999862 1.90947
0.992341 -0.12346 -0.00403943 -270.847 0.1235 0.992269 0.0122223 -152.245 0.00249924 -0.0126275 0.999917 1.87854
0.991147 -0.13274 -0.00276342 -272.353 0.132746 0.991148 0.00219621 -152.375 0.00244743 -0.0025436 0.999994 1.90209
0.990412 -0.13814 -0.00101438 -273.838 0.13814 0.990413 0.000368269 -152.508 0.000953786 -0.000504865 0.999999 1.86918
0.990054 -0.140654 -0.00319138 -275.331 0.140664 0.990053 0.00310625 -152.645 0.00272273 -0.00352426 0.99999 1.80139
0.989686 -0.143208 -0.00360599 -276.84 0.143222 0.989681 0.00424277 -152.81 0.00296118 -0.00471547 0.999985 1.81779
0.989613 -0.14371 0.00370421 -278.388 0.143706 0.989619 0.00143709 -152.957 -0.00387229 -0.000889844 0.999992 1.77158
0.989747 -0.142735 -0.00521559 -280.022 0.142727 0.98976 -0.00182736 -153.125 0.00542301 0.00106422 0.999985 1.73126
0.989727 -0.142857 -0.00563824 -281.509 0.142867 0.989741 0.00135602 -153.261 0.00538668 -0.0021476 0.999983 1.76942
0.990017 -0.140934 -0.00182208 -283.038 0.140941 0.990006 0.0048014 -153.411 0.00112719 -0.00501027 0.999987 1.69795
0.990401 -0.137545 -0.0136776 -284.652 0.137736 0.990369 0.014086 -153.527 0.0116084 -0.0158347 0.999807 1.7342
0.991023 -0.132683 -0.0163635 -286.237 0.133027 0.990866 0.0221075 -153.693 0.0132808 -0.0240859 0.999622 1.68885
0.991951 -0.12568 -0.0154178 -287.81 0.125983 0.991818 0.0206154 -153.806 0.0127007 -0.0223919 0.999669 1.65095
0.993053 -0.115914 -0.0202243 -289.354 0.116293 0.99304 0.0186458 -153.896 0.0179222 -0.0208682 0.999622 1.60724
0.994287 -0.10518 -0.0181709 -290.907 0.105585 0.994144 0.0230174 -154.019 0.0156436 -0.0248045 0.99957 1.56286
0.995163 -0.0957206 -0.0220981 -292.526 0.0962199 0.9951 0.0227542 -154.07 0.0198118 -0.0247704 0.999497 1.48122
0.995577 -0.0903499 -0.0257372 -294.066 0.0906343 0.995833 0.0101053 -154.245 0.024717 -0.0123933 0.999618 1.39498
0.996299 -0.0835143 -0.020343 -295.648 0.0837824 0.996403 0.0127042 -154.28 0.0192089 -0.0143615 0.999712 1.41086
0.997084 -0.07512 -0.0133994 -297.186 0.075192 0.997157 0.00495307 -154.358 0.0129892 -0.00594615 0.999898 1.31453
