1 2.0421e-06 1.65525e-07 0.000671037 -2.0421e-06 1 -2.3818e-07 -0.0011297 -1.65525e-07 2.3818e-07 1 -1.46933e-05
0.999993 0.00192407 0.00306471 -0.957967 -0.00192942 0.999997 0.00174226 0.051532 -0.00306135 -0.00174816 0.999994 -0.0207777
0.999994 -0.000677837 0.00330765 -2.06285 0.000676819 1 0.000308656 0.0928553 -0.00330786 -0.000306416 0.999994 -0.0283768
0.999952 -0.00811224 0.00548749 -3.03843 0.00810672 0.999967 0.00102723 0.138302 -0.00549564 -0.000982697 0.999984 -0.0353348
0.999795 -0.0192512 0.00620751 -4.15953 0.0192438 0.999814 0.00125443 0.161527 -0.0062305 -0.00113472 0.99998 -0.0502725
0.99959 -0.0284024 0.00357159 -5.15338 0.0283931 0.999593 0.00263155 0.191235 -0.00364488 -0.00252906 0.99999 -0.0695673
0.999029 -0.0440302 0.00156721 -6.17725 0.044024 0.999023 0.00377716 0.185539 -0.00173199 -0.0037045 0.999992 -0.0670225
0.997796 -0.066291 0.00299987 -7.1662 0.0662712 0.997782 0.00629385 0.175293 -0.00341044 -0.00608117 0.999976 -0.0845809
0.993835 -0.110697 0.0062347 -8.32558 0.110647 0.993828 0.00792732 0.116929 -0.00707375 -0.0071886 0.999949 -0.0915344
0.98169 -0.190395 0.00582725 -9.42461 0.190355 0.981692 0.00673387 -0.0322505 -0.00700266 -0.00550133 0.99996 -0.0883681
0.959653 -0.281176 0.00262414 -10.327 0.281096 0.959536 0.01663 -0.258636 -0.00719391 -0.0152214 0.999858 -0.0897526
0.922811 -0.385254 -0.000450262 -11.1624 0.38521 0.922687 0.0162064 -0.494673 -0.00582813 -0.0151289 0.999869 -0.083032
0.861003 -0.50858 -0.00446431 -11.9707 0.508549 0.860761 0.021649 -0.889284 -0.00716756 -0.0209102 0.999756 -0.0900019
0.770233 -0.637755 -0.00308436 -12.7038 0.637677 0.77004 0.0201737 -1.52399 -0.0104908 -0.0175053 0.999792 -0.0834075
0.684578 -0.728917 -0.00569788 -13.2008 0.728844 0.68434 0.0215736 -2.06171 -0.0118261 -0.0189217 0.999751 -0.114544
0.587845 -0.808898 -0.0110476 -13.6103 0.808882 0.587517 0.0231162 -2.65201 -0.012208 -0.0225249 0.999672 -0.100389
0.485028 -0.874407 -0.0126425 -13.9793 0.874386 0.484682 0.0230678 -3.31374 -0.0140431 -0.0222429 0.999654 -0.0408235
0.3493 -0.936995 -0.00546256 -14.3166 0.936816 0.349103 0.0224083 -4.20551 -0.0190895 -0.0129447 0.999734 -0.0469042
0.238826 -0.971054 -0.00392287 -14.5541 0.970814 0.238672 0.0235817 -5.22941 -0.0219628 -0.0094403 0.999714 -0.063274
0.162398 -0.986723 -0.0021469 -14.6979 0.986394 0.162287 0.0262784 -6.2373 -0.0255811 -0.00638526 0.999652 -0.07219
0.113222 -0.993569 0.000911128 -14.857 0.993172 0.113203 0.0281703 -7.36758 -0.0280923 -0.00228459 0.999603 -0.0432239
0.0789927 -0.996875 -0.0010141 -14.9691 0.996454 0.0789298 0.0291532 -8.53795 -0.028982 -0.00331339 0.999574 -0.0147691
0.0605039 -0.998167 -0.00121062 -15.0858 0.997728 0.0604412 0.029754 -9.48212 -0.0296263 -0.0030081 0.999557 0.0506058
0.0436312 -0.999047 -0.000778365 -15.1555 0.998586 0.0435873 0.0304432 -10.454 -0.0303802 -0.00210554 0.999536 0.0458289
0.0290429 -0.999578 -0.00107543 -15.2222 0.99908 0.0289945 0.0315853 -11.5012 -0.0315408 -0.00199178 0.9995 0.0597592
0.0157982 -0.999875 0.000980278 -15.2972 0.999327 0.015822 0.0330856 -12.5543 -0.033097 0.000456926 0.999452 0.0473099
0.00323537 -0.999988 0.00357879 -15.3394 0.999438 0.00335297 0.0333588 -13.6355 -0.0333704 0.00346886 0.999437 0.0914338
-0.00656703 -0.999961 0.00589119 -15.3722 0.999448 -0.00637152 0.0326135 -14.7657 -0.0325747 0.00610211 0.999451 0.124032
-0.0162629 -0.999845 0.00677237 -15.3866 0.999334 -0.0160325 0.032782 -15.941 -0.0326684 0.00730099 0.99944 0.127696
-0.0251704 -0.999657 0.00720509 -15.4066 0.999075 -0.0249031 0.0350546 -17.0831 -0.0348632 0.00808076 0.999359 0.15829
-0.033572 -0.999397 0.00884226 -15.4225 0.998809 -0.0332361 0.0357289 -18.3346 -0.0354135 0.0100312 0.999322 0.205588
-0.0382915 -0.999224 0.00926877 -15.4254 0.998638 -0.037937 0.0358055 -19.628 -0.035426 0.0106272 0.999316 0.269262
-0.0397649 -0.999158 0.0101208 -15.4364 0.998536 -0.0393645 0.0370931 -20.9005 -0.0366635 0.011581 0.999261 0.32115
-0.0377928 -0.999232 0.0103795 -15.4123 0.99857 -0.0373707 0.0382282 -22.2412 -0.037811 0.0118094 0.999215 0.362253
-0.033974 -0.999368 0.0104177 -15.4194 0.998805 -0.0335845 0.0355215 -23.5763 -0.0351492 0.011612 0.999315 0.39342
-0.0309043 -0.999501 0.00654134 -15.4653 0.999039 -0.0306852 0.0313025 -24.9584 -0.0310862 0.00750244 0.999489 0.438135
-0.0300322 -0.999528 0.0064312 -15.4743 0.998955 -0.0297919 0.0346714 -26.364 -0.0344635 0.00746573 0.999378 0.416654
-0.0303368 -0.999503 0.00855331 -15.4864 0.998901 -0.0300102 0.0360149 -27.3134 -0.0357403 0.00963648 0.999315 0.457324
-0.0304985 -0.999518 0.00584304 -15.5018 0.998836 -0.0302582 0.0375707 -28.3246 -0.0373758 0.00698209 0.999277 0.486449
-0.0265137 -0.999646 -0.00217836 -15.5279 0.999268 -0.0265637 0.0275292 -29.7838 -0.0275773 -0.00144686 0.999619 0.490335
-0.0262275 -0.999655 -0.00111502 -15.519 0.999235 -0.0262488 0.0290004 -30.8076 -0.0290197 -0.000353556 0.999579 0.540907
-0.025411 -0.999677 0.000302205 -15.5627 0.999294 -0.0253929 0.0276865 -31.8242 -0.0276699 0.00100554 0.999617 0.57435
-0.0239371 -0.999713 0.00122894 -15.5806 0.999317 -0.023893 0.0282037 -32.9223 -0.0281662 0.00190321 0.999601 0.631594
-0.0233792 -0.999723 0.00279271 -15.6072 0.999521 -0.0233177 0.0203372 -33.9153 -0.0202664 0.00326684 0.999789 0.641027
-0.0235206 -0.999716 0.00376617 -15.6202 0.999488 -0.0234332 0.0217678 -35.0036 -0.0216734 0.00427624 0.999756 0.639664
-0.0218293 -0.99975 0.00491654 -15.6259 0.999367 -0.0216822 0.0282193 -36.0772 -0.0281057 0.00552943 0.99959 0.636348
-0.0207464 -0.999746 0.008765 -15.6535 0.999395 -0.0204926 0.0281168 -37.1925 -0.0279301 0.00934302 0.999566 0.673827
-0.0178445 -0.999794 0.0096812 -15.6903 0.999432 -0.0175596 0.0287574 -38.2681 -0.0285815 0.0101889 0.99954 0.701914
-0.0173461 -0.999752 0.0139619 -15.7099 0.999468 -0.0169522 0.0278497 -39.4374 -0.0276061 0.0144376 0.999515 0.73563
-0.0175602 -0.999636 0.0204989 -15.7043 0.999539 -0.0170433 0.0251265 -40.5329 -0.024768 0.0209306 0.999474 0.725811
-0.0172953 -0.999632 0.020891 -15.7472 0.99947 -0.0167083 0.0279535 -41.6955 -0.0275942 0.0213634 0.999391 0.67722
-0.0145563 -0.999598 0.0243365 -15.7814 0.999485 -0.0138501 0.028936 -42.8403 -0.0285873 0.0247451 0.999285 0.736666
-0.0141865 -0.999579 0.0252998 -15.7887 0.999476 -0.0134394 0.029459 -43.9985 -0.0291066 0.0257045 0.999246 0.763292
-0.0110166 -0.99977 0.018411 -15.8279 0.999575 -0.0105135 0.027204 -45.1688 -0.0270042 0.0187028 0.99946 0.849249
-0.00756696 -0.999835 0.016507 -15.8831 0.999552 -0.00708476 0.0290808 -46.367 -0.028959 0.0167197 0.999441 0.853234
-0.00760856 -0.999876 0.0137679 -15.9586 0.999408 -0.0071415 0.0336622 -47.5693 -0.0335597 0.0140159 0.999338 0.856743
-0.00981668 -0.999904 0.00972508 -16.0005 0.999435 -0.00949838 0.0322506 -48.7362 -0.0321551 0.0100362 0.999433 0.930839
-0.0104784 -0.999942 0.00260885 -16.0591 0.999456 -0.0103916 0.0313033 -49.9766 -0.0312744 0.00293543 0.999507 0.993939
-0.0117499 -0.999898 0.00809912 -16.1013 0.999473 -0.0114991 0.0303599 -51.1764 -0.0302637 0.00845158 0.999506 1.00706
-0.0108639 -0.999915 0.00722892 -16.1531 0.999462 -0.0106348 0.0310131 -52.3453 -0.0309336 0.00756196 0.999493 1.0415
-0.0096505 -0.999947 0.00360955 -16.1528 0.999422 -0.00952771 0.0326217 -53.5564 -0.0325856 0.00392228 0.999461 1.08639
-0.00954977 -0.999923 0.00796538 -16.2006 0.999409 -0.0092813 0.0330958 -54.7073 -0.0330193 0.00827673 0.99942 1.09674
-0.00852421 -0.999962 0.00197186 -16.2726 0.999405 -0.00845351 0.0334421 -55.8571 -0.0334241 0.00225576 0.999439 1.12694
-0.0061461 -0.99998 0.00156941 -16.3064 0.9994 -0.00608899 0.0340845 -56.9808 -0.0340742 0.00177795 0.999418 1.15064
-0.00663116 -0.999978 -0.000978583 -16.3538 0.999635 -0.00665452 0.0261817 -58.1039 -0.0261876 -0.00080461 0.999657 1.19661
-0.00548818 -0.999984 0.0012632 -16.3993 0.999731 -0.00545838 0.0225388 -59.2511 -0.0225315 0.00138656 0.999745 1.15379
-0.00579074 -0.999967 0.00572405 -16.4431 0.999644 -0.0056397 0.0260523 -60.3512 -0.0260192 0.00587288 0.999644 1.18163
-0.00521722 -0.999978 0.00417482 -16.4638 0.999632 -0.00510421 0.0266446 -61.4982 -0.0266226 0.0043123 0.999636 1.22719
-0.0062826 -0.999926 0.0104114 -16.4958 0.999621 -0.00600078 0.0268714 -62.6211 -0.0268069 0.0105763 0.999585 1.23449
-0.00714102 -0.999947 0.00736791 -16.5527 0.999587 -0.00693288 0.0278995 -63.6663 -0.027847 0.0075641 0.999584 1.26481
-0.00890103 -0.999946 0.00540076 -16.5953 0.999553 -0.00874307 0.0285941 -64.7432 -0.0285453 0.00565287 0.999577 1.29823
-0.0137279 -0.999865 0.00903154 -16.5764 0.999509 -0.0134673 0.0283005 -65.8222 -0.028175 0.00941561 0.999559 1.32342
-0.0137006 -0.999887 0.00614914 -16.6159 0.999519 -0.013524 0.0279141 -66.8862 -0.0278278 0.00652862 0.999591 1.35573
-0.0111964 -0.999905 0.00799922 -16.647 0.99965 -0.0110013 0.0240425 -67.9929 -0.0239522 0.00826561 0.999679 1.37675
-0.00568226 -0.999955 0.00758413 -16.648 0.999852 -0.0055584 0.016255 -69.001 -0.0162121 0.00767538 0.999839 1.32574
0.00643888 -0.999944 0.00842597 -16.7176 0.999695 0.00663761 0.0237798 -70.037 -0.0238344 0.00827029 0.999682 1.34619
0.0206458 -0.999747 0.0088773 -16.8422 0.999253 0.020924 0.0324796 -71.0579 -0.0326571 0.00820011 0.999433 1.38807
0.0347731 -0.999357 0.00877001 -16.8791 0.998856 0.0350412 0.032528 -72.117 -0.0328143 0.00762889 0.999432 1.43818
0.051443 -0.998654 0.00657186 -16.9784 0.998133 0.0516309 0.0326284 -73.1362 -0.0329238 0.00488109 0.999446 1.47348
0.0675397 -0.99769 0.00724537 -17.0681 0.997286 0.0677221 0.0288962 -74.24 -0.0293201 0.00527406 0.999556 1.50557
0.0834024 -0.99649 0.00718458 -17.1895 0.995972 0.0835928 0.0324316 -75.3081 -0.0329184 0.00445077 0.999448 1.49608
0.0971885 -0.995225 0.00906016 -17.369 0.994651 0.0974444 0.0342682 -76.428 -0.0349875 0.00568122 0.999372 1.51311
0.109288 -0.993964 0.00963043 -17.4985 0.993368 0.10956 0.0348804 -77.5219 -0.035725 0.00575457 0.999345 1.54781
0.119488 -0.992776 0.0108434 -17.7011 0.992316 0.119771 0.0310476 -78.6508 -0.032122 0.00705031 0.999459 1.55107
0.127039 -0.991817 0.0126498 -17.907 0.991456 0.127353 0.0282219 -79.8397 -0.029602 0.00895644 0.999522 1.58869
0.132183 -0.991158 0.0116058 -18.1194 0.990813 0.132457 0.0273065 -80.9937 -0.0286023 0.00788977 0.99956 1.62872
0.135661 -0.990723 0.0080481 -18.3381 0.990336 0.135835 0.0279921 -82.1659 -0.0288256 0.00417289 0.999576 1.64374
0.135815 -0.990687 0.00963495 -18.5589 0.990364 0.136024 0.0260277 -83.3905 -0.0270959 0.00600715 0.999615 1.63923
0.134644 -0.990871 0.00681241 -18.769 0.99044 0.134788 0.0293493 -84.6272 -0.0299996 0.00279556 0.999546 1.70548
0.131132 -0.991358 0.00369418 -19.0097 0.990939 0.131184 0.0288103 -85.8586 -0.0290459 -0.000117251 0.999578 1.76099
0.128362 -0.991701 0.00716145 -19.2511 0.991336 0.128511 0.0271601 -87.1468 -0.027855 0.00361307 0.999605 1.769
0.12132 -0.992596 0.00589786 -19.4922 0.992138 0.121444 0.0302179 -88.3871 -0.0307104 0.00218546 0.999526 1.81254
0.112283 -0.993676 -0.000534939 -19.6632 0.993174 0.112209 0.0318387 -89.6632 -0.0315773 -0.00410621 0.999493 1.82568
0.101536 -0.99483 0.00163902 -19.8554 0.994327 0.101537 0.0316794 -90.9804 -0.0316821 -0.00158689 0.999497 1.84703
0.0909081 -0.995858 -0.0011689 -20.0427 0.99538 0.0908279 0.0311247 -92.3203 -0.0308896 -0.00399298 0.999515 1.90408
0.0803523 -0.996765 -0.00150095 -20.1942 0.996318 0.0802709 0.0301231 -93.648 -0.0299052 -0.00391588 0.999545 1.92441
0.0711438 -0.997466 -0.000799039 -20.3477 0.996885 0.0710751 0.0341722 -95.0121 -0.0340288 -0.00322769 0.999416 1.96697
0.0607314 -0.998143 -0.0046617 -20.4671 0.997552 0.0605319 0.0350187 -96.3383 -0.0346715 -0.00677702 0.999376 2.04224
0.0532711 -0.998575 -0.0030462 -20.5946 0.998108 0.0531518 0.0309149 -97.7137 -0.0307089 -0.0046873 0.999517 2.06067
0.0453397 -0.998972 -0.000174692 -20.6998 0.998504 0.0453132 0.0305911 -99.0766 -0.0305518 -0.00156143 0.999532 2.09101
0.0389999 -0.999232 -0.00368587 -20.8124 0.99868 0.0388545 0.0335956 -100.543 -0.0334266 -0.00499123 0.999429 2.16719
0.0327585 -0.999431 -0.00806125 -20.9026 0.998974 0.032489 0.0315519 -101.941 -0.0312721 -0.00908657 0.99947 2.23932
0.028323 -0.999581 -0.00598683 -21.0233 0.999152 0.0281309 0.0300628 -103.351 -0.0298818 -0.00683322 0.99953 2.23622
0.0243793 -0.999655 -0.00972534 -21.1229 0.999175 0.0240491 0.0327338 -104.802 -0.0324887 -0.0105153 0.999417 2.29797
0.020045 -0.999743 -0.0105359 -21.2221 0.999322 0.0197089 0.0310925 -106.259 -0.0308769 -0.011152 0.999461 2.32478
0.0155519 -0.999825 -0.0103681 -21.2819 0.999357 0.015208 0.0324548 -107.683 -0.0322915 -0.0108662 0.999419 2.37262
0.0111133 -0.999919 -0.00613249 -21.3874 0.999479 0.0109221 0.0303761 -109.253 -0.0303067 -0.00646687 0.99952 2.37541
0.00800839 -0.999945 -0.0067755 -21.4286 0.999531 0.00780437 0.029617 -110.674 -0.0295625 -0.0070095 0.999538 2.36442
0.00179592 -0.999961 -0.00862032 -21.5158 0.999489 0.00151972 0.0319368 -112.091 -0.0319225 -0.00867326 0.999453 2.41741
-0.00135103 -0.999978 -0.00648892 -21.5584 0.999525 -0.00155022 0.0307788 -113.533 -0.0307881 -0.00644426 0.999505 2.44677
-0.00491431 -0.99996 -0.00750622 -21.613 0.999428 -0.0051625 0.0334174 -114.987 -0.0334548 -0.00733771 0.999413 2.50496
-0.00397935 -0.999983 -0.00436822 -21.6669 0.999517 -0.00411203 0.030812 -116.4 -0.0308294 -0.0042435 0.999516 2.52207
-0.00643876 -0.999969 -0.00456778 -21.7015 0.999532 -0.00657239 0.0298804 -117.797 -0.0299095 -0.00437324 0.999543 2.56162
-0.00755361 -0.999972 -0.000172008 -21.7428 0.999498 -0.00755539 0.0307737 -119.187 -0.0307741 6.05298e-05 0.999526 2.58161
-0.00719395 -0.999973 0.00156654 -21.7875 0.999534 -0.00714435 0.0296879 -120.578 -0.0296759 0.00177939 0.999558 2.62197
-0.00862589 -0.999954 0.00413758 -21.8291 0.99936 -0.008477 0.0347452 -121.978 -0.0347085 0.00443464 0.999388 2.64069
-0.00675824 -0.999873 0.0144311 -21.8962 0.999508 -0.00631252 0.0307111 -123.366 -0.0306161 0.0146316 0.999424 2.70525
-0.00634995 -0.999934 0.00962518 -21.9254 0.999542 -0.00606206 0.0296496 -124.657 -0.0295893 0.00980904 0.999514 2.77337
-0.0098125 -0.999888 0.0112547 -21.973 0.999441 -0.00944712 0.0320661 -125.905 -0.0319562 0.011563 0.999422 2.75013
-0.0115799 -0.99988 0.0103254 -22.0008 0.999676 -0.0113421 0.022804 -127.108 -0.0226842 0.0105861 0.999687 2.76482
-0.0131015 -0.99991 0.00302654 -22.0059 0.999496 -0.0130084 0.0289631 -128.237 -0.0289211 0.00340448 0.999576 2.79868
-0.0151735 -0.999864 0.00651439 -22.0548 0.999468 -0.0149788 0.028969 -129.379 -0.0288675 0.00695049 0.999559 2.82416
-0.0153151 -0.999869 0.0052999 -22.1084 0.99959 -0.0151822 0.0242689 -130.531 -0.0241852 0.00566941 0.999691 2.83985
-0.0171548 -0.999818 0.00838902 -22.1334 0.999497 -0.0169243 0.0268197 -131.564 -0.0266728 0.00884489 0.999605 2.84468
-0.0183246 -0.999787 0.00948117 -22.1769 0.999497 -0.0180723 0.0260456 -132.562 -0.0258687 0.00995369 0.999616 2.83419
-0.0184762 -0.999727 0.0143059 -22.1536 0.999515 -0.0181097 0.0253289 -133.504 -0.0250629 0.014767 0.999577 2.88536
-0.0208252 -0.999704 0.0126033 -22.1821 0.999433 -0.0204828 0.0267094 -134.888 -0.0264433 0.0131524 0.999564 2.93064
-0.0193539 -0.999637 0.018743 -22.2281 0.999456 -0.018843 0.0270637 -136.076 -0.0267008 0.0192566 0.999458 2.93444
-0.0188792 -0.999625 0.0198322 -22.2612 0.999514 -0.0183772 0.0251974 -137.118 -0.0248235 0.0202982 0.999486 2.98939
-0.0189411 -0.999648 0.0185752 -22.264 0.999477 -0.0184442 0.0265663 -138.272 -0.0262143 0.0190687 0.999474 3.00923
-0.0185657 -0.999666 0.0179554 -22.2875 0.999486 -0.0180872 0.0264517 -139.312 -0.0261181 0.0184373 0.999489 2.98625
-0.0175406 -0.999689 0.0177433 -22.3069 0.99946 -0.0170377 0.0281051 -140.28 -0.027794 0.0182267 0.999447 3.01508
-0.0215047 -0.999598 0.018481 -22.3628 0.999294 -0.0209213 0.0312011 -141.231 -0.0308019 0.019139 0.999342 3.03278
-0.0240948 -0.99958 0.0160979 -22.3866 0.999214 -0.0235726 0.0318779 -142.262 -0.031485 0.0168534 0.999362 3.05408
-0.0165292 -0.999736 0.0159356 -22.3922 0.999314 -0.0159899 0.033393 -143.257 -0.0331294 0.0164766 0.999315 3.07651
0.00539938 -0.999882 0.0143527 -22.4597 0.999392 0.00589022 0.0343798 -144.255 -0.0344603 0.0141583 0.999306 3.08024
0.0242735 -0.999578 0.0159692 -22.5009 0.999138 0.0247947 0.0332863 -145.214 -0.0336682 0.0151475 0.999318 3.10724
0.0564901 -0.99829 0.0150159 -22.6097 0.997831 0.0569606 0.0330049 -146.298 -0.0338038 0.0131189 0.999342 3.11275
0.104288 -0.994371 0.0186982 -22.7133 0.993967 0.104851 0.0321795 -147.408 -0.0339589 0.0152295 0.999307 3.16118
0.15933 -0.987026 0.019861 -22.8904 0.986575 0.159923 0.0330722 -148.29 -0.0358193 0.014325 0.999256 3.19534
0.225423 -0.973983 0.0232787 -23.1437 0.973536 0.226112 0.0331895 -149.268 -0.0375896 0.0151809 0.999178 3.21749
0.300409 -0.953489 0.0247714 -23.5255 0.953121 0.301078 0.0301998 -150.316 -0.0362533 0.0145379 0.999237 3.2477
0.377806 -0.925587 0.023465 -24.0051 0.925165 0.37839 0.0298327 -151.355 -0.0364917 0.0104381 0.999279 3.24363
0.429507 -0.902741 0.0241234 -24.4024 0.902349 0.430076 0.0282969 -152.082 -0.0359197 0.00961396 0.999308 3.31921
0.484169 -0.874667 0.0231688 -24.8055 0.874259 0.484674 0.0275966 -152.822 -0.0353672 0.00689407 0.999351 3.34434
0.542078 -0.83999 0.0238333 -25.2924 0.839579 0.542574 0.0268502 -153.507 -0.0354852 0.00545504 0.999355 3.36986
0.599686 -0.799939 0.0218056 -25.8484 0.79944 0.600082 0.0282356 -154.148 -0.0356718 0.000499813 0.999363 3.38459
0.655492 -0.754899 0.0213811 -26.4416 0.754377 0.655837 0.0281803 -154.729 -0.0352958 -0.00234259 0.999374 3.42276
0.707117 -0.706753 0.0220599 -27.0515 0.706284 0.707456 0.025872 -155.286 -0.0338915 -0.00271392 0.999422 3.42959
0.75479 -0.655675 0.0195633 -27.7596 0.655152 0.755003 0.0273166 -155.749 -0.0326812 -0.00780139 0.999435 3.42897
0.798519 -0.601764 0.0157427 -28.4333 0.601309 0.798594 0.0259811 -156.24 -0.0282066 -0.0112802 0.999538 3.46119
0.836846 -0.547261 0.0139519 -29.1547 0.547202 0.836962 0.00805898 -156.722 -0.0160876 0.00089039 0.99987 3.45644
0.869719 -0.493532 0.00378444 -29.89 0.493484 0.869706 0.00926297 -156.969 -0.00786292 -0.00618862 0.99995 3.40863
0.901746 -0.432229 0.00558576 -30.6723 0.432073 0.901656 0.0181613 -157.342 -0.0128863 -0.0139635 0.999819 3.44024
0.928073 -0.372327 0.00730565 -31.5174 0.37227 0.92809 0.00798065 -157.641 -0.00975171 -0.00468694 0.999941 3.45759
0.948441 -0.31695 -0.00149342 -32.3743 0.316951 0.948406 0.00830678 -157.843 -0.00121646 -0.00835183 0.999964 3.4444
0.96517 -0.261622 0.00018147 -33.2965 0.261611 0.965135 0.00862101 -158.091 -0.00243059 -0.00827326 0.999963 3.42099
0.976225 -0.21676 -0.000294177 -34.1636 0.216757 0.976198 0.00737078 -158.273 -0.00131052 -0.0072593 0.999973 3.41183
0.9847 -0.174238 -0.00259897 -35.1305 0.174251 0.98468 0.0065213 -158.376 0.00142289 -0.0068744 0.999975 3.42095
0.990216 -0.139539 -0.000631961 -36.0797 0.13954 0.990212 0.00304188 -158.513 0.000201316 -0.0031003 0.999995 3.40694
0.993175 -0.116619 0.0020084 -37.063 0.116621 0.993176 -0.000977095 -158.563 -0.00188075 0.00120465 0.999997 3.40799
0.995375 -0.0960634 3.49392e-05 -38.0386 0.0960597 0.995333 -0.00922681 -158.604 0.000851583 0.00918749 0.999957 3.40643
0.996945 -0.0781039 -0.00027799 -39.0748 0.0780853 0.996774 -0.0185678 -158.644 0.00172731 0.0184894 0.999828 3.40436
0.998374 -0.0569716 0.00199511 -40.1151 0.0569965 0.998242 -0.0162284 -158.681 -0.00106705 0.0163158 0.999866 3.38218
0.999351 -0.0359482 -0.00249981 -41.19 0.0358984 0.999199 -0.0176961 -158.658 0.00313395 0.0175949 0.99984 3.40136
0.999849 -0.0155762 -0.00772811 -42.2911 0.0154749 0.999796 -0.0130061 -158.619 0.00792911 0.0128846 0.999886 3.39142
0.999995 0.00164303 -0.0027834 -43.3639 -0.00167354 0.999938 -0.0109941 -158.567 0.00276517 0.0109987 0.999936 3.34437
0.999939 0.0109096 0.00195725 -44.4888 -0.0108956 0.999916 -0.00699756 -158.498 -0.00203343 0.0069758 0.999974 3.34174
0.999844 0.0175328 0.00192014 -45.6111 -0.0175211 0.999829 -0.00596381 -158.425 -0.00202437 0.00592924 0.99998 3.37474
0.999774 0.0207087 -0.00490828 -46.8208 -0.0207753 0.999687 -0.0139322 -158.349 0.00461823 0.014031 0.999891 3.39864
0.999743 0.0208044 -0.00894991 -47.9203 -0.0208784 0.999748 -0.00825452 -158.236 0.00877592 0.00843926 0.999926 3.31442
0.99974 0.0225462 -0.00329748 -49.0792 -0.0225432 0.999745 0.000964064 -158.161 0.00331838 -0.000889478 0.999994 3.29646
0.999742 0.0227118 0.000688652 -50.1867 -0.02271 0.999739 -0.00256735 -158.057 -0.000746781 0.00255105 0.999996 3.33029
0.99975 0.0222855 0.00174785 -51.321 -0.0222835 0.999751 -0.00117062 -157.993 -0.0017735 0.00113138 0.999998 3.35201
0.999745 0.0225766 -6.40989e-05 -52.4727 -0.0225749 0.999696 0.00986645 -157.908 0.000286831 -0.00986249 0.999951 3.35524
0.999652 0.0248147 -0.00894032 -53.6053 -0.0248256 0.999691 -0.00110892 -157.855 0.00891004 0.00133049 0.999959 3.30514
0.999698 0.0235297 -0.00711991 -54.7729 -0.0235255 0.999723 0.000677434 -157.755 0.00713388 -0.00050973 0.999974 3.2916
0.999665 0.0256285 -0.00359078 -55.8357 -0.0256028 0.999647 0.00705175 -157.677 0.00377024 -0.00695745 0.999969 3.29684
0.999672 0.0255705 -0.00172565 -56.961 -0.0255628 0.999664 0.00434649 -157.644 0.00183621 -0.00430095 0.999989 3.30101
0.999736 0.0229586 -0.000811274 -58.0569 -0.022954 0.999722 0.00529461 -157.557 0.000932606 -0.00527459 0.999986 3.24664
0.999767 0.0209121 0.00525029 -59.1448 -0.0209513 0.999752 0.00751872 -157.448 -0.00509175 -0.00762697 0.999958 3.22617
0.999783 0.0172786 0.0116549 -60.232 -0.0173109 0.999847 0.00267046 -157.388 -0.011607 -0.00287163 0.999929 3.25488
0.999865 0.0161696 0.00294432 -61.3475 -0.0161873 0.99985 0.00610811 -157.389 -0.00284511 -0.00615495 0.999977 3.27813
0.999898 0.014284 0.000645015 -62.4659 -0.0142879 0.999877 0.00649151 -157.297 -0.000552211 -0.00650006 0.999979 3.28294
0.999906 0.0128673 0.00475701 -63.5458 -0.0129071 0.999881 0.0084409 -157.249 -0.00464783 -0.00850151 0.999953 3.2635
0.999878 0.0129758 0.00875042 -64.6966 -0.0129804 0.999916 0.000470342 -157.183 -0.00874358 -0.000583868 0.999962 3.25749
0.999911 0.0116141 0.00655155 -65.8468 -0.0116468 0.99992 0.00497794 -157.149 -0.00649321 -0.0050538 0.999966 3.29359
0.999894 0.0122226 0.00796246 -67.0141 -0.0122294 0.999925 0.000805234 -157.07 -0.00795202 -0.000902525 0.999968 3.28115
0.999906 0.0108814 0.00836982 -68.2234 -0.0108124 0.999908 -0.00824379 -157.015 -0.00845875 0.00815252 0.999931 3.30585
0.999903 0.0108043 0.0088422 -69.5129 -0.0107467 0.999921 -0.00653948 -156.968 -0.00891216 0.00644381 0.99994 3.29259
0.999913 0.0107889 0.00754533 -70.7285 -0.0107317 0.999914 -0.00758676 -156.9 -0.00762653 0.00750513 0.999943 3.26449
0.999892 0.0116603 0.00892221 -71.992 -0.0115652 0.999877 -0.0106304 -156.841 -0.00904506 0.0105261 0.999904 3.27178
0.999878 0.0129503 0.00870141 -73.2709 -0.0128932 0.999895 -0.0065958 -156.763 -0.00878592 0.00648281 0.99994 3.26839
0.999866 0.0139278 0.00862719 -74.5861 -0.0138864 0.999892 -0.00484599 -156.679 -0.00869375 0.00472554 0.999951 3.26571
0.999863 0.0137912 0.0091157 -75.948 -0.0137755 0.999904 -0.00178423 -156.616 -0.00913943 0.00165841 0.999957 3.24314
0.999835 0.0141603 0.0113643 -77.3287 -0.014174 0.999899 0.00112419 -156.499 -0.0113472 -0.00128508 0.999935 3.24471
0.999834 0.01678 0.00707534 -78.6882 -0.0168156 0.999846 0.00501225 -156.432 -0.00699015 -0.00513039 0.999962 3.26273
0.999831 0.0183537 -0.000270345 -80.0665 -0.018353 0.999828 0.0025536 -156.347 0.000317166 -0.0025482 0.999997 3.25233
0.999813 0.0193067 0.000845041 -81.5062 -0.019309 0.99981 0.00281156 -156.241 -0.000790598 -0.00282735 0.999996 3.26398
0.999816 0.0190104 0.00272855 -82.9409 -0.0190239 0.999806 0.00503168 -156.185 -0.00263237 -0.00508266 0.999984 3.23654
0.999816 0.01797 0.0067573 -84.3267 -0.0180122 0.999818 0.00623912 -156.097 -0.00664396 -0.00635968 0.999958 3.25161
0.999856 0.0161799 0.00506885 -85.726 -0.0162242 0.999829 0.00882091 -155.997 -0.00492527 -0.00890188 0.999948 3.23686
0.999857 0.0153091 0.00721768 -87.1551 -0.0153813 0.999831 0.0100478 -155.931 -0.00706264 -0.0101574 0.999923 3.24298
0.999901 0.0139051 0.00217423 -88.5376 -0.0139182 0.999884 0.00613721 -155.844 -0.00208864 -0.00616686 0.999979 3.28482
0.999901 0.0141018 -0.000258654 -89.9374 -0.0140996 0.999875 0.00722439 -155.781 0.000360499 -0.00722003 0.999974 3.24577
0.999891 0.0143239 0.00357136 -91.3746 -0.0143434 0.999882 0.00549466 -155.699 -0.00349223 -0.00554529 0.999979 3.23998
0.999923 0.0118219 0.00369462 -92.8003 -0.0118499 0.999901 0.00764609 -155.616 -0.00360386 -0.00768928 0.999964 3.218
0.999953 0.00848949 0.00473769 -94.3014 -0.00852404 0.999937 0.00732158 -155.519 -0.00467524 -0.00736161 0.999962 3.26044
0.999967 0.00568981 0.00586874 -95.8107 -0.00573885 0.999949 0.00837433 -155.446 -0.00582078 -0.00840773 0.999948 3.22675
0.999971 0.00286508 0.0071154 -97.2761 -0.00291772 0.999968 0.00739943 -155.372 -0.00709397 -0.00741997 0.999947 3.22427
0.999971 7.32685e-05 0.00765445 -98.8061 -0.000144125 0.999957 0.0092568 -155.307 -0.00765345 -0.00925763 0.999928 3.21191
0.999961 -0.00374422 0.00800826 -100.349 0.00363178 0.999895 0.0140094 -155.248 -0.00805988 -0.0139798 0.99987 3.23963
0.999943 -0.00595303 0.0088725 -101.886 0.00580935 0.999853 0.0161328 -155.191 -0.00896724 -0.0160803 0.99983 3.23785
0.999911 -0.00932327 0.0095007 -103.459 0.00921958 0.999898 0.0109001 -155.124 -0.00960136 -0.0108116 0.999895 3.25774
0.999881 -0.0127915 0.00862693 -105.021 0.0127066 0.999871 0.00982244 -155.084 -0.00875146 -0.00971165 0.999915 3.24702
0.999848 -0.0149219 0.00900099 -106.605 0.0148594 0.999865 0.0069771 -155.047 -0.00910389 -0.00684229 0.999935 3.24065
0.999846 -0.0174942 0.00141034 -108.2 0.0174822 0.999814 0.00810388 -155.008 -0.00155185 -0.00807798 0.999966 3.2191
0.999793 -0.0200789 0.00334216 -109.817 0.0200794 0.999798 -0.000140301 -154.997 -0.00333867 0.000207381 0.999994 3.18008
0.999724 -0.0220756 0.00808781 -111.37 0.0221773 0.999673 -0.0127116 -154.953 -0.00780455 0.0128875 0.999887 3.22033
0.999673 -0.0251017 0.00489902 -113 0.0251318 0.999665 -0.00617495 -154.952 -0.00474238 0.00629605 0.999969 3.21951
0.999583 -0.027873 0.00757897 -114.595 0.0279001 0.999605 -0.00349634 -154.922 -0.00747852 0.00370633 0.999965 3.25419
0.999566 -0.0294104 0.00176694 -116.275 0.0294058 0.999564 0.00257647 -154.876 -0.00184195 -0.0025234 0.999995 3.25182
0.999458 -0.0328099 -0.00258514 -117.883 0.0328249 0.999443 0.00596889 -154.842 0.00238786 -0.00605051 0.999979 3.21414
0.999376 -0.0352878 -0.00170776 -119.555 0.0352987 0.999354 0.00681861 -154.831 0.00146604 -0.00687463 0.999975 3.16934
0.999305 -0.0371972 0.0024744 -121.166 0.0371825 0.999292 0.00576432 -154.825 -0.00268706 -0.00566831 0.99998 3.17712
0.999268 -0.0378255 0.00570684 -122.84 0.0378094 0.999281 0.00288899 -154.803 -0.00581201 -0.0026711 0.99998 3.20315
0.999124 -0.0403789 0.0110043 -124.493 0.0403083 0.999166 0.00657024 -154.8 -0.0112604 -0.00612092 0.999918 3.22179
0.999106 -0.0412463 0.00927825 -126.161 0.0411964 0.999136 0.00550303 -154.824 -0.00949722 -0.00511588 0.999942 3.20062
0.999113 -0.0421118 -0.000432461 -127.85 0.0421137 0.99909 0.00668772 -154.782 0.000150436 -0.0067 0.999978 3.18954
0.999108 -0.0422194 -0.00126143 -129.538 0.0422306 0.999049 0.0108248 -154.794 0.000803217 -0.0108684 0.999941 3.19817
0.999112 -0.0420488 0.0025299 -131.198 0.0420085 0.999015 0.0142961 -154.824 -0.00312854 -0.0141772 0.999895 3.21302
0.999118 -0.0419142 0.002395 -132.872 0.0419051 0.999115 0.00374662 -154.81 -0.00254992 -0.00364295 0.99999 3.16413
0.999186 -0.0403361 6.96546e-05 -134.596 0.0403361 0.999186 0.00102307 -154.791 -0.000110864 -0.00101942 0.999999 3.18391
0.999275 -0.0380542 0.00146504 -136.258 0.0380524 0.999275 0.0012757 -154.794 -0.00151253 -0.00121903 0.999998 3.16922
0.999356 -0.0357676 0.0030113 -137.927 0.0357672 0.99936 0.000198013 -154.785 -0.00301646 -9.01798e-05 0.999995 3.18818
0.999444 -0.0329087 0.00541802 -139.553 0.0329038 0.999458 0.000996266 -154.761 -0.00544787 -0.000817438 0.999985 3.16869
0.999619 -0.0276077 -9.95722e-05 -141.243 0.0276079 0.999614 0.00295318 -154.719 1.80032e-05 -0.0029548 0.999996 3.18089
0.999688 -0.0248506 0.00237909 -142.867 0.024849 0.999691 0.000722105 -154.707 -0.00239629 -0.000662762 0.999997 3.16147
0.99977 -0.0212261 0.00308975 -144.48 0.0212158 0.999769 0.00332247 -154.672 -0.00315956 -0.00325615 0.99999 3.16258
0.999824 -0.0187245 -0.00142749 -146.128 0.0187213 0.999822 -0.00216792 -154.663 0.00146783 0.00214081 0.999997 3.17619
0.999834 -0.0180922 -0.00215034 -147.725 0.0180797 0.99982 -0.00569743 -154.658 0.00225303 0.0056576 0.999981 3.13207
0.999843 -0.0175024 0.00263553 -149.326 0.0175306 0.999785 -0.0110673 -154.631 -0.00244126 0.0111118 0.999935 3.13819
0.999795 -0.0191354 0.00656977 -150.919 0.0192044 0.999759 -0.0106027 -154.607 -0.0063653 0.0107267 0.999922 3.10174
0.999844 -0.0170805 0.00450489 -152.513 0.0171268 0.999799 -0.0104659 -154.566 -0.00432522 0.0105414 0.999935 3.15482
0.999793 -0.0156638 0.0130156 -154.081 0.0157213 0.999867 -0.00432666 -154.471 -0.0129461 0.00453038 0.999906 3.1011
0.99984 -0.0155999 -0.00878585 -155.749 0.0155759 0.999875 -0.00278579 -154.43 0.00882821 0.0026485 0.999958 3.06648
0.999881 -0.0150086 -0.00359699 -157.317 0.0149914 0.999876 -0.00476587 -154.411 0.00366807 0.00471138 0.999982 3.18618
0.999776 -0.0142133 0.0156538 -158.882 0.014208 0.999899 0.000452882 -154.354 -0.0156587 -0.000230372 0.999877 3.10148
0.999874 -0.0142929 0.00694753 -160.495 0.0143016 0.999897 -0.00120154 -154.305 -0.00692964 0.00130075 0.999975 3.13496
0.999873 -0.0147256 -0.00607293 -162.144 0.0147557 0.999879 0.0049508 -154.283 0.0059993 -0.00503978 0.999969 3.07237
0.999885 -0.013772 -0.00638001 -163.762 0.0138075 0.999889 0.00555301 -154.221 0.00630283 -0.00564046 0.999964 3.09352
0.999946 -0.0102409 0.0017876 -165.366 0.0102371 0.999945 0.00209003 -154.167 -0.00180891 -0.00207161 0.999996 3.0383
0.999976 -0.00674262 0.00173435 -166.976 0.00673438 0.999966 0.00471483 -154.104 -0.00176608 -0.00470304 0.999987 3.04455
0.999997 -0.00259563 -0.000330899 -168.625 0.002597 0.999988 0.00421846 -154.033 0.000319945 -0.0042193 0.999991 3.05827
0.999995 0.00288686 0.000951554 -170.261 -0.0028905 0.999988 0.00383985 -153.978 -0.000940458 -0.00384258 0.999992 3.03996
0.999959 0.00883481 0.00178298 -171.926 -0.00884058 0.999956 0.0032531 -153.886 -0.00175416 -0.00326873 0.999993 2.99399
0.999874 0.0158201 0.00125327 -173.551 -0.0158216 0.999874 0.00122637 -153.825 -0.00123371 -0.00124604 0.999998 3.02479
0.999771 0.0214076 0.000439707 -175.196 -0.0214069 0.99977 -0.00161857 -153.712 -0.000474255 0.00160878 0.999999 3.02899
0.999677 0.0245658 -0.00651228 -176.863 -0.0245709 0.999698 -0.000710016 -153.586 0.00649287 0.000869799 0.999979 2.99594
0.999595 0.0282349 0.00342903 -178.497 -0.0282598 0.999573 0.0074227 -153.503 -0.00321798 -0.0075166 0.999967 2.97663
0.999505 0.0314576 1.70303e-05 -180.144 -0.0314558 0.999443 0.0111474 -153.364 0.000333649 -0.0111424 0.999938 2.93553
0.999472 0.0324617 0.00127034 -181.775 -0.0324778 0.999346 0.0158729 -153.242 -0.00075425 -0.0159058 0.999873 2.95177
0.999404 0.0344936 -0.00143802 -183.418 -0.0344602 0.999226 0.0189575 -153.084 0.00209082 -0.0188967 0.999819 2.92747
0.999401 0.0340779 -0.00607695 -185.075 -0.0339055 0.999073 0.0265089 -152.93 0.00697468 -0.026287 0.99963 2.90922
0.999448 0.0329049 -0.00460758 -186.703 -0.0327401 0.998946 0.0321617 -152.817 0.005661 -0.0319931 0.999472 2.83831
0.999543 0.0301809 -0.00159709 -188.33 -0.0301112 0.998993 0.0332486 -152.689 0.00259895 -0.0331853 0.999446 2.80568
0.99961 0.0279284 -0.00068793 -189.98 -0.0278879 0.999013 0.0345773 -152.557 0.00165294 -0.0345446 0.999402 2.79933
0.999666 0.0255437 -0.00380769 -191.611 -0.0253939 0.999056 0.0352409 -152.428 0.00470428 -0.0351324 0.999372 2.79395
0.999758 0.0219753 -0.000409995 -193.241 -0.0219466 0.999121 0.0357114 -152.331 0.0011944 -0.0356938 0.999362 2.78489
0.99985 0.0173055 0.000743301 -194.826 -0.0173212 0.999164 0.0370402 -152.258 -0.000101678 -0.0370475 0.999313 2.73156
0.999928 0.0119386 -0.000989352 -196.432 -0.0118955 0.999286 0.0358489 -152.157 0.00141663 -0.0358346 0.999357 2.74021
0.999967 0.00744842 -0.0031046 -198.022 -0.00733188 0.999325 0.0359958 -152.112 0.00337061 -0.0359718 0.999347 2.72489
0.999986 0.00179393 -0.00500859 -199.612 -0.00161644 0.999378 0.0352199 -152.016 0.00506866 -0.0352114 0.999367 2.72405
0.999975 -0.00283566 -0.00644504 -201.143 0.00304723 0.999449 0.0330583 -151.949 0.00634775 -0.0330771 0.999433 2.73284
0.999959 -0.00825864 -0.0036873 -202.688 0.00837228 0.999454 0.0319476 -151.923 0.00342144 -0.0319771 0.999483 2.65329
0.999903 -0.0138278 -0.00163144 -204.206 0.0138567 0.999717 0.0193168 -151.904 0.00136387 -0.0193375 0.999812 2.6074
0.99988 -0.0154532 -0.00126398 -205.743 0.0154709 0.99976 0.0154993 -151.866 0.00102417 -0.015517 0.999879 2.59184
0.999826 -0.0184536 0.00273518 -207.23 0.0184092 0.999711 0.0154809 -151.84 -0.00302007 -0.0154279 0.999876 2.61823
0.999802 -0.0195847 0.00352178 -208.753 0.019532 0.999705 0.0144143 -151.793 -0.00380304 -0.0143427 0.99989 2.57195
0.999758 -0.0204055 -0.00827417 -210.286 0.0205539 0.999622 0.0182592 -151.736 0.00789845 -0.0184249 0.999799 2.57421
0.999808 -0.0195488 0.000914413 -211.768 0.0195085 0.999276 0.0326596 -151.708 -0.00155221 -0.0326355 0.999466 2.61801
0.999739 -0.0190691 0.0125783 -213.226 0.0186095 0.999189 0.0356965 -151.661 -0.0132488 -0.0354531 0.999283 2.53594
0.99973 -0.019021 -0.0133333 -214.768 0.0195617 0.99894 0.0416662 -151.597 0.0125266 -0.0419157 0.999043 2.56393
0.999785 -0.0192636 -0.00763519 -216.202 0.0195395 0.999092 0.0378673 -151.605 0.00689879 -0.0380084 0.999254 2.59383
0.999749 -0.0224049 -0.000475968 -217.642 0.0224068 0.999025 0.0380271 -151.559 -0.000376489 -0.0380282 0.999277 2.53292
0.99968 -0.0235461 -0.00926568 -219.101 0.0238687 0.999052 0.0364016 -151.561 0.00839978 -0.0366111 0.999294 2.55608
0.999695 -0.0246452 -0.00160494 -220.534 0.0246879 0.998999 0.0372994 -151.525 0.000684088 -0.0373277 0.999303 2.51971
0.999648 -0.0253614 -0.00773628 -221.922 0.0256399 0.998937 0.0383187 -151.506 0.00675623 -0.0385036 0.999236 2.48498
0.999625 -0.0273692 0.000165791 -223.334 0.0273433 0.99891 0.0378181 -151.487 -0.00120066 -0.0377994 0.999285 2.47264
0.99964 -0.0267661 0.00176254 -224.733 0.0266828 0.998961 0.0369466 -151.452 -0.00274963 -0.0368862 0.999316 2.45286
0.999559 -0.0296751 -0.00143966 -226.132 0.0297075 0.99893 0.0354369 -151.474 0.000386524 -0.0354641 0.999371 2.41924
0.999501 -0.0310335 -0.00580442 -227.541 0.0312103 0.998956 0.0333627 -151.481 0.004763 -0.0335272 0.999426 2.41618
0.999427 -0.0334553 -0.00514783 -228.932 0.0336013 0.998938 0.0315177 -151.461 0.00408793 -0.0316726 0.99949 2.39624
0.999329 -0.0363537 -0.00456777 -230.272 0.0364673 0.998945 0.027895 -151.473 0.00354887 -0.0280429 0.9996 2.39739
0.999201 -0.039593 -0.00536695 -231.63 0.0397175 0.998885 0.0255159 -151.461 0.00435071 -0.0257087 0.99966 2.38182
0.99916 -0.0404174 -0.00668872 -232.953 0.0405544 0.998939 0.0218073 -151.456 0.00580024 -0.0220602 0.99974 2.38546
0.999063 -0.0431554 -0.00325411 -234.295 0.0432209 0.998781 0.0238599 -151.443 0.00222046 -0.0239782 0.99971 2.35745
0.998987 -0.04446 -0.00691521 -235.625 0.0446211 0.998686 0.0252003 -151.428 0.00578572 -0.0254834 0.999659 2.33096
0.99891 -0.0464808 -0.00437013 -236.964 0.0465779 0.998586 0.025619 -151.432 0.00317316 -0.0257946 0.999662 2.31223
0.998782 -0.0491865 -0.00394932 -238.314 0.0492763 0.998411 0.0273519 -151.439 0.0025977 -0.0275132 0.999618 2.29873
0.998833 -0.048121 -0.00407712 -239.638 0.0482151 0.99846 0.0274411 -151.472 0.00275034 -0.0276056 0.999615 2.31449
0.998908 -0.046718 -0.00101703 -240.971 0.0467288 0.998601 0.024728 -151.471 -0.000139638 -0.0247486 0.999694 2.30921
0.998995 -0.04481 -0.00102799 -242.274 0.0448216 0.998653 0.0261233 -151.462 -0.000143976 -0.0261431 0.999658 2.27247
0.999115 -0.0419501 -0.00294965 -243.623 0.042009 0.998828 0.0240534 -151.484 0.00193715 -0.0241561 0.999706 2.25226
0.999174 -0.0404981 -0.00325316 -245.027 0.0405501 0.999017 0.0179213 -151.474 0.00252419 -0.0180384 0.999834 2.22426
0.999173 -0.0403108 -0.00524942 -246.368 0.0404169 0.998941 0.0219891 -151.495 0.00435746 -0.0221831 0.999744 2.22946
0.999207 -0.0394908 -0.00510685 -247.741 0.0395896 0.998996 0.0209594 -151.504 0.00427402 -0.0211449 0.999767 2.19269
0.999172 -0.0406617 -0.00116813 -249.098 0.0406773 0.998954 0.0208907 -151.533 0.000317454 -0.020921 0.999781 2.18775
0.999008 -0.0439817 0.007011 -250.501 0.0438385 0.99885 0.0194264 -151.517 -0.00785734 -0.0190998 0.999787 2.1077
0.998973 -0.0449801 0.0054544 -251.911 0.0448465 0.998739 0.0225461 -151.52 -0.00646165 -0.0222783 0.999731 2.14027
0.998684 -0.0501655 -0.0106878 -253.363 0.0502973 0.998657 0.0124372 -151.515 0.0100495 -0.0129584 0.999866 2.12775
0.998471 -0.0534636 -0.0140714 -254.838 0.0536958 0.998418 0.016673 -151.55 0.0131578 -0.017403 0.999762 2.14645
0.998383 -0.0564316 -0.00687756 -256.203 0.0565299 0.998287 0.015047 -151.568 0.00601665 -0.0154115 0.999863 2.11527
0.997984 -0.0633724 0.00349389 -257.684 0.0633143 0.997884 0.014776 -151.594 -0.00442289 -0.014525 0.999885 2.02844
0.997853 -0.0652011 -0.00623146 -259.122 0.0652714 0.997798 0.011819 -151.63 0.00544713 -0.0122004 0.999911 2.02945
0.997608 -0.0688674 -0.00594298 -260.556 0.0689481 0.997513 0.0146385 -151.686 0.00492008 -0.0150132 0.999875 2.04259
0.99737 -0.0724479 -0.00230855 -262.026 0.0724768 0.997225 0.0169959 -151.72 0.00107083 -0.0171185 0.999853 2.05428
0.997106 -0.0759758 -0.00259608 -263.519 0.0760124 0.996911 0.0197763 -151.766 0.00108554 -0.0199164 0.999801 2.03763
0.996409 -0.0839461 -0.0110495 -264.937 0.0841 0.996355 0.0142898 -151.855 0.00980962 -0.0151678 0.999837 1.98214
0.995857 -0.0904278 -0.0095387 -266.395 0.0905537 0.995797 0.013717 -151.909 0.00825821 -0.0145239 0.99986 1.95827
0.994784 -0.101942 -0.0034346 -267.851 0.101979 0.994701 0.0130793 -152.012 0.00208307 -0.0133614 0.999909 1.93055
0.993572 -0.113126 -0.00418442 -269.334 0.113179 0.993445 0.016074 -152.097 0.0023386 -0.0164442 0.999862 1.90947
0.992342 -0.123458 -0.00403923 -270.847 0.123498 0.99227 0.012222 -152.245 0.0024991 -0.0126273 0.999917 1.87853
0.991147 -0.132738 -0.00276324 -272.353 0.132744 0.991148 0.00219597 -152.375 0.00244729 -0.00254333 0.999994 1.90209
0.990412 -0.138138 -0.00101421 -273.838 0.138138 0.990413 0.000368021 -152.508 0.000953649 -0.000504594 0.999999 1.86918
0.990054 -0.140652 -0.0031912 -275.331 0.140662 0.990053 0.003106 -152.645 0.00272259 -0.00352399 0.99999 1.80139
0.989686 -0.143206 -0.0036058 -276.84 0.143221 0.989682 0.00424253 -152.81 0.00296104 -0.0047152 0.999985 1.81778
0.989613 -0.143709 0.00370439 -278.387 0.143704 0.98962 0.00143683 -152.957 -0.00387242 -0.000889572 0.999992 1.77157
0.989747 -0.142733 -0.00521542 -280.021 0.142725 0.989761 -0.0018276 -153.125 0.00542288 0.00106449 0.999985 1.73126
0.989728 -0.142855 -0.00563807 -281.509 0.142865 0.989741 0.00135578 -153.261 0.00538655 -0.00214733 0.999983 1.76941
0.990018 -0.140932 -0.0018219 -283.038 0.140939 0.990007 0.00480115 -153.411 0.00112706 -0.00501 0.999987 1.69795
0.990401 -0.137544 -0.0136774 -284.652 0.137734 0.990369 0.0140858 -153.527 0.0116082 -0.0158344 0.999807 1.7342
0.991024 -0.132681 -0.0163633 -286.236 0.133025 0.990866 0.0221073 -153.693 0.0132806 -0.0240856 0.999622 1.68885
0.991951 -0.125678 -0.0154176 -287.81 0.125981 0.991818 0.0206152 -153.807 0.0127006 -0.0223916 0.999669 1.65095
0.993054 -0.115913 -0.0202241 -289.354 0.116291 0.99304 0.0186456 -153.896 0.0179221 -0.0208679 0.999622 1.60724
0.994287 -0.105178 -0.0181707 -290.907 0.105583 0.994144 0.0230172 -154.02 0.0156434 -0.0248043 0.99957 1.56286
0.995163 -0.0957188 -0.0220979 -292.526 0.096218 0.9951 0.022754 -154.07 0.0198116 -0.0247702 0.999497 1.48122
0.995578 -0.0903481 -0.025737 -294.065 0.0906325 0.995833 0.0101051 -154.245 0.0247168 -0.0123931 0.999618 1.39498
0.996299 -0.0835125 -0.0203428 -295.647 0.0837806 0.996403 0.012704 -154.281 0.0192087 -0.0143613 0.999712 1.41086
