0.471911 -0.880622 0.0424733 0.673596 0.881634 0.471613 -0.017414 0.538713 -0.00469582 0.0456637 0.998946 0.786918
0.47094 -0.881251 0.0401564 1.09016 0.882162 0.470581 -0.0185525 1.33398 -0.00254739 0.0441615 0.999021 0.788969
0.469167 -0.882278 0.0383274 1.47696 0.88311 0.46873 -0.0202335 2.07423 -0.000113649 0.0433401 0.99906 0.792638
0.467414 -0.883356 0.0347195 1.88669 0.884038 0.467007 -0.0195353 2.8762 0.00104241 0.0398245 0.999206 0.791794
0.467005 -0.88364 0.0329791 2.28786 0.884254 0.466629 -0.0187601 3.66202 0.00118819 0.037923 0.99928 0.795974
0.465296 -0.884502 0.034002 2.71048 0.885155 0.464948 -0.0179882 4.46951 0.000101412 0.0384669 0.99926 0.803246
0.464439 -0.884914 0.0349818 3.12302 0.885605 0.464118 -0.0172763 5.28588 -0.000947706 0.0390038 0.999239 0.808306
0.463414 -0.885425 0.0356392 3.53099 0.886141 0.463107 -0.016921 6.08007 -0.00152248 0.0394227 0.999221 0.81351
0.461874 -0.88624 0.0353744 3.95563 0.886946 0.461525 -0.017956 6.89561 -0.000412792 0.0396686 0.999213 0.814237
0.461148 -0.886592 0.0360175 4.38285 0.887323 0.460767 -0.0187452 7.72777 2.36494e-05 0.0406034 0.999175 0.817656
0.460275 -0.887047 0.0359693 4.80334 0.887775 0.45995 -0.0173506 8.5471 -0.00115323 0.0399187 0.999202 0.822617
0.460299 -0.887044 0.0357467 5.21948 0.887754 0.460112 -0.0137878 9.3534 -0.00421712 0.0380808 0.999266 0.824204
0.460683 -0.886804 0.0367438 5.66048 0.887534 0.460618 -0.0107186 10.2062 -0.00741958 0.0375492 0.999267 0.829416
0.462091 -0.885951 0.0395427 6.09239 0.886777 0.462103 -0.00938617 11.0498 -0.00995708 0.0394028 0.999174 0.830092
0.463084 -0.88535 0.0413279 6.53176 0.886251 0.463103 -0.00969186 11.8863 -0.0105584 0.041115 0.999099 0.828907
0.464482 -0.88459 0.041914 6.96354 0.885542 0.464395 -0.0123851 12.7214 -0.00850891 0.0428693 0.999044 0.82161
0.465608 -0.884104 0.0396048 7.40163 0.88498 0.465358 -0.0158823 13.5784 -0.00438876 0.0424444 0.999089 0.81668
0.466527 -0.883739 0.03686 7.84436 0.884506 0.466185 -0.0179011 14.4292 -0.00136372 0.0409542 0.99916 0.811302
0.467378 -0.883351 0.0353394 8.29842 0.884056 0.467079 -0.0168116 15.2756 -0.00165578 0.0390994 0.999234 0.814876
0.467202 -0.883358 0.0374377 8.75595 0.884133 0.467043 -0.0134136 16.1456 -0.00563602 0.0393668 0.999209 0.819416
0.466347 -0.883486 0.0444048 9.21588 0.884556 0.466246 -0.0132483 17.0143 -0.00899887 0.0454568 0.998926 0.816932
0.465118 -0.883547 0.0548674 9.67842 0.885211 0.464777 -0.0195981 17.8768 -0.00818524 0.0576846 0.998301 0.81663
0.464083 -0.883998 0.0563388 10.1347 0.88578 0.463472 -0.0242601 18.7454 -0.00466554 0.0611625 0.998117 0.813711
0.46271 -0.884904 0.053334 10.6004 0.886509 0.461932 -0.0268275 19.6409 -0.00089698 0.0596944 0.998216 0.818066
0.460905 -0.886131 0.0483603 11.0595 0.887449 0.460154 -0.0263287 20.5423 0.00107744 0.0550523 0.998483 0.828227
0.459922 -0.886741 0.0465033 11.5321 0.887959 0.459285 -0.0241965 21.4574 9.77145e-05 0.0524216 0.998625 0.850029
0.458749 -0.887351 0.046461 11.9985 0.888563 0.458255 -0.0214038 22.3691 -0.00229835 0.0511025 0.998691 0.865729
0.458254 -0.88794 0.039565 12.4666 0.888814 0.457974 -0.0163966 23.3235 -0.0035605 0.0426797 0.999083 0.900462
0.456947 -0.888583 0.0402571 12.9466 0.889474 0.456771 -0.0139873 24.2531 -0.00595943 0.0421991 0.999092 0.899911
0.456479 -0.888889 0.038767 13.426 0.889683 0.456487 -0.00915078 25.1415 -0.00956263 0.0386675 0.999206 0.919428
0.455628 -0.889324 0.0388022 13.8898 0.890091 0.455736 -0.00653718 26.0805 -0.0118699 0.0375161 0.999226 0.920206
0.455749 -0.889274 0.0385236 14.3384 0.890032 0.45585 -0.00663137 26.9993 -0.0116639 0.0373095 0.999236 0.922067
0.455976 -0.88922 0.0370567 14.8052 0.889939 0.456006 -0.00812816 27.8914 -0.00967035 0.0366844 0.99928 0.943643
0.456267 -0.88907 0.0370752 15.2448 0.889802 0.456251 -0.00936717 28.7741 -0.00858752 0.0372635 0.999269 0.915796
0.455634 -0.889517 0.0340124 15.6828 0.890131 0.455625 -0.00845291 29.6805 -0.0079779 0.0341269 0.999386 0.930596
0.453792 -0.890342 0.0369208 16.11 0.891061 0.453803 -0.00856228 30.6135 -0.00913142 0.0367842 0.999281 0.932891
0.452959 -0.890775 0.0367043 16.5843 0.891478 0.452999 -0.00770843 31.5214 -0.0097605 0.0362126 0.999296 0.948676
0.453413 -0.890552 0.0365038 17.0504 0.891253 0.453432 -0.0082371 32.3561 -0.00921645 0.036269 0.9993 0.944934
0.453215 -0.890727 0.0346669 17.4773 0.891384 0.453107 -0.0113715 33.2156 -0.00557887 0.0360553 0.999334 0.936678
0.453216 -0.890877 0.0305683 17.9117 0.891394 0.453078 -0.0116995 34.1092 -0.003427 0.0325508 0.999464 0.951191
0.453246 -0.890968 0.0272691 18.3913 0.891364 0.453236 -0.0069285 34.991 -0.00618626 0.027447 0.999604 0.971
0.453173 -0.890999 0.0274841 18.8163 0.891379 0.453241 -0.00406596 35.8725 -0.00883414 0.0263413 0.999614 0.983208
0.453438 -0.890711 0.0320446 19.24 0.891225 0.45354 -0.00443851 36.7525 -0.0105801 0.0305715 0.999477 0.966146
0.453725 -0.890474 0.034478 19.6681 0.891084 0.453796 -0.00618401 37.5934 -0.0101393 0.0335287 0.999386 0.966367
0.453537 -0.890493 0.0364246 20.1294 0.891195 0.453534 -0.00882247 38.4643 -0.00866343 0.0364628 0.999297 0.965907
0.452316 -0.891197 0.0343292 20.5431 0.891822 0.452308 -0.00844228 39.3279 -0.00800365 0.0344341 0.999375 0.984714
0.451746 -0.891344 0.0378298 20.9901 0.892054 0.451903 -0.00476921 40.1689 -0.0128444 0.0359007 0.999273 0.97095
0.451293 -0.891219 0.0454327 21.4023 0.892188 0.451658 -0.00245139 41.0544 -0.0183353 0.0416408 0.998964 0.962075
0.450918 -0.8916 0.0415033 21.8877 0.892322 0.451394 0.00237756 41.9481 -0.0208541 0.0359622 0.999136 0.978894
0.450129 -0.892029 0.0408336 22.284 0.892773 0.450506 2.53882e-05 42.7493 -0.0184184 0.0364437 0.999166 0.956468
0.447882 -0.893106 0.0419871 22.658 0.894006 0.447997 -0.00714691 43.5624 -0.0124272 0.0407377 0.999093 0.896196
0.448159 -0.893392 0.0316854 23.0735 0.893932 0.448113 -0.00893381 44.3525 -0.00621727 0.0323284 0.999458 0.94149
0.446152 -0.894656 0.0232026 23.4955 0.894939 0.446156 -0.00527299 45.1795 -0.00563447 0.0231175 0.999717 0.963034
0.445762 -0.894773 0.0260491 23.8967 0.895112 0.445828 -0.00352429 46.0268 -0.00845999 0.0248879 0.999654 0.93438
0.445272 -0.894987 0.0270427 24.2858 0.895339 0.44538 -0.00221918 46.8222 -0.0100581 0.0252005 0.999632 0.942332
0.444233 -0.895587 0.0241264 24.6657 0.895864 0.444326 -0.0016255 47.588 -0.00926421 0.0223361 0.999708 0.969379
0.443021 -0.896179 0.0243988 25.0408 0.896459 0.443125 -0.00122236 48.3736 -0.00971627 0.022414 0.999702 0.950772
0.44198 -0.896681 0.0248383 25.4151 0.896966 0.442098 -0.000779607 49.1269 -0.0102819 0.0226237 0.999691 0.951083
0.440882 -0.897274 0.0228475 25.7808 0.897506 0.441001 0.000209133 49.8866 -0.0102634 0.0204136 0.999739 0.974404
0.440076 -0.897667 0.0229749 26.1536 0.897898 0.440203 0.000576517 50.6315 -0.0106311 0.0203754 0.999736 0.977454
0.43928 -0.898073 0.0223067 26.4907 0.898258 0.439456 0.00340705 51.3452 -0.0128626 0.0185405 0.999745 0.980757
0.438275 -0.898552 0.0227913 26.8399 0.898704 0.43851 0.00633076 52.0515 -0.0156827 0.017708 0.99972 0.983465
0.436321 -0.899469 0.0240725 27.1687 0.899602 0.436622 0.00882393 52.741 -0.0184474 0.0178056 0.999671 0.977627
0.434718 -0.900235 0.0244345 27.5227 0.90042 0.434977 0.0062254 53.4569 -0.0162328 0.0192951 0.999682 0.984065
0.43269 -0.901387 0.0167375 28.0959 0.901535 0.43269 -0.00383444 54.762 -0.00378583 0.0167486 0.999853 0.984352
0.430802 -0.902388 0.0102707 28.6946 0.902435 0.430827 0.000213796 56.0166 -0.00461781 0.00917652 0.999947 0.998597
0.428435 -0.903512 0.0104822 29.2502 0.903552 0.428474 0.00167152 57.1537 -0.0060016 0.0087551 0.999944 1.03313
0.428863 -0.903215 0.0167361 29.7789 0.903365 0.428724 -0.0113139 58.2435 0.00304369 0.0199709 0.999796 1.06049
0.435411 -0.900187 0.00902761 30.302 0.900227 0.435356 -0.00746396 59.333 0.00278873 0.0113768 0.999931 1.07048
0.444763 -0.895497 0.0164313 30.7733 0.895633 0.444788 -0.00231853 60.2841 -0.00523221 0.0157476 0.999862 1.08157
0.460999 -0.887118 0.0223673 31.2938 0.887339 0.461118 0.000150665 61.2311 -0.0104476 0.019778 0.99975 1.13983
0.489495 -0.871879 0.0149282 31.7192 0.871929 0.489607 0.00491147 62.1315 -0.0115912 0.0106122 0.999877 1.13234
0.531864 -0.846604 0.0195332 32.2317 0.846708 0.532037 0.00465291 62.9227 -0.0143315 0.0140642 0.999798 1.16018
0.58562 -0.810226 0.0241395 32.7398 0.810304 0.585942 0.0089271 63.5958 -0.0213773 0.0143325 0.999669 1.15778
0.648053 -0.761173 0.0253475 33.3644 0.761226 0.648416 0.00956635 64.2518 -0.0237174 0.0130957 0.999633 1.14666
0.722039 -0.69141 0.0247288 33.9409 0.691398 0.722399 0.0103962 64.8137 -0.0250521 0.00959102 0.99964 1.14536
0.798907 -0.601032 0.022552 34.5954 0.601 0.799199 0.00890702 65.3423 -0.023377 0.00643789 0.999706 1.12923
0.867833 -0.496362 0.0221435 35.2982 0.49629 0.86811 0.00904452 65.7377 -0.0237123 0.00314045 0.999714 1.09371
0.924969 -0.379423 0.0216801 36.0413 0.379401 0.925217 0.00526181 66.0314 -0.0220552 0.00335844 0.999751 1.10769
0.979709 -0.198379 0.0285841 37.1382 0.198173 0.980117 0.00989389 66.2974 -0.0299785 -0.00402853 0.999542 1.08528
0.999263 -0.0248525 0.0292452 38.2275 0.0247641 0.999688 0.00338281 66.2827 -0.0293201 -0.00265608 0.999567 1.08185
0.991711 0.126027 0.0250417 39.386 -0.126119 0.992013 0.0021269 66.1652 -0.0245737 -0.00526751 0.999684 1.03802
0.970767 0.238175 0.0297244 40.4845 -0.237946 0.971215 -0.0110785 65.8324 -0.0315074 0.00368184 0.999497 1.04775
0.946732 0.321298 0.0215889 41.6031 -0.321478 0.946902 0.00535947 65.4859 -0.0187206 -0.0120143 0.999753 1.01994
0.931152 0.364416 0.0124866 42.3827 -0.364406 0.931235 -0.00315756 65.1615 -0.0127787 -0.00161004 0.999917 0.977437
0.916866 0.399146 0.00630606 43.2222 -0.399162 0.916879 0.00154674 64.8458 -0.00516452 -0.00393529 0.999979 0.962948
0.903693 0.427983 0.0130526 44.0635 -0.428049 0.903752 0.00266279 64.4814 -0.0106567 -0.00799348 0.999911 0.944844
0.891868 0.452159 0.0110829 44.9891 -0.452145 0.891936 -0.00389183 64.0301 -0.0116449 -0.00154006 0.999931 0.893382
0.882084 0.471032 0.00749089 45.9538 -0.470996 0.882114 -0.00612923 63.5981 -0.00949488 0.00187832 0.999953 0.827226
0.875454 0.483292 0.00303719 47.0205 -0.483263 0.875446 -0.00709769 63.16 -0.00608915 0.00474595 0.99997 0.693842
0.869719 0.493531 0.00397381 47.994 -0.493504 0.869721 -0.00621066 62.4577 -0.00652127 0.00344044 0.999973 0.742977
0.866292 0.499522 0.00407172 49.0788 -0.499492 0.866294 -0.00652135 61.8502 -0.00678486 0.00361561 0.99997 0.769043
0.86494 0.501853 0.00466631 50.2086 -0.501812 0.864942 -0.00772153 61.1936 -0.00791116 0.00433705 0.999959 0.731037
0.866498 0.49918 0.000424575 51.4864 -0.49913 0.866422 -0.0134878 60.5218 -0.0071007 0.0114752 0.999909 0.653366
0.868475 0.495733 1.98243e-05 52.0845 -0.495666 0.868358 -0.0164281 60.1344 -0.00816117 0.0142576 0.999865 0.732873
0.871265 0.490813 -0.000707505 52.6631 -0.49074 0.87111 -0.0184823 59.7471 -0.00845505 0.0164502 0.999829 0.772096
0.873865 0.486169 0.000433537 53.361 -0.486082 0.873725 -0.0181453 59.3626 -0.00920049 0.0156458 0.999835 0.75483
0.876194 0.481954 0.00241991 54.0717 -0.481844 0.876082 -0.0174911 59.0267 -0.0105499 0.0141596 0.999844 0.727969
0.877644 0.479308 0.0023719 54.7976 -0.479173 0.877495 -0.0198824 58.7103 -0.0116111 0.0163131 0.9998 0.628265
0.879667 0.475581 0.00304767 55.4418 -0.475422 0.879507 -0.0210197 58.3117 -0.012677 0.0170414 0.999774 0.709679
0.881637 0.471904 0.00479186 56.1511 -0.47177 0.881559 -0.0169716 57.8915 -0.0122333 0.0127022 0.999845 0.769333
0.882986 0.469396 -0.00154221 56.8496 -0.46933 0.882797 -0.0199786 57.5076 -0.00801642 0.0183646 0.999799 0.75664
0.883832 0.467803 0.000969248 57.6219 -0.467781 0.883806 -0.00821175 57.1687 -0.00469811 0.00680441 0.999966 0.702194
0.883785 0.467889 0.00181442 58.3784 -0.467884 0.883785 -0.00287183 56.8803 -0.00294726 0.00168914 0.999994 0.623125
0.883427 0.468539 0.00526247 59.0883 -0.468564 0.883413 0.00540962 56.4403 -0.00211432 -0.00724481 0.999972 0.721246
0.884034 0.467379 0.00641306 59.8024 -0.467408 0.884032 0.00413666 56.0574 -0.00373596 -0.00665446 0.999971 0.776055
0.88389 0.467645 0.00675909 60.4817 -0.467672 0.883897 0.00295093 55.6677 -0.00459435 -0.00576934 0.999973 0.79767
0.883994 0.467412 0.00894897 61.2011 -0.467469 0.88399 0.00587504 55.3038 -0.00516474 -0.00937687 0.999943 0.788479
0.884133 0.467116 0.0105282 61.9701 -0.467208 0.8841 0.0092001 54.9631 -0.0050105 -0.013053 0.999902 0.746454
0.88351 0.468362 0.00688855 62.7396 -0.468405 0.883484 0.00725346 54.6016 -0.00268869 -0.00963513 0.99995 0.657497
0.883076 0.469165 0.00779079 63.4448 -0.469229 0.88297 0.0136931 54.2104 -0.000454723 -0.0157477 0.999876 0.767743
0.881799 0.471557 0.00796425 64.1486 -0.471624 0.881705 0.0129098 53.8119 -0.000934422 -0.01514 0.999885 0.802496
0.880107 0.474652 0.0107863 64.8564 -0.474764 0.880011 0.0133757 53.4427 -0.00314324 -0.016893 0.999852 0.825566
0.878305 0.477915 0.0133276 65.6214 -0.478066 0.878235 0.0124769 53.0719 -0.0057419 -0.01733 0.999833 0.788561
0.874981 0.483823 0.0179923 66.3709 -0.484115 0.874793 0.0192511 52.7569 -0.00642541 -0.0255546 0.999653 0.691017
0.871065 0.490891 0.0164574 67.0437 -0.491145 0.870855 0.0196883 52.3104 -0.00466723 -0.0252327 0.999671 0.825007
0.866739 0.49852 0.0155132 67.7382 -0.49874 0.866572 0.0176532 51.8874 -0.00464285 -0.0230378 0.999724 0.86542
0.861501 0.507567 0.0138404 68.3964 -0.507742 0.861357 0.0161907 51.5014 -0.00370369 -0.0209756 0.999773 0.896573
0.85619 0.516508 0.0125601 69.0831 -0.516643 0.856107 0.0126832 51.1141 -0.00420179 -0.0173483 0.999841 0.877458
0.8512 0.524629 0.0149213 69.7889 -0.524817 0.851089 0.0146591 50.725 -0.00500873 -0.0203088 0.999781 0.830459
0.844805 0.534851 0.0154765 70.5196 -0.535062 0.84463 0.0175824 50.3325 -0.00366794 -0.0231345 0.999726 0.742158
0.838249 0.545058 0.0158453 71.151 -0.545281 0.838034 0.0191634 49.8532 -0.00283374 -0.0247039 0.999691 0.84125
0.831588 0.555173 0.0156141 71.7888 -0.55538 0.831431 0.0166285 49.4243 -0.00375033 -0.0224998 0.99974 0.864384
0.825915 0.563585 0.0153815 72.4089 -0.563783 0.825764 0.016211 49.009 -0.00356515 -0.0220608 0.99975 0.842293
0.820107 0.572019 0.0148032 73.0746 -0.572204 0.819943 0.016605 48.5942 -0.00263941 -0.0220883 0.999753 0.807767
0.814352 0.580195 0.0142784 73.7572 -0.580371 0.814122 0.0193703 48.1702 -0.000385791 -0.024061 0.99971 0.707743
0.808541 0.58828 0.0137297 74.3275 -0.58844 0.808324 0.0187327 47.7162 -7.79714e-05 -0.0232252 0.99973 0.837694
0.803149 0.595646 0.0125369 74.8963 -0.595776 0.80302 0.0144677 47.2481 -0.00144975 -0.0190889 0.999817 0.884935
0.79831 0.602124 0.0121949 75.5208 -0.602246 0.798188 0.0140156 46.7879 -0.00129474 -0.0185331 0.999827 0.882089
0.79109 0.611477 0.0164873 76.6596 -0.611692 0.79093 0.0162002 45.947 -0.00313426 -0.022901 0.999733 0.84639
0.788267 0.615165 0.0144011 77.27 -0.615323 0.788176 0.0125372 45.5543 -0.00363814 -0.018744 0.999818 0.745376
0.786717 0.617168 0.0134178 77.8233 -0.617293 0.786683 0.00887377 45.0538 -0.00507899 -0.0152639 0.999871 0.847289
0.785142 0.619201 0.0119362 78.8933 -0.619287 0.785145 0.00554843 44.2359 -0.00593607 -0.0117483 0.999913 0.869395
0.787246 0.616606 0.0064621 79.9052 -0.616639 0.78722 0.00646937 43.454 -0.00109804 -0.00907776 0.999958 0.852628
0.79593 0.605353 0.00657646 80.9156 -0.605388 0.795892 0.00775375 42.7078 -0.000540409 -0.0101528 0.999948 0.77749
0.810392 0.585878 0.00354529 81.8527 -0.585888 0.810365 0.00662106 41.9695 0.00100615 -0.00744279 0.999972 0.911221
0.830922 0.556387 -0.00141741 82.702 -0.556349 0.83089 0.00989096 41.3373 0.00668091 -0.00743004 0.99995 0.995219
0.856511 0.51612 -0.00319959 83.6001 -0.516033 0.856454 0.0139893 40.8674 0.00996046 -0.0103309 0.999897 1.06309
0.890056 0.45585 -0.00146181 84.5223 -0.455778 0.889965 0.015147 40.3557 0.00820573 -0.0128154 0.999884 1.1084
0.926393 0.376556 0.001116 85.4578 -0.376543 0.926328 0.0115068 40.0085 0.00329916 -0.01108 0.999933 1.1308
0.959792 0.280665 0.00505165 86.4342 -0.280707 0.959712 0.0124534 39.7545 -0.00135289 -0.0133707 0.99991 1.15191
0.985729 0.168323 0.00229854 87.4086 -0.168337 0.985685 0.0094092 39.6412 -0.000681854 -0.00966186 0.999953 1.18763
0.999467 0.0321474 -0.00570926 88.3849 -0.0321133 0.999466 0.00597913 39.6618 0.00589842 -0.0057926 0.999966 1.20258
0.993658 -0.111994 -0.0100232 89.3121 0.11209 0.993652 0.00960403 39.7394 0.00888402 -0.0106666 0.999904 1.19005
0.968069 -0.250342 -0.0130964 90.1948 0.250442 0.968109 0.00667856 40.0247 0.0110068 -0.00974519 0.999892 1.20782
0.924093 -0.382145 -0.00429824 91.0562 0.382169 0.924035 0.0103456 40.4172 1.82192e-05 -0.0112029 0.999937 1.23391
0.867262 -0.49783 0.00468519 91.8805 0.49771 0.8672 0.0157774 40.8747 -0.0119175 -0.0113512 0.999865 1.2499
0.807545 -0.589721 0.00996038 92.6506 0.589441 0.807525 0.0215383 41.4707 -0.0207449 -0.0115221 0.999718 1.27027
0.755161 -0.655529 0.00367068 93.3176 0.655123 0.754869 0.0313983 42.1175 -0.0233534 -0.021306 0.9995 1.24569
0.717043 -0.697026 0.00189216 94.004 0.69674 0.716821 0.0268411 42.7804 -0.0200653 -0.0179279 0.999638 1.22004
0.697497 -0.716586 0.00146216 94.6806 0.71629 0.697265 0.0273875 43.5063 -0.020645 -0.0180554 0.999624 1.21699
0.688112 -0.725566 -0.00746116 95.4008 0.725383 0.687612 0.0317746 44.237 -0.0179242 -0.0272767 0.999467 1.19548
0.689503 -0.724096 -0.0164665 96.1199 0.724235 0.689018 0.0271587 45.0469 -0.00831981 -0.0306516 0.999496 1.2151
0.694111 -0.719513 -0.0225923 96.9271 0.719864 0.693668 0.0248951 45.871 -0.00224079 -0.0335433 0.999435 1.20228
0.701344 -0.712227 -0.0291409 97.7241 0.71282 0.700882 0.0255303 46.7219 0.00224092 -0.0386777 0.999249 1.19375
0.708477 -0.705258 -0.0259328 98.6048 0.705723 0.707778 0.0317125 47.6497 -0.00401082 -0.0407689 0.999161 1.19893
0.713799 -0.700146 -0.0169146 99.4566 0.700234 0.713031 0.0354923 48.5215 -0.0127892 -0.0371786 0.999227 1.18935
0.717464 -0.696485 -0.0123781 100.439 0.696476 0.716898 0.0312856 49.4611 -0.0129161 -0.0310674 0.999434 1.18855
0.71543 -0.698405 -0.0197648 101.385 0.698684 0.715105 0.0215675 50.3678 -0.000928936 -0.0292394 0.999572 1.19633
0.713622 -0.700098 -0.0246007 101.87 0.700527 0.713291 0.0218611 50.8831 0.00224256 -0.032834 0.999458 1.18083
0.711006 -0.702767 -0.0242637 102.372 0.703184 0.710672 0.021883 51.3938 0.00186486 -0.0326208 0.999466 1.1913
0.709574 -0.704332 -0.0205051 102.874 0.704626 0.709168 0.0241478 51.9201 -0.00246653 -0.0315831 0.999498 1.20857
0.709347 -0.704756 -0.0121009 103.431 0.704816 0.709008 0.0232655 52.4311 -0.00781686 -0.0250322 0.999656 1.22
0.707241 -0.706861 -0.0125351 103.904 0.706898 0.706797 0.0270843 52.9524 -0.0102851 -0.0280161 0.999555 1.18674
0.705322 -0.708663 -0.0178055 104.443 0.708864 0.704872 0.0258441 53.5134 -0.00576414 -0.0308501 0.999507 1.19337
0.70326 -0.710588 -0.0221472 104.985 0.710933 0.702889 0.022851 54.0697 -0.000670627 -0.0318154 0.999493 1.19945
0.700225 -0.713516 -0.0240744 105.518 0.713921 0.699881 0.0220057 54.6331 0.00114775 -0.0325962 0.999468 1.20545
0.696897 -0.716771 -0.0239455 106.063 0.71717 0.696556 0.0218412 55.1871 0.00102423 -0.0323941 0.999475 1.2022
0.6941 -0.719652 -0.0180611 106.617 0.719877 0.693814 0.0199876 55.7573 -0.00185308 -0.0268752 0.999637 1.20356
0.69197 -0.721641 -0.0203031 107.195 0.72191 0.691492 0.0261607 56.3414 -0.00483917 -0.0327594 0.999452 1.19197
0.691167 -0.722488 -0.0172878 107.761 0.722661 0.690704 0.0262389 56.9075 -0.00701657 -0.0306286 0.999506 1.18749
0.691041 -0.722695 -0.0132311 108.316 0.722754 0.690627 0.0256984 57.5145 -0.00943438 -0.0273214 0.999582 1.17808
0.691378 -0.722398 -0.0117245 108.906 0.722424 0.690997 0.0250327 58.161 -0.00998198 -0.0257771 0.999618 1.20753
0.690937 -0.722843 -0.0101984 109.486 0.722859 0.690638 0.0222229 58.7842 -0.00902025 -0.0227267 0.999701 1.19821
0.69067 -0.723069 -0.0120618 110.048 0.723126 0.690348 0.0225411 59.4083 -0.007972 -0.0242907 0.999673 1.18984
0.690895 -0.722735 -0.0178461 110.589 0.722926 0.690433 0.0260774 59.9998 -0.00652551 -0.0309181 0.999501 1.20062
0.69215 -0.721338 -0.0244881 111.19 0.721727 0.691439 0.0319693 60.6471 -0.00612861 -0.0398013 0.999189 1.2002
0.694259 -0.719346 -0.0233666 111.798 0.719689 0.693533 0.0325423 61.2771 -0.00720365 -0.0394095 0.999197 1.21475
0.697099 -0.716647 -0.0217055 112.35 0.716942 0.696454 0.0307467 61.8927 -0.00691764 -0.0369951 0.999292 1.22067
0.698279 -0.715515 -0.0211061 112.96 0.715806 0.697733 0.0281249 62.5348 -0.00539738 -0.0347469 0.999382 1.20385
0.699694 -0.714132 -0.0210901 113.6 0.714417 0.699113 0.0291275 63.18 -0.00605651 -0.0354474 0.999353 1.19234
0.700279 -0.713535 -0.0218604 114.201 0.713852 0.69972 0.0284119 63.7875 -0.00497675 -0.0355013 0.999357 1.21282
0.700544 -0.713329 -0.0200235 114.809 0.713589 0.700035 0.0272274 64.4058 -0.00540492 -0.0333626 0.999429 1.21218
0.701542 -0.71237 -0.0191904 115.418 0.712573 0.700898 0.0313161 65.03 -0.00885812 -0.0356441 0.999325 1.18869
0.703386 -0.710568 -0.0184781 116.008 0.710684 0.702537 0.0370092 65.66 -0.013316 -0.0391638 0.999144 1.20317
0.704262 -0.709679 -0.0192339 116.612 0.709716 0.703103 0.0441362 66.3016 -0.0177991 -0.0447341 0.99884 1.20463
0.704715 -0.709316 -0.0157172 117.217 0.709337 0.703928 0.0364135 66.8982 -0.0147649 -0.0368099 0.999213 1.19444
0.705367 -0.708615 -0.0179357 117.808 0.708831 0.704992 0.0233427 67.4909 -0.0038965 -0.0291786 0.999567 1.18491
0.70459 -0.709285 -0.0216184 118.402 0.7096 0.704446 0.0149551 68.0923 0.00462159 -0.0258776 0.999654 1.22395
0.70337 -0.710449 -0.0230821 118.978 0.710822 0.703066 0.020743 68.6624 0.00149137 -0.0309973 0.999518 1.24498
0.702781 -0.711303 -0.0121168 119.605 0.711283 0.70224 0.0305942 69.3075 -0.0132528 -0.0301195 0.999458 1.21949
0.702892 -0.711275 0.00551933 120.248 0.71035 0.702336 0.0461113 69.9437 -0.0366742 -0.0284906 0.998921 1.22004
0.701792 -0.712378 0.00244808 120.837 0.711659 0.70123 0.0426484 70.5083 -0.0320984 -0.0281881 0.999087 1.21118
0.70108 -0.713033 -0.00837776 121.384 0.712817 0.700451 0.0355049 71.0926 -0.019448 -0.0308636 0.999334 1.21261
0.700457 -0.713492 -0.0170071 121.971 0.713641 0.699914 0.028917 71.6617 -0.00872857 -0.0323921 0.999437 1.21813
0.69921 -0.714667 -0.0188623 122.562 0.714879 0.69866 0.0286719 72.2566 -0.00731252 -0.0335319 0.999411 1.23632
0.696831 -0.717035 -0.0169586 123.133 0.71716 0.696219 0.030994 72.852 -0.0104169 -0.0337596 0.999376 1.21539
0.694006 -0.719801 -0.0155577 123.686 0.719898 0.693471 0.0290737 73.4319 -0.0101384 -0.0313773 0.999456 1.20477
0.690457 -0.723197 -0.0159989 124.298 0.723332 0.690009 0.0260508 74.0678 -0.00780042 -0.0295595 0.999533 1.19521
0.687221 -0.726239 -0.0174203 124.812 0.726395 0.686686 0.0285059 74.6761 -0.00873985 -0.0322439 0.999442 1.18752
0.685679 -0.727595 -0.0211922 125.373 0.727829 0.684902 0.0342627 75.2508 -0.0104148 -0.0389175 0.999188 1.14133
0.684746 -0.728429 -0.0226499 125.932 0.7287 0.683875 0.0362022 75.8507 -0.0108811 -0.0412943 0.999088 1.16963
0.683334 -0.729809 -0.0208155 126.514 0.729961 0.682353 0.0393887 76.4698 -0.0145427 -0.0421102 0.999007 1.17203
0.681425 -0.731674 -0.0177039 127.032 0.731759 0.680652 0.0352452 77.0238 -0.0137378 -0.0369719 0.999222 1.19457
0.678894 -0.734031 -0.0173749 127.59 0.734157 0.678281 0.0307956 77.6214 -0.0108199 -0.0336629 0.999375 1.18699
0.676541 -0.736186 -0.0179587 128.173 0.736359 0.676025 0.0276587 78.2264 -0.00822147 -0.0319363 0.999456 1.17441
0.670972 -0.741319 -0.0156055 128.747 0.741431 0.670525 0.0260208 78.8498 -0.00882584 -0.0290296 0.99954 1.15396
0.665671 -0.746073 -0.0160241 129.249 0.746184 0.665187 0.0271284 79.4148 -0.00958079 -0.0300155 0.999503 1.1653
0.661253 -0.750092 -0.0103335 129.782 0.750009 0.660774 0.0293969 80.0676 -0.0152223 -0.0271889 0.999514 1.18683
0.657023 -0.753858 -0.00433681 130.3 0.753472 0.656477 0.036304 80.6801 -0.0245211 -0.0271202 0.999331 1.15687
0.6547 -0.755888 -0.00132689 130.847 0.755334 0.654151 0.0394707 81.3128 -0.0289675 -0.0268437 0.99922 1.16409
0.651378 -0.758715 -0.00765907 131.332 0.758423 0.650763 0.036077 81.915 -0.0223879 -0.0293086 0.99932 1.15884
0.647047 -0.76235 -0.0123212 131.839 0.76228 0.646478 0.0315398 82.4968 -0.0160789 -0.0298 0.999427 1.14358
0.641416 -0.76705 -0.01484 132.393 0.767116 0.640958 0.0265475 83.1551 -0.0108514 -0.028412 0.999537 1.11984
0.635653 -0.771789 -0.0169197 132.88 0.771906 0.635151 0.0272684 83.775 -0.0102989 -0.0303936 0.999485 1.14046
0.630385 -0.776064 -0.0184319 133.379 0.776159 0.629681 0.0328506 84.4131 -0.013888 -0.0350146 0.99929 1.09967
0.624087 -0.781095 -0.0201368 133.922 0.781251 0.623377 0.0323686 85.0725 -0.0127301 -0.0359327 0.999273 1.11922
0.617176 -0.786464 -0.0238315 134.384 0.786775 0.616509 0.0300476 85.729 -0.00893908 -0.0372947 0.999264 1.11823
0.610239 -0.791802 -0.0256496 134.875 0.7922 0.609697 0.0262387 86.364 -0.00513736 -0.0363315 0.999327 1.09676
0.603102 -0.797252 -0.0256189 135.362 0.797645 0.602553 0.0263203 87.021 -0.00554716 -0.0363086 0.999325 1.09856
0.595783 -0.802714 -0.0263285 135.841 0.803075 0.594977 0.0327435 87.7138 -0.0106188 -0.0406517 0.999117 1.12395
0.58938 -0.807536 -0.0227367 136.344 0.807652 0.588365 0.0390477 88.385 -0.0181549 -0.0413772 0.998979 1.11187
0.583466 -0.811868 -0.0209253 136.806 0.811823 0.58233 0.0428476 89.0613 -0.0226012 -0.0419877 0.998863 1.11173
0.577287 -0.816288 -0.020349 137.268 0.816158 0.576073 0.0450182 89.7165 -0.0250254 -0.0425964 0.998779 1.08899
0.57325 -0.819056 -0.0230482 137.754 0.819041 0.571977 0.0448783 90.4168 -0.0235748 -0.0446039 0.998727 1.07713
0.569695 -0.821382 -0.0279168 138.215 0.821668 0.568509 0.0407265 91.1311 -0.017581 -0.04614 0.99878 1.09966
0.566523 -0.823422 -0.0320551 138.639 0.823932 0.565369 0.0386591 91.7589 -0.0137099 -0.0483125 0.998738 1.06721
0.563062 -0.82559 -0.03691 139.1 0.826362 0.56196 0.0364219 92.4772 -0.00932759 -0.0510087 0.998655 1.06061
0.561385 -0.826633 -0.0390419 139.562 0.827501 0.56019 0.0377935 93.1632 -0.00937042 -0.0535239 0.998523 1.06083
0.558491 -0.82864 -0.037994 140.017 0.829347 0.556886 0.0454001 93.8703 -0.016462 -0.0568658 0.998246 1.03069
0.555968 -0.830468 -0.0349745 140.487 0.830708 0.55369 0.0578926 94.6054 -0.0287129 -0.06124 0.99771 1.05942
0.551767 -0.833476 -0.0295184 140.885 0.83354 0.549945 0.0526443 95.2377 -0.0276442 -0.0536521 0.998177 1.01608
0.547044 -0.836757 -0.0240897 141.372 0.836884 0.546015 0.0386282 95.9082 -0.0191691 -0.0412916 0.998963 1.02979
0.541978 -0.840023 -0.024922 141.808 0.8403 0.541239 0.0309191 96.604 -0.012484 -0.0376994 0.999211 1.00854
0.536805 -0.843072 -0.0327159 142.256 0.843632 0.535838 0.0340878 97.3153 -0.0112081 -0.0458987 0.998883 0.970346
0.530257 -0.847352 -0.028652 142.69 0.847659 0.529151 0.038377 98.0138 -0.0173576 -0.0446368 0.998852 0.949559
0.523054 -0.852061 -0.0201443 143.121 0.851977 0.52206 0.0398591 98.7654 -0.0234459 -0.038011 0.999002 0.964597
0.517952 -0.855316 -0.0126735 143.563 0.855016 0.517207 0.0379999 99.4983 -0.0259471 -0.0305182 0.999197 0.934719
0.513676 -0.857984 0.000353272 144.006 0.857632 0.513476 0.0284555 100.206 -0.0245958 -0.0143139 0.999595 0.95606
0.508362 -0.86112 0.00630574 144.435 0.860895 0.508377 0.0202953 100.898 -0.0206824 -0.00488879 0.999774 0.958333
0.502635 -0.864498 -0.000354218 144.856 0.864415 0.502581 0.0140825 101.621 -0.0119963 -0.00738455 0.999901 0.914187
0.496778 -0.867857 -0.00596375 145.292 0.867859 0.49671 0.0100474 102.333 -0.00575745 -0.010167 0.999932 0.87718
0.491218 -0.870921 -0.0142281 145.68 0.870976 0.490925 0.0198448 103.084 -0.0102983 -0.0221405 0.999702 0.87842
0.486925 -0.873392 -0.00952386 146.101 0.873169 0.48647 0.0303745 103.844 -0.0218957 -0.023106 0.999493 0.891013
0.482543 -0.87586 -0.00462627 146.495 0.875358 0.482072 0.0368127 104.602 -0.0300126 -0.0218133 0.999312 0.898875
0.480446 -0.877024 0.00081746 146.879 0.876542 0.480212 0.0327246 105.32 -0.0290928 -0.0150058 0.999464 0.874858
0.478611 -0.878025 -0.00183515 147.291 0.877788 0.478431 0.0243229 106.077 -0.0204781 -0.0132521 0.999702 0.841108
0.476189 -0.879268 -0.0114968 147.648 0.879277 0.475953 0.0184703 106.833 -0.0107684 -0.0189042 0.999763 0.817192
0.474836 -0.879854 -0.0196772 148.031 0.880051 0.474541 0.017918 107.562 -0.00642758 -0.0258251 0.999646 0.827959
0.473509 -0.8806 -0.0182474 148.47 0.880726 0.473124 0.0218225 108.329 -0.0105836 -0.0264041 0.999595 0.834526
0.473183 -0.880849 -0.0142825 148.871 0.880817 0.472744 0.0259662 109.114 -0.0161204 -0.024867 0.999561 0.838136
0.473242 -0.880817 -0.0142693 149.245 0.880672 0.472646 0.0319811 109.831 -0.0214251 -0.0277014 0.999387 0.821859
0.471413 -0.881846 -0.0108428 149.669 0.881629 0.470913 0.0311595 110.646 -0.0223719 -0.0242483 0.999456 0.811072
0.47069 -0.882292 -0.00341546 150.058 0.882186 0.470564 0.01781 111.395 -0.0141064 -0.011396 0.999836 0.797411
0.467954 -0.883752 -0.000850092 150.441 0.883735 0.467939 0.00673863 112.104 -0.00555749 -0.00390462 0.999977 0.817345
0.466317 -0.884614 -0.00274779 150.874 0.884618 0.466314 0.00148689 112.889 -3.39918e-05 -0.0031241 0.999995 0.836665
0.464732 -0.885355 -0.0130401 151.218 0.885423 0.46455 0.0147934 113.615 -0.00703968 -0.018421 0.999806 0.815119
0.463548 -0.885934 -0.0156065 151.597 0.885954 0.463128 0.0244371 114.346 -0.0144219 -0.0251545 0.99958 0.83417
0.462662 -0.886468 -0.010892 152.056 0.886355 0.462286 0.0258111 115.167 -0.0178455 -0.021596 0.999608 0.811631
0.461361 -0.887098 -0.014263 152.439 0.887095 0.460979 0.023663 115.939 -0.0144165 -0.0235698 0.999618 0.812426
0.460685 -0.88753 -0.00774522 152.779 0.887496 0.460524 0.0164119 116.659 -0.0109992 -0.0144346 0.999835 0.82794
0.460948 -0.88734 -0.012424 153.158 0.887362 0.4607 0.0185502 117.4 -0.0107366 -0.0195753 0.999751 0.834631
0.459929 -0.887678 -0.0222016 153.544 0.887858 0.459363 0.0263624 118.146 -0.0132028 -0.0318367 0.999406 0.817154
0.459332 -0.887992 -0.0220033 153.937 0.888116 0.458662 0.0296423 118.922 -0.01623 -0.0331572 0.999318 0.841746
0.458788 -0.88824 -0.0233188 154.314 0.88835 0.457978 0.0330288 119.673 -0.018658 -0.0358685 0.999182 0.838805
0.457459 -0.888857 -0.0257838 154.666 0.889017 0.456522 0.0351715 120.403 -0.0194916 -0.0390118 0.999049 0.812991
0.456738 -0.889229 -0.0257235 155.048 0.88944 0.455912 0.0322679 121.124 -0.0169659 -0.0376175 0.999148 0.800574
0.455275 -0.890044 -0.0233976 155.383 0.890253 0.454678 0.0267726 121.841 -0.0131904 -0.0330187 0.999368 0.805043
0.45414 -0.890639 -0.0227794 155.731 0.890828 0.453552 0.0267806 122.548 -0.0135202 -0.0324547 0.999382 0.83779
0.452319 -0.891601 -0.0213243 156.066 0.891627 0.451531 0.0334949 123.2 -0.0202355 -0.0341637 0.999211 0.814249
0.450691 -0.892537 -0.0159524 156.425 0.892132 0.449717 0.0430712 123.887 -0.0312686 -0.0336434 0.998945 0.81608
0.449818 -0.892953 -0.0172875 156.789 0.89247 0.448668 0.0468497 124.54 -0.0340782 -0.0365024 0.998752 0.769937
0.44836 -0.893776 -0.0117849 157.11 0.893397 0.447671 0.037856 125.204 -0.028559 -0.0275017 0.999214 0.751118
0.449783 -0.893073 -0.0107611 157.74 0.892986 0.449451 0.0238776 126.463 -0.0164879 -0.0203492 0.999657 0.808583
0.452117 -0.891865 -0.0129321 158.371 0.891918 0.45191 0.0161207 127.706 -0.00853334 -0.0188228 0.999786 0.77504
0.460389 -0.887628 -0.0125519 158.981 0.887598 0.46005 0.0228754 128.98 -0.0145303 -0.0216726 0.99966 0.754053
0.470619 -0.882249 -0.0124447 159.645 0.88194 0.469938 0.0366018 130.212 -0.0264437 -0.028201 0.999252 0.752593
0.483192 -0.875317 -0.0186116 160.257 0.875371 0.482619 0.0283717 131.433 -0.0158519 -0.030001 0.999424 0.699242
0.496496 -0.867698 -0.024338 160.907 0.868036 0.496224 0.0166052 132.616 -0.00233123 -0.0293707 0.999566 0.700793
0.50663 -0.861897 -0.0214363 161.55 0.862109 0.506161 0.023847 133.831 -0.00970347 -0.030562 0.999486 0.736072
0.51745 -0.855651 -0.0102745 162.195 0.855599 0.517149 0.0225198 134.873 -0.0139556 -0.0204438 0.999694 0.74107
0.52114 -0.853373 -0.0129466 162.874 0.853327 0.520712 0.0263208 135.964 -0.01572 -0.0247645 0.99957 0.72053
0.521384 -0.853275 -0.00902225 163.582 0.853087 0.520963 0.0289891 137.134 -0.0200354 -0.0228112 0.999539 0.73356
0.52146 -0.853241 -0.00769928 164.213 0.85314 0.521195 0.0225515 138.209 -0.015229 -0.0183283 0.999716 0.722564
0.519458 -0.854293 -0.0186332 164.865 0.854495 0.519375 0.00942739 139.341 0.00162387 -0.0208191 0.999782 0.681691
0.513 -0.858192 -0.0183517 165.527 0.858384 0.512809 0.0142757 140.498 -0.00284036 -0.0230762 0.99973 0.715289
0.506099 -0.862413 -0.0103801 166.202 0.862045 0.505429 0.0376865 141.689 -0.0272549 -0.0280212 0.999236 0.703305
0.503674 -0.863891 -0.0021828 166.573 0.863252 0.503202 0.0397958 142.295 -0.0332808 -0.0219284 0.999205 0.70647
0.500073 -0.86596 -0.00639925 167.252 0.865627 0.499641 0.0323975 143.468 -0.0248576 -0.0217405 0.999455 0.663182
0.495737 -0.868458 -0.00495388 167.921 0.868386 0.495599 0.0169644 144.648 -0.0122777 -0.0127118 0.999844 0.676075
0.494883 -0.868896 0.0105391 168.655 0.868788 0.49499 0.0138995 145.794 -0.017294 0.00227768 0.999848 0.705635
0.494129 -0.86926 0.0149532 168.985 0.86916 0.49432 0.0144602 146.39 -0.0199614 0.00585155 0.999784 0.679989
0.493922 -0.869338 0.0170664 169.335 0.869334 0.49412 0.0101823 146.991 -0.0172847 0.00980715 0.999803 0.706488
0.492502 -0.870043 0.0216089 170.004 0.870243 0.492622 0.000239549 148.115 -0.0108535 0.0186871 0.999767 0.71442
0.491768 -0.870263 0.0284205 170.742 0.870544 0.492071 0.004414 149.352 -0.0178263 0.0225707 0.999586 0.735029
0.491217 -0.870472 0.031371 171.083 0.870798 0.491608 0.00573717 149.975 -0.0204163 0.0244996 0.999491 0.76785
0.491071 -0.870553 0.0314156 171.717 0.871029 0.491219 -0.00334084 151.074 -0.0125236 0.0290045 0.999501 0.769399
0.49184 -0.870414 0.0217558 172.393 0.870681 0.491768 -0.0088968 152.265 -0.00295491 0.0233182 0.999724 0.745484
0.491706 -0.87049 0.0217033 173.054 0.870729 0.491749 -0.00367871 153.422 -0.00747031 0.0207065 0.999758 0.807167
0.490987 -0.870562 0.0324491 173.737 0.870939 0.49137 0.00456799 154.546 -0.0199212 0.0260184 0.999463 0.908525
0.488134 -0.871914 0.0386199 174.273 0.872372 0.488768 0.00852041 155.587 -0.0263052 0.0295318 0.999218 0.858006
0.476555 -0.878009 0.0446667 174.821 0.878853 0.477091 0.00153668 156.537 -0.0226593 0.0385231 0.999001 0.86336
0.456416 -0.888785 0.0417896 175.315 0.889592 0.456753 -0.00165052 157.499 -0.0176206 0.037929 0.999125 0.812872
0.424804 -0.904221 0.0438784 175.727 0.905177 0.425004 -0.00511685 158.463 -0.0140217 0.0418914 0.999024 0.851761
0.377281 -0.924952 0.0460769 176.083 0.925882 0.377802 0.0028437 159.506 -0.0200382 0.0415889 0.998934 0.828993
0.316387 -0.947484 0.0466218 176.484 0.948448 0.316908 0.00404168 160.634 -0.0186042 0.0429396 0.998904 0.86097
0.236687 -0.970762 0.0399943 176.608 0.971539 0.236878 3.82323e-05 161.434 -0.00951087 0.038847 0.9992 0.760509
0.0899727 -0.995865 0.0125298 176.67 0.995934 0.0900215 0.00338046 162.712 -0.00449443 0.0121747 0.999916 0.742908
-0.0803048 -0.996608 -0.0179843 176.489 0.996748 -0.0804099 0.00519997 163.99 -0.00662844 -0.0175083 0.999825 0.721839
-0.19643 -0.980042 -0.030535 176.305 0.980265 -0.196991 0.016569 164.885 -0.0222535 -0.0266777 0.999396 0.721741
-0.307927 -0.950372 -0.0444348 176.02 0.950491 -0.309346 0.029516 165.77 -0.0417969 -0.0331461 0.998576 0.650891
-0.414215 -0.908808 -0.0499461 175.6 0.908875 -0.415934 0.0307308 166.452 -0.0487027 -0.0326656 0.998279 0.649674
-0.517983 -0.854534 -0.0382858 175.139 0.854276 -0.519074 0.0278279 167.114 -0.043653 -0.0182923 0.998879 0.652982
-0.615921 -0.78732 -0.027728 174.596 0.78699 -0.616503 0.0238958 167.727 -0.0359081 -0.0071038 0.99933 0.600271
-0.695587 -0.717808 -0.0301744 174.009 0.717575 -0.696198 0.0198723 168.38 -0.0352718 -0.00782949 0.999347 0.525913
-0.760148 -0.649013 -0.0309538 173.303 0.648723 -0.760762 0.0199834 169.062 -0.0365179 -0.00489013 0.999321 0.478677
-0.80857 -0.587695 -0.0287919 172.485 0.587439 -0.809078 0.0175669 169.522 -0.0336189 -0.00270939 0.999431 0.480311
-0.841124 -0.540132 -0.0277155 171.597 0.539952 -0.841575 0.014267 169.995 -0.0310307 -0.00296466 0.999514 0.456482
-0.863832 -0.503047 -0.0271744 170.665 0.503019 -0.864235 0.00836278 170.457 -0.0276919 -0.0064452 0.999596 0.42639
-0.875026 -0.483314 -0.0271608 169.709 0.483422 -0.875383 0.00287034 171.06 -0.0251633 -0.0106185 0.999627 0.396522
-0.880872 -0.472671 -0.0254323 168.674 0.472892 -0.881114 -0.00314951 171.599 -0.0209201 -0.0148011 0.999672 0.39051
-0.884009 -0.466798 -0.0250335 167.618 0.466981 -0.884266 -0.00166907 172.254 -0.0213571 -0.0131656 0.999685 0.337079
-0.884223 -0.466517 -0.0226083 166.405 0.466609 -0.884463 0.00137651 172.816 -0.0206384 -0.00933208 0.999744 0.340087
-0.883702 -0.467592 -0.0207174 165.741 0.467669 -0.883903 0.00123194 173.139 -0.0188882 -0.00860021 0.999785 0.309173
-0.882931 -0.469114 -0.0191155 164.494 0.469238 -0.883068 -0.00234715 173.83 -0.0157792 -0.0110421 0.999815 0.254392
-0.882136 -0.470624 -0.0186667 163.804 0.470741 -0.882269 -0.00221228 174.076 -0.0154279 -0.0107387 0.999823 0.257972
-0.881787 -0.471354 -0.0166521 163.099 0.471441 -0.881896 -0.00151918 174.35 -0.0139693 -0.00919006 0.99986 0.278956
-0.880634 -0.4735 -0.0167952 162.364 0.473603 -0.880734 -0.0025903 174.75 -0.0135656 -0.0102354 0.999856 0.253023
-0.879901 -0.474873 -0.0164417 161.664 0.474949 -0.880013 -0.000808079 175.134 -0.0140851 -0.00851998 0.999864 0.221504
-0.879508 -0.475655 -0.0147653 160.955 0.475675 -0.879618 0.00231425 175.575 -0.0140886 -0.0049881 0.999888 0.201375
-0.87892 -0.476778 -0.0135322 160.197 0.476746 -0.879023 0.00571256 175.885 -0.0146187 -0.00143052 0.999892 0.215831
-0.878015 -0.47838 -0.015594 159.449 0.478326 -0.878152 0.0072272 176.237 -0.0171513 -0.00111346 0.999852 0.215491
-0.877112 -0.479876 -0.0198716 158.666 0.479862 -0.877325 0.00574799 176.632 -0.0201922 -0.00449402 0.999786 0.219861
-0.876846 -0.48032 -0.0208104 157.875 0.480285 -0.877085 0.0069564 177.129 -0.0215937 -0.00389521 0.999759 0.216808
-0.877119 -0.479773 -0.0219158 157.106 0.479715 -0.877387 0.00816684 177.647 -0.0231469 -0.00335007 0.999726 0.173223
-0.877074 -0.479926 -0.0202897 156.325 0.479888 -0.877302 0.00705068 177.916 -0.021184 -0.00355282 0.999769 0.205108
-0.877359 -0.479557 -0.0162827 155.555 0.479545 -0.877504 0.00493345 178.246 -0.016654 -0.00347988 0.999855 0.224611
-0.87797 -0.478462 -0.0155957 154.808 0.478444 -0.878103 0.00506918 178.62 -0.01612 -0.00301109 0.999866 0.184409
-0.879355 -0.475816 -0.0182707 154.048 0.47579 -0.879538 0.0060305 179.048 -0.0189392 -0.00339006 0.999815 0.181435
-0.880342 -0.473843 -0.0216691 153.243 0.473708 -0.880609 0.0113283 179.552 -0.0244498 -0.000292048 0.999701 0.17361
-0.882519 -0.469681 -0.0236714 152.465 0.469485 -0.882836 0.013596 180.073 -0.0272837 0.000885342 0.999627 0.137465
-0.884005 -0.46688 -0.0236079 151.705 0.466566 -0.884308 0.0177373 180.344 -0.0291579 0.00466518 0.999564 0.141509
-0.88445 -0.466141 -0.0214761 150.924 0.465842 -0.884693 0.0175996 180.708 -0.0272036 0.00556147 0.999614 0.139092
-0.885758 -0.463726 -0.0197905 150.151 0.463509 -0.885971 0.0146665 181.102 -0.024335 0.00381783 0.999697 0.126149
-0.886732 -0.461927 -0.0181744 149.383 0.461742 -0.886911 0.0135459 181.524 -0.0223763 0.00361972 0.999743 0.0938826
-0.88692 -0.461592 -0.0174928 148.619 0.46139 -0.88708 0.0144641 181.983 -0.022194 0.00475748 0.999742 0.0526667
-0.88761 -0.460289 -0.0168042 147.832 0.460162 -0.887767 0.01099 182.501 -0.0199768 0.00202216 0.999798 0.030279
-0.888086 -0.459413 -0.0155556 147.05 0.459402 -0.888217 0.00448847 182.774 -0.0158788 -0.00316011 0.999869 0.0536969
-0.887635 -0.460328 -0.0142341 146.257 0.46036 -0.887732 0.00114988 183.119 -0.0131654 -0.00553216 0.999898 0.0578674
-0.887918 -0.459738 -0.0155972 145.49 0.459838 -0.887997 -0.00335399 183.475 -0.0123083 -0.0101502 0.999873 0.0300014
-0.886652 -0.462168 -0.0157853 144.741 0.462265 -0.886737 -0.00296101 183.892 -0.012629 -0.00992239 0.999871 0.0310231
-0.885832 -0.463767 -0.0148759 143.946 0.463864 -0.885899 -0.00369339 184.365 -0.0114657 -0.0101721 0.999883 0.0353754
-0.885327 -0.464741 -0.0145359 143.174 0.464859 -0.885364 -0.00602769 184.885 -0.0100683 -0.0120937 0.999876 0.0165398
