0.498057 -0.866575 0.0313963 0.704795 0.866938 0.498401 0.00373787 0.544794 -0.0188871 0.025357 0.9995 0.775947
0.49631 -0.867614 0.0303774 1.10125 0.867966 0.496615 0.00296635 1.30751 -0.0176595 0.0248943 0.999534 0.778005
0.494559 -0.868648 0.0293618 1.49762 0.868988 0.494827 0.00219082 2.07006 -0.0164321 0.0244316 0.999566 0.78006
0.492806 -0.869677 0.0283495 1.894 0.870006 0.493038 0.00141111 2.83265 -0.0152046 0.0239688 0.999597 0.782115
0.49105 -0.870703 0.0273402 2.29045 0.871019 0.491248 0.000627138 3.59535 -0.0139769 0.0235059 0.999626 0.784169
0.48929 -0.871724 0.0263339 2.68701 0.872028 0.489456 -0.000161165 4.35824 -0.0127488 0.0230428 0.999653 0.786221
0.487528 -0.87274 0.0253312 3.08347 0.873031 0.487663 -0.00095341 5.12096 -0.011521 0.0225798 0.999679 0.788272
0.485763 -0.873752 0.024332 3.47983 0.87403 0.485869 -0.00174955 5.88348 -0.0102935 0.0221168 0.999702 0.79032
0.483996 -0.874759 0.0233359 3.87629 0.875023 0.484074 -0.00254997 6.64617 -0.00906569 0.0216536 0.999724 0.792368
0.482225 -0.875762 0.0223431 4.27274 0.876012 0.482277 -0.00335446 7.40885 -0.00783787 0.0211904 0.999745 0.794414
0.480565 -0.87665 0.0232866 4.66852 0.876925 0.48061 -0.00401009 8.16851 -0.0076763 0.0223477 0.999721 0.795329
0.478683 -0.87775 0.0204598 5.06543 0.877971 0.478688 -0.00496788 8.93371 -0.0054333 0.0203412 0.999778 0.798448
0.477284 -0.878556 0.0184031 5.46505 0.878745 0.477243 -0.00686302 9.70653 -0.00275319 0.0194472 0.999807 0.801484
0.475569 -0.879562 0.0143053 5.86472 0.879678 0.475521 -0.0068145 10.4914 -0.000808696 0.0158249 0.999874 0.805942
0.474329 -0.880248 0.0132121 6.27178 0.880347 0.474292 -0.00604467 11.2842 -0.000945582 0.0144984 0.999894 0.810211
0.472888 -0.881008 0.0142354 6.68285 0.881119 0.472871 -0.00474069 12.0851 -0.00255493 0.0147849 0.999887 0.81555
0.471519 -0.881732 0.0147828 7.09962 0.881847 0.471523 -0.00340713 12.89 -0.00396623 0.0146427 0.999885 0.819514
0.470459 -0.882287 0.0154489 7.51571 0.882411 0.47047 -0.00315605 13.7013 -0.00448371 0.0151171 0.999876 0.821863
0.468958 -0.883093 0.0150211 7.93536 0.883212 0.468959 -0.0036732 14.5146 -0.0038005 0.0149894 0.99988 0.824032
0.468012 -0.88358 0.0158237 8.35601 0.883718 0.467989 -0.00541075 15.331 -0.00262447 0.016516 0.99986 0.826503
0.467262 -0.883958 0.016851 8.78178 0.88411 0.467258 -0.00440531 16.1548 -0.00397967 0.0169566 0.999848 0.828596
0.467129 -0.884019 0.0173616 9.2076 0.884154 0.467196 -0.000274735 16.9871 -0.00786838 0.0154786 0.999849 0.833379
0.467689 -0.8837 0.0184801 9.6369 0.883817 0.467821 0.00335548 17.8215 -0.0116106 0.0147637 0.999824 0.838757
0.468863 -0.88303 0.0206372 10.0713 0.883155 0.469052 0.00525927 18.6586 -0.014324 0.01576 0.999773 0.839313
0.470097 -0.882356 0.021373 10.5073 0.882479 0.470312 0.00615442 19.4985 -0.0154824 0.015968 0.999753 0.835739
0.47122 -0.881788 0.02003 10.9447 0.881917 0.471386 0.00429228 20.3401 -0.0132268 0.0156422 0.99979 0.830938
0.472196 -0.881337 0.0166164 11.3844 0.881456 0.472266 0.000316469 21.186 -0.0081263 0.0144972 0.999862 0.827512
0.473348 -0.880743 0.0152862 11.829 0.880864 0.47336 -0.00306271 22.0361 -0.00453841 0.0149148 0.999878 0.82557
0.474016 -0.880337 0.0177972 12.2805 0.880499 0.474035 -0.00340213 22.8934 -0.00544148 0.0172831 0.999836 0.826473
0.47371 -0.880411 0.0217918 12.7355 0.880621 0.473821 -0.000107113 23.7577 -0.0102311 0.0192411 0.999763 0.826478
0.472828 -0.880752 0.026643 13.1923 0.881038 0.47304 0.00194493 24.6252 -0.0143162 0.0225539 0.999643 0.825848
0.471953 -0.880993 0.0333507 13.6556 0.881509 0.472164 -0.00172676 25.4882 -0.0142257 0.0302139 0.999442 0.820579
0.470705 -0.881635 0.0340171 14.1131 0.882231 0.470771 -0.00652686 26.3552 -0.01026 0.0330832 0.9994 0.813162
0.469498 -0.882378 0.0313101 14.5664 0.882914 0.469427 -0.0100568 27.2296 -0.0058239 0.0323657 0.999459 0.809942
0.467851 -0.883298 0.0300035 15.0291 0.883797 0.467738 -0.0111058 28.1275 -0.004224 0.0317128 0.999488 0.819526
0.466834 -0.883798 0.0311064 15.5123 0.884322 0.466785 -0.0092602 29.0691 -0.00633585 0.0318311 0.999473 0.85286
0.465799 -0.884386 0.0298722 15.9859 0.884841 0.465866 -0.00510241 30.0019 -0.0094039 0.0288088 0.999541 0.87847
0.464629 -0.884993 0.030127 16.4604 0.885444 0.464729 -0.00401181 30.9332 -0.0104505 0.0285398 0.999538 0.902258
0.463646 -0.885495 0.0305236 16.9311 0.885931 0.463814 -0.00173826 31.8555 -0.0126181 0.0278478 0.999533 0.916886
0.463423 -0.885526 0.0329029 17.4025 0.885985 0.463712 0.00131853 32.7809 -0.0164251 0.0285404 0.999458 0.931172
0.462932 -0.885929 0.0286987 17.8586 0.886209 0.463255 0.00543462 33.6986 -0.0181095 0.0229172 0.999573 0.935214
0.462953 -0.885937 0.0281228 18.3178 0.886189 0.463282 0.00620278 34.6144 -0.0185241 0.0220505 0.999585 0.938838
0.46288 -0.885992 0.0275842 18.7751 0.886261 0.463164 0.00460866 35.5182 -0.0168593 0.0223135 0.999609 0.936949
0.463145 -0.885952 0.0242028 19.2252 0.88617 0.463349 0.00327668 36.4199 -0.0141173 0.0199302 0.999702 0.939702
0.462366 -0.886363 0.0240424 19.6786 0.886582 0.462561 0.00300533 37.3142 -0.0137849 0.019926 0.999706 0.946496
0.461154 -0.886922 0.0265771 20.1343 0.887189 0.461394 0.00338187 38.2067 -0.0152619 0.0220193 0.999641 0.950839
0.460352 -0.88733 0.0268639 20.5827 0.887589 0.460617 0.00431695 39.0976 -0.0162045 0.0218567 0.99963 0.95752
0.460141 -0.887535 0.0235066 21.0222 0.887731 0.460346 0.00388124 39.983 -0.0142659 0.0190816 0.999716 0.962533
0.459651 -0.887864 0.0204658 21.459 0.888053 0.45974 -0.000399462 40.8613 -0.00905427 0.0183583 0.99979 0.965099
0.459248 -0.888094 0.019517 21.9001 0.888273 0.459314 -0.00121411 41.7399 -0.0078862 0.017894 0.999809 0.96708
0.458886 -0.888239 0.0213241 22.3438 0.888427 0.459015 0.00132014 42.6184 -0.0109607 0.0183392 0.999772 0.97632
0.458531 -0.88832 0.0252141 22.7857 0.888568 0.458737 0.00272737 43.4911 -0.0139894 0.0211538 0.999678 0.980321
0.458249 -0.888417 0.0268981 23.224 0.888697 0.458485 0.00300995 44.36 -0.0150065 0.022525 0.999634 0.982832
0.458141 -0.888401 0.0291571 23.6604 0.888766 0.45836 0.000960606 45.2202 -0.0142179 0.0254737 0.999574 0.982269
0.457725 -0.888543 0.0313008 24.1012 0.889006 0.45789 -0.00209638 46.0795 -0.0124696 0.0287862 0.999508 0.980886
0.456669 -0.889023 0.0330363 24.5353 0.88954 0.456852 -0.00220577 46.9361 -0.0131317 0.0303944 0.999452 0.979875
0.455556 -0.889412 0.0376093 24.9725 0.890038 0.455886 0.000222034 47.7961 -0.017343 0.0333726 0.999292 0.976558
0.454854 -0.889582 0.0418448 25.4033 0.890275 0.455403 0.0041447 48.658 -0.0227433 0.0353682 0.999116 0.968614
0.454281 -0.889879 0.0417669 25.8246 0.890507 0.45492 0.00677398 49.5144 -0.0250286 0.0341165 0.999104 0.960278
0.453043 -0.890625 0.0392323 26.2445 0.891203 0.453573 0.00535717 50.3591 -0.022566 0.0325369 0.999216 0.953829
0.45201 -0.891361 0.0341054 26.6605 0.891895 0.452241 -0.00105802 51.1875 -0.0144808 0.0308967 0.999418 0.947214
0.451231 -0.891887 0.0304644 27.0734 0.892368 0.45127 -0.00598573 52.0073 -0.00840908 0.0298864 0.999518 0.945525
0.450045 -0.892618 0.0263001 27.4739 0.892959 0.450128 -0.00301713 52.8285 -0.00914528 0.0248428 0.99965 0.948036
0.449159 -0.893112 0.0246607 27.8725 0.893373 0.449315 0.000907575 53.6373 -0.011891 0.0216235 0.999695 0.955929
0.447878 -0.893798 0.0230344 28.2631 0.893989 0.448072 0.00382902 54.4336 -0.0137435 0.0188776 0.999727 0.963919
0.446794 -0.894354 0.0225002 28.6485 0.894544 0.446968 0.00311507 55.215 -0.0128428 0.0187356 0.999742 0.966496
0.445318 -0.895111 0.0216298 29.0252 0.89527 0.445503 0.00440795 55.9868 -0.0135817 0.0174016 0.999756 0.969152
0.443951 -0.895809 0.020807 29.3956 0.895938 0.444144 0.00553715 56.7467 -0.0142016 0.0161836 0.999768 0.973902
0.442482 -0.896523 0.0213889 29.7613 0.89665 0.442695 0.00631708 57.4946 -0.0151322 0.0163832 0.999751 0.977478
0.441153 -0.897158 0.0221658 30.1217 0.897293 0.441385 0.00668022 58.232 -0.0157769 0.0169423 0.999732 0.978733
0.439833 -0.897828 0.0212625 30.4718 0.897899 0.440096 0.009632 58.9586 -0.0180054 0.0148552 0.999728 0.980354
0.438648 -0.898394 0.0218323 30.8168 0.898378 0.438989 0.0143436 59.6784 -0.0224703 0.0133219 0.999659 0.980329
0.436914 -0.899266 0.020642 31.1577 0.89917 0.437262 0.0171682 60.3801 -0.0244647 0.0110597 0.99964 0.983804
0.435588 -0.899999 0.0162684 31.481 0.899898 0.435821 0.015592 61.0634 -0.0211229 0.00784821 0.999746 0.987759
0.434618 -0.900536 0.0119226 31.7968 0.90051 0.434731 0.00955262 61.7266 -0.0137856 0.00658466 0.999883 0.992012
0.43336 -0.901165 0.0100176 32.1041 0.901184 0.433416 0.00419068 62.3727 -0.0081183 0.00721165 0.999941 0.993228
0.432949 -0.901381 0.00827237 32.4022 0.901401 0.43298 0.00234436 63.0053 -0.00569494 0.00644174 0.999963 0.998717
0.432221 -0.901735 0.00770757 32.6898 0.901725 0.432268 0.00607215 63.6221 -0.00880721 0.00432559 0.999952 1.01055
0.431014 -0.902307 0.00832684 32.9711 0.902265 0.43108 0.0093422 64.2185 -0.0120191 0.0034864 0.999922 1.02796
0.429868 -0.902842 0.00952912 33.2463 0.902843 0.42993 0.00580331 64.7909 -0.00933633 0.00610865 0.999938 1.03986
0.42986 -0.902785 0.0141517 33.5191 0.902884 0.429881 -0.00172662 65.3423 -0.00452479 0.0135196 0.999898 1.04923
0.430764 -0.902334 0.0153412 33.7799 0.902464 0.430681 -0.00849074 65.8785 0.00105433 0.0175024 0.999846 1.06144
0.433308 -0.901141 0.0137773 34.0299 0.901244 0.433224 -0.00870676 66.4069 0.00187737 0.0161894 0.999867 1.07375
0.436694 -0.899553 0.0101459 34.2723 0.899609 0.436682 -0.00348129 66.9264 -0.00129892 0.0106476 0.999942 1.08794
0.440705 -0.897562 0.0127338 34.5188 0.89764 0.440727 -0.00119749 67.4262 -0.0045373 0.0119581 0.999918 1.09867
0.445267 -0.895205 0.0185749 34.7714 0.895356 0.44535 0.000340282 67.9089 -0.00857696 0.0164797 0.999827 1.11059
0.452154 -0.891609 0.0243031 35.0195 0.891845 0.452335 0.00226452 68.3791 -0.0130122 0.0206507 0.999702 1.12309
0.461278 -0.88698 0.0221267 35.2564 0.88716 0.461451 0.00315721 68.835 -0.0130108 0.0181736 0.99975 1.131
0.474135 -0.880286 0.0170924 35.484 0.880356 0.474281 0.0055673 69.2827 -0.0130074 0.0124077 0.999838 1.13772
0.489774 -0.871752 0.0130602 35.7164 0.871736 0.489897 0.00877715 69.713 -0.0140496 0.00708621 0.999876 1.14294
0.508188 -0.861129 0.0141989 35.9613 0.861115 0.508329 0.00909049 70.1198 -0.0150458 0.0076072 0.999858 1.14543
0.529879 -0.847886 0.0178119 36.2152 0.847909 0.530073 0.00855287 70.5061 -0.0166935 0.0105709 0.999805 1.14953
0.553939 -0.832316 0.0200388 36.4755 0.832341 0.554183 0.00946649 70.8787 -0.0189843 0.0114352 0.999754 1.15279
0.580416 -0.81404 0.0213811 36.7432 0.814039 0.580705 0.0110241 71.2387 -0.0213902 0.0110065 0.999711 1.15493
0.609773 -0.792268 0.0221172 37.0219 0.792239 0.61009 0.0121427 71.5814 -0.0231138 0.0101178 0.999682 1.15486
0.641585 -0.766729 0.0222424 37.3101 0.766673 0.64191 0.0128038 71.9087 -0.0240947 0.00883793 0.999671 1.15243
0.675202 -0.737279 0.0228317 37.6104 0.737202 0.675542 0.0132873 72.2143 -0.0252202 0.00786001 0.999651 1.15148
0.710393 -0.703498 0.0208086 37.9197 0.703373 0.710682 0.0140418 72.4963 -0.0246667 0.004661 0.999685 1.15295
0.747152 -0.664378 0.0191339 38.2405 0.664251 0.747392 0.0132648 72.7539 -0.0231134 0.00279893 0.999729 1.15336
0.784168 -0.620273 0.0185068 38.5717 0.620148 0.784384 0.012545 72.9852 -0.0222978 0.00163962 0.99975 1.14965
0.82016 -0.571861 0.0176762 38.9114 0.571728 0.82035 0.0123397 73.1901 -0.0215572 -1.45333e-05 0.999768 1.14293
0.854501 -0.519177 0.0168189 39.2588 0.519048 0.854666 0.0116326 73.368 -0.020414 -0.00121026 0.999791 1.13534
0.886216 -0.462951 0.017243 39.6151 0.462865 0.886384 0.00890949 73.5148 -0.0194086 8.54516e-05 0.999812 1.12969
0.91411 -0.40509 0.0174733 39.9752 0.405008 0.914277 0.00817745 73.6386 -0.019288 -0.000398272 0.999814 1.12808
0.938021 -0.346022 0.0196061 40.3418 0.345923 0.938226 0.00834818 73.7393 -0.0212836 -0.00104857 0.999773 1.12578
0.957908 -0.286232 0.021983 40.7162 0.286058 0.958152 0.0107739 73.8172 -0.0241469 -0.00403206 0.9997 1.11953
0.973808 -0.226135 0.0236832 41.0915 0.225932 0.974082 0.010957 73.8699 -0.0255472 -0.00531921 0.999659 1.11148
0.985751 -0.166518 0.0237963 41.4705 0.166369 0.98603 0.00810082 73.8922 -0.0248128 -0.00402643 0.999684 1.10247
0.993769 -0.108801 0.0241835 41.8468 0.108776 0.994063 0.00235731 73.8912 -0.0242964 0.000287963 0.999705 1.09482
0.998289 -0.0534752 0.0236633 42.221 0.0533979 0.998566 0.00388742 73.8779 -0.0238372 -0.0026172 0.999712 1.08994
0.999726 0.000700234 0.0233924 42.5975 -0.000901151 0.999963 0.00857954 73.8523 -0.0233855 -0.00859827 0.99969 1.08363
0.998427 0.0513613 0.0225048 42.9738 -0.0516055 0.998613 0.0104046 73.8064 -0.0219392 -0.0115496 0.999693 1.07666
0.995 0.0975045 0.0216142 43.344 -0.0976229 0.995213 0.00449212 73.7326 -0.0210727 -0.0065797 0.999756 1.0689
0.989938 0.139744 0.0222327 43.7168 -0.139551 0.990164 -0.0100372 73.6316 -0.0234167 0.00683357 0.999702 1.05734
0.983969 0.176771 0.0236049 44.0876 -0.176421 0.984182 -0.016183 73.5283 -0.0260923 0.0117592 0.99959 1.04784
0.977418 0.210212 0.0215639 44.4618 -0.209961 0.977619 -0.013331 73.4314 -0.0238836 0.00850241 0.999679 1.04074
0.970272 0.241178 0.0201108 44.8387 -0.241197 0.970475 -0.00154721 73.3376 -0.0198902 -0.00334945 0.999797 1.04083
0.962809 0.269513 0.0190298 45.2162 -0.269661 0.962939 0.00564699 73.2262 -0.0168026 -0.0105686 0.999803 1.04433
0.955514 0.294455 0.0169702 45.5972 -0.294583 0.95561 0.00549768 73.0905 -0.0145981 -0.0102522 0.999841 1.04327
0.94818 0.317448 0.0134872 45.9784 -0.317486 0.948263 0.000724108 72.936 -0.0125595 -0.00496857 0.999909 1.03891
0.94152 0.336934 0.00383876 46.3645 -0.336915 0.941523 -0.00477382 72.7644 -0.00522274 0.00320131 0.999981 1.01911
0.934693 0.35543 -0.00438652 46.7596 -0.355446 0.93469 -0.00358807 72.5946 0.00282473 0.00491292 0.999984 1.00092
0.928186 0.372088 -0.00458592 47.1733 -0.372094 0.928195 -0.000557145 72.4193 0.00404932 0.00222353 0.999989 0.995818
0.922286 0.386504 0.00167935 47.6019 -0.386505 0.922287 0.000442812 72.2306 -0.0013777 -0.00105748 0.999999 1.00149
0.91649 0.400022 0.00527562 48.0324 -0.400023 0.916505 -0.000873649 72.0254 -0.00518461 -0.00130968 0.999986 1.00697
0.910944 0.412478 0.00659334 48.4682 -0.412463 0.910967 -0.00353964 71.807 -0.00746634 0.000504901 0.999972 1.00915
0.90594 0.423367 0.00577645 48.9106 -0.423326 0.90595 -0.00711225 71.5754 -0.00824427 0.00399795 0.999958 1.00703
0.901426 0.432916 0.0038176 49.3644 -0.432865 0.901407 -0.00966894 71.3336 -0.00762704 0.00706333 0.999946 1.00498
0.897647 0.44071 0.00223751 49.8313 -0.440661 0.897604 -0.01123 71.083 -0.00695757 0.00909459 0.999934 1.00335
0.894941 0.446182 0.00121058 50.3125 -0.446134 0.894878 -0.0125573 70.8223 -0.00668617 0.010698 0.99992 1.00021
0.892315 0.451414 -0.000414951 50.8074 -0.451379 0.892233 -0.0132829 70.5537 -0.00562584 0.0120398 0.999912 0.994605
0.889428 0.457074 -0.00139389 51.3198 -0.457051 0.889345 -0.0130421 70.2747 -0.00472156 0.0122371 0.999914 0.987269
0.887265 0.461253 -0.00249977 51.8488 -0.461235 0.88715 -0.0150448 69.9822 -0.00472177 0.0145017 0.999884 0.982135
0.885608 0.464423 -0.00316325 52.3869 -0.464408 0.885466 -0.0165855 69.6759 -0.00490176 0.0161573 0.999857 0.976
0.883972 0.467527 -0.00332678 52.9433 -0.467509 0.883812 -0.0176289 69.3615 -0.00530173 0.0171387 0.999839 0.970977
0.882472 0.470351 -0.0035266 53.5117 -0.470327 0.882283 -0.0192181 69.033 -0.00592781 0.0186181 0.999809 0.965014
0.881764 0.471659 -0.00544906 54.0931 -0.471651 0.881479 -0.0232392 68.6949 -0.00615774 0.0230615 0.999715 0.958577
0.881821 0.47153 -0.00713158 54.6861 -0.471541 0.881437 -0.0267935 68.3462 -0.00634791 0.02699 0.999616 0.950649
0.882598 0.470059 -0.00803764 55.299 -0.470084 0.882156 -0.0286666 67.994 -0.00638456 0.0290795 0.999557 0.943286
0.884037 0.467319 -0.00953922 55.9279 -0.467379 0.883523 -0.03073 67.6373 -0.0059326 0.0316249 0.999482 0.936631
0.885769 0.464022 -0.00985964 56.5735 -0.464089 0.885224 -0.0316099 67.2741 -0.00593969 0.0325748 0.999452 0.930371
0.88752 0.460681 -0.00907652 57.2389 -0.460709 0.886911 -0.0336883 66.91 -0.00746949 0.0340807 0.999391 0.927915
0.889304 0.457249 -0.0078632 57.9187 -0.457232 0.888677 -0.0345282 66.5435 -0.00880015 0.0343014 0.999373 0.925976
0.891152 0.45368 -0.00465068 58.6181 -0.453572 0.8906 -0.0332324 66.177 -0.010935 0.0317246 0.999437 0.921625
0.892964 0.450118 -0.00308567 59.3236 -0.449967 0.89244 -0.0328716 65.8089 -0.0120423 0.0307416 0.999455 0.916126
0.894754 0.446551 -0.0026992 60.039 -0.44642 0.894306 -0.0304281 65.442 -0.0111738 0.0284306 0.999533 0.912538
0.896258 0.443509 -0.00452746 60.7584 -0.44346 0.895881 -0.0272158 65.0768 -0.00801441 0.0264002 0.999619 0.911474
0.896887 0.4422 -0.0073302 61.4843 -0.442255 0.896671 -0.0197674 64.7149 -0.00216837 0.020971 0.999778 0.910638
0.896741 0.44247 -0.00868852 62.2129 -0.442555 0.896597 -0.016114 64.3461 0.000660128 0.0182952 0.999832 0.910138
0.896771 0.442427 -0.0077292 62.9447 -0.442494 0.896664 -0.0138651 63.9756 0.000796214 0.0158539 0.999874 0.917391
0.896735 0.44255 -0.00391315 63.6787 -0.442563 0.896651 -0.0124756 63.6051 -0.00201234 0.0129191 0.999915 0.928687
0.896665 0.442693 -0.00372975 64.4081 -0.442701 0.896569 -0.013429 63.2308 -0.00260096 0.0136925 0.999903 0.937354
0.896743 0.442549 -0.00169503 65.1382 -0.442536 0.896669 -0.012117 62.8572 -0.0038425 0.011616 0.999925 0.946793
0.8966 0.442841 -0.000802178 65.8659 -0.442823 0.896545 -0.0106759 62.4823 -0.00400853 0.00992723 0.999943 0.959452
0.896632 0.442777 -0.000283848 66.5926 -0.442764 0.896602 -0.00809987 62.1127 -0.00333193 0.00738828 0.999967 0.968295
0.896103 0.443845 0.000117461 67.318 -0.443839 0.896093 -0.00494368 61.743 -0.00229949 0.00437792 0.999988 0.976608
0.894887 0.446291 0.0015705 68.0432 -0.446287 0.894887 -0.00238076 61.3735 -0.00246793 0.00142961 0.999996 0.985452
0.893168 0.449705 0.00407367 68.7664 -0.449707 0.893176 -0.000547683 61.0004 -0.0038848 -0.00134278 0.999992 0.994757
0.890962 0.454016 0.00744037 69.4891 -0.454031 0.890986 0.000273789 60.6242 -0.00650496 -0.00362209 0.999972 1.00528
0.888063 0.459598 0.0106591 70.2075 -0.459634 0.888108 0.00111529 60.2417 -0.00895388 -0.00588975 0.999943 1.01426
0.884616 0.466183 0.0113023 70.918 -0.466229 0.884662 0.00172546 59.8537 -0.00919434 -0.00679583 0.999935 1.02157
0.880521 0.473882 0.0108824 71.6202 -0.473936 0.880555 0.0028671 59.4624 -0.00822384 -0.00768208 0.999937 1.02679
0.875687 0.482772 0.0101297 72.3157 -0.482821 0.875714 0.0029231 59.0609 -0.00745955 -0.00745056 0.999944 1.03143
0.87068 0.491739 0.010435 73.0044 -0.491781 0.870717 0.00175286 58.6552 -0.00822397 -0.00665791 0.999944 1.03749
0.8653 0.501103 0.0123362 73.6853 -0.501161 0.865352 0.00196827 58.2469 -0.00968888 -0.00788559 0.999922 1.04391
0.859634 0.510755 0.0125957 74.36 -0.510804 0.859697 0.000765655 57.8288 -0.0104374 -0.00709211 0.99992 1.04651
0.853883 0.520312 0.0126059 75.0251 -0.520359 0.853947 0.000536795 57.4059 -0.0104855 -0.00701796 0.99992 1.04903
0.84805 0.529776 0.0121735 75.6806 -0.529824 0.848107 0.000893767 56.9804 -0.00985092 -0.00720776 0.999925 1.0525
0.842287 0.538906 0.0115776 76.3287 -0.538959 0.84233 0.00186268 56.5504 -0.00874834 -0.00780875 0.999931 1.05539
0.836642 0.547649 0.0105071 76.9658 -0.547695 0.836676 0.00194065 56.117 -0.00772822 -0.0073783 0.999943 1.05787
0.831328 0.555699 0.00961705 77.5917 -0.555737 0.831356 0.00175505 55.6809 -0.00701991 -0.00680358 0.999952 1.06145
0.825912 0.563726 0.00907351 78.2069 -0.563761 0.825937 0.0015821 55.2414 -0.00660227 -0.00642196 0.999958 1.06661
0.820487 0.571596 0.00884968 78.8133 -0.571627 0.820512 0.00125124 54.8023 -0.00654607 -0.00608535 0.99996 1.07064
0.81544 0.578779 0.00848566 79.4082 -0.578801 0.815469 8.59601e-05 54.3601 -0.00687004 -0.0049816 0.999964 1.07589
0.811016 0.584957 0.00883114 79.994 -0.584966 0.811056 -0.00187593 53.9171 -0.00825989 -0.0036445 0.999959 1.08129
0.807808 0.589382 0.00867291 80.5683 -0.58936 0.807854 -0.00509857 53.4757 -0.0100114 -0.000992799 0.999949 1.08852
0.805348 0.59274 0.00859273 81.137 -0.592679 0.805392 -0.00871525 53.035 -0.0120864 0.00192609 0.999925 1.09188
0.803554 0.595168 0.00872433 81.6967 -0.595077 0.803593 -0.0110433 52.6013 -0.0135834 0.00368226 0.999901 1.09374
0.802451 0.596648 0.00906671 82.2435 -0.596544 0.802492 -0.0118776 52.1781 -0.0143627 0.00412247 0.999888 1.09543
0.801807 0.597518 0.00882531 82.7807 -0.59741 0.801843 -0.0122068 51.762 -0.0143703 0.0045152 0.999887 1.09642
0.802159 0.597064 0.00737066 83.3027 -0.596961 0.802174 -0.0123962 51.356 -0.0133139 0.00554377 0.999896 1.09727
0.803792 0.594883 0.00574245 83.812 -0.594787 0.803784 -0.0126595 50.9626 -0.0121466 0.0067601 0.999903 1.09839
0.806624 0.591044 0.00494145 84.311 -0.590957 0.806609 -0.0123398 50.5845 -0.0112792 0.00703338 0.999912 1.10013
0.811067 0.584934 0.00477193 84.7985 -0.584857 0.811055 -0.0115412 50.2255 -0.0106212 0.00656983 0.999922 1.10281
0.817271 0.576232 0.00489457 85.2749 -0.576163 0.817265 -0.0106769 49.8826 -0.0101526 0.00590589 0.999931 1.10675
0.824868 0.565305 0.00485421 85.7388 -0.565239 0.824862 -0.0103981 49.5584 -0.00988212 0.00583324 0.999934 1.11146
0.834152 0.551519 0.00416128 86.1937 -0.551471 0.834147 -0.00890796 49.2584 -0.00838402 0.00513577 0.999952 1.11583
0.845233 0.534392 0.00236268 86.649 -0.534368 0.845225 -0.00666431 48.9762 -0.00555835 0.00437036 0.999975 1.12384
0.857705 0.514142 0.000253802 87.1049 -0.514137 0.857699 -0.00384318 48.7097 -0.00219362 0.00316582 0.999993 1.13219
0.871652 0.490125 -0.000804 87.5652 -0.490126 0.87165 -0.00188358 48.4559 -0.000222384 0.00203589 0.999998 1.13894
0.887029 0.461714 -0.000495813 88.0317 -0.461715 0.887028 -0.00108784 48.2183 -6.24734e-05 0.00119387 0.999999 1.146
0.903569 0.42844 0.00130972 88.5038 -0.428437 0.903569 -0.00195541 47.999 -0.0020212 0.00120572 0.999997 1.15356
0.920583 0.390519 0.00465931 88.9831 -0.390511 0.920595 -0.00258072 47.8039 -0.00529715 0.000556252 0.999986 1.16223
0.937074 0.349002 0.00952013 89.4668 -0.348992 0.937122 -0.00276528 47.6343 -0.00988661 -0.000731178 0.999951 1.17053
0.952783 0.303323 0.0141407 89.958 -0.303339 0.952882 -0.00104164 47.4876 -0.0137904 -0.00329696 0.9999 1.17884
0.967247 0.253282 0.0167878 90.4492 -0.253335 0.967378 0.00112241 47.3762 -0.0159559 -0.0053386 0.999858 1.18784
0.979909 0.198713 0.0171003 90.9359 -0.198769 0.980045 0.00164964 47.2911 -0.0164312 -0.0050155 0.999852 1.19141
0.990183 0.139008 0.0146313 91.4185 -0.139004 0.990291 -0.00132917 47.232 -0.014674 -0.000717681 0.999892 1.19482
0.997147 0.0748363 0.00990862 91.8943 -0.0748113 0.997194 -0.00287524 47.2083 -0.010096 0.00212576 0.999947 1.19852
0.999957 0.00835264 0.00403121 92.3658 -0.00832947 0.999949 -0.00573106 47.217 -0.00407887 0.00569723 0.999975 1.20276
0.998233 -0.059423 -0.00021208 92.8316 0.0594216 0.998224 -0.00423819 47.266 0.00046355 0.0042181 0.999991 1.20559
0.991856 -0.127315 -0.00353001 93.291 0.127305 0.991859 -0.00292385 47.3486 0.00387352 0.00245065 0.999989 1.20877
0.980802 -0.194918 -0.00579607 93.743 0.194896 0.980815 -0.00410918 47.46 0.00648582 0.00290067 0.999975 1.21363
0.965359 -0.260874 -0.00519441 94.1867 0.260842 0.965362 -0.00617384 47.5997 0.00662508 0.00460505 0.999967 1.2216
0.945643 -0.325204 -0.00100281 94.6205 0.325193 0.94563 -0.00584929 47.771 0.00285049 0.00520523 0.999982 1.2315
0.921687 -0.3879 0.00526859 95.0409 0.387923 0.921681 -0.00446139 47.9737 -0.00312539 0.00615581 0.999976 1.24279
0.894489 -0.446978 0.0100199 95.4462 0.447017 0.894523 -0.00197804 48.2081 -0.00807887 0.00624839 0.999948 1.25241
0.865052 -0.501445 0.0154429 95.841 0.501491 0.865162 0.000964941 48.4664 -0.0138445 0.00690976 0.99988 1.25829
0.835033 -0.549892 0.0183836 96.2225 0.549886 0.835219 0.00581752 48.7505 -0.0185533 0.00525106 0.999814 1.26546
0.806082 -0.591504 0.0188457 96.5895 0.591439 0.806295 0.00942449 49.0541 -0.0207698 0.0035492 0.999778 1.26857
0.779605 -0.626058 0.0163748 96.9462 0.625848 0.779773 0.0164056 49.3842 -0.0230395 -0.00254172 0.999731 1.26488
0.755764 -0.654731 0.012219 97.2918 0.654506 0.755841 0.0180287 49.7205 -0.0210396 -0.00562805 0.999763 1.25591
0.733915 -0.679172 0.00974195 97.6376 0.678953 0.733946 0.0185945 50.0654 -0.0197789 -0.00703245 0.99978 1.24609
0.717347 -0.696588 0.0133609 97.9881 0.696453 0.717471 0.0136905 50.4092 -0.0191227 -0.000515616 0.999817 1.23952
0.70578 -0.708254 0.0158225 98.3365 0.708162 0.705952 0.0118032 50.7629 -0.0195296 0.00287446 0.999805 1.238
0.69637 -0.717566 0.012937 98.6821 0.717434 0.69649 0.013806 51.1323 -0.0189172 -0.000332619 0.999821 1.23091
0.689197 -0.724519 0.00892816 99.0315 0.724325 0.689231 0.0177148 51.5155 -0.0189883 -0.00574207 0.999803 1.2174
0.684581 -0.72893 0.0030194 99.3829 0.728722 0.684474 0.0214567 51.9063 -0.0177071 -0.0124885 0.999765 1.21016
0.682447 -0.730926 -0.00361035 99.7428 0.730801 0.68222 0.0224837 52.3032 -0.0139709 -0.0179824 0.999741 1.20767
0.681774 -0.731536 -0.00625766 100.114 0.731467 0.681522 0.0219774 52.7024 -0.0118125 -0.0195609 0.999739 1.20913
0.683368 -0.730039 -0.00716525 100.497 0.730018 0.68316 0.0191219 53.1049 -0.0090647 -0.018298 0.999791 1.2089
0.686464 -0.727103 -0.00938817 100.891 0.72716 0.686364 0.01191 53.5103 -0.00221612 -0.0150025 0.999885 1.20404
0.689542 -0.724148 -0.0119116 101.291 0.724239 0.689512 0.00712988 53.9238 0.00305009 -0.0135432 0.999904 1.20021
0.69272 -0.721049 -0.015069 101.7 0.721203 0.692637 0.0110067 54.3574 0.00250092 -0.0184924 0.999826 1.20281
0.696815 -0.717082 -0.0155479 102.12 0.717249 0.696608 0.0170418 54.801 -0.00138954 -0.0230267 0.999734 1.20772
0.700382 -0.71368 -0.0112102 102.559 0.713744 0.700141 0.0192934 55.2428 -0.0059206 -0.021514 0.999751 1.21243
0.703079 -0.711095 -0.00484355 103.011 0.711014 0.702853 0.0213612 55.6885 -0.0117855 -0.0184624 0.99976 1.21571
0.705561 -0.70865 -0.00018847 103.47 0.708453 0.705359 0.0237199 56.1426 -0.0166762 -0.0168694 0.999719 1.21675
0.70786 -0.706343 0.00373056 103.937 0.706123 0.707754 0.0217751 56.6001 -0.018021 -0.0127795 0.999756 1.21261
0.708311 -0.705884 0.00494245 104.411 0.705734 0.708278 0.0168115 57.0598 -0.0153676 -0.00841972 0.999846 1.20819
0.708178 -0.706029 0.00256894 104.887 0.705971 0.708158 0.0108213 57.5272 -0.00945941 -0.00584984 0.999938 1.20433
0.707778 -0.70643 -0.00272882 105.366 0.706434 0.707763 0.00486143 58.0056 -0.00150291 -0.00536854 0.999985 1.20071
0.706125 -0.708045 -0.00777853 105.855 0.708081 0.706123 0.00351422 58.4982 0.00300437 -0.00798931 0.999964 1.19824
0.704315 -0.709869 -0.00505805 106.358 0.709887 0.70429 0.00596045 59.0033 -0.000668811 -0.00778868 0.999969 1.19826
0.703044 -0.711144 0.00189985 106.875 0.711102 0.703028 0.00924437 59.5191 -0.00790972 -0.00514821 0.999955 1.20337
0.701173 -0.71297 0.00553636 107.394 0.712838 0.701162 0.0152713 60.0457 -0.0147699 -0.00676132 0.999868 1.20913
0.699795 -0.714337 0.003183 107.91 0.714196 0.699733 0.0172501 60.5797 -0.0145496 -0.00979824 0.999846 1.20905
0.698437 -0.715663 -0.00355265 108.428 0.715603 0.698292 0.017337 61.1228 -0.00992669 -0.0146511 0.999843 1.20543
0.69584 -0.718159 -0.00742252 108.957 0.718183 0.695724 0.0134722 61.6685 -0.00451117 -0.0147052 0.999882 1.20072
0.692861 -0.721018 -0.00872216 109.495 0.72107 0.692791 0.00991408 62.2242 -0.0011056 -0.0131584 0.999913 1.19863
0.690097 -0.723688 -0.00650103 110.042 0.723713 0.690033 0.00972389 62.7927 -0.00255114 -0.0114153 0.999932 1.20108
0.687464 -0.726214 -0.00261907 110.596 0.726208 0.68743 0.0079381 63.367 -0.00396433 -0.00735914 0.999965 1.20599
0.68604 -0.727564 5.62416e-05 111.156 0.727532 0.68601 0.00937414 63.9542 -0.00685887 -0.00639012 0.999956 1.21109
0.684879 -0.728648 0.00373273 111.728 0.728596 0.684878 0.00951302 64.5572 -0.00948811 -0.00379561 0.999948 1.21111
0.684369 -0.729088 0.00837699 112.303 0.729055 0.684419 0.00698828 65.1584 -0.0108284 0.00132473 0.99994 1.20993
0.683894 -0.72953 0.00862039 112.878 0.72948 0.683948 0.00856963 65.7708 -0.0121477 0.000427687 0.999926 1.21073
0.684245 -0.729239 0.00433499 113.448 0.729178 0.684248 0.0102493 66.3869 -0.0104404 -0.00385205 0.999938 1.21105
0.684698 -0.728824 -0.00182606 114.02 0.728791 0.684637 0.0116759 67.0075 -0.00725946 -0.00932525 0.99993 1.21065
0.685245 -0.728265 -0.00833413 114.596 0.72829 0.685088 0.0157777 67.6315 -0.00578074 -0.0168812 0.999841 1.20939
0.687103 -0.726438 -0.0133172 115.176 0.726532 0.6868 0.0213873 68.2629 -0.00639032 -0.0243706 0.999683 1.21228
0.689482 -0.724164 -0.0141945 115.763 0.724245 0.689047 0.0261361 68.8928 -0.00914616 -0.0283006 0.999558 1.2176
0.691292 -0.722424 -0.0147982 116.358 0.722524 0.690855 0.0260375 69.5163 -0.00858669 -0.0286916 0.999551 1.22051
0.6928 -0.720943 -0.0164204 116.955 0.72111 0.692431 0.0232377 70.1411 -0.00538312 -0.02794 0.999595 1.21877
0.693528 -0.72035 -0.0106609 117.567 0.720402 0.693297 0.0189984 70.773 -0.00629433 -0.0208561 0.999763 1.20949
0.69384 -0.720106 -0.00582413 118.179 0.720103 0.693724 0.014104 71.3983 -0.00611601 -0.0139799 0.999884 1.20556
0.694905 -0.719087 -0.00456677 118.784 0.719075 0.694812 0.0129308 72.0259 -0.00612531 -0.0122695 0.999906 1.20494
0.695651 -0.718355 -0.00595578 119.386 0.718336 0.695494 0.016784 72.6601 -0.00791468 -0.0159541 0.999841 1.20212
0.696309 -0.717729 -0.00431309 119.989 0.717623 0.696071 0.0223875 73.2949 -0.0130659 -0.0186838 0.99974 1.19865
0.696999 -0.717062 -0.00367498 120.592 0.716816 0.696605 0.0302499 73.925 -0.019131 -0.0237184 0.999536 1.19976
0.697919 -0.716149 -0.00639375 121.187 0.716053 0.697604 0.0248192 74.5271 -0.013314 -0.0219001 0.999671 1.20627
0.698273 -0.715745 -0.0111355 121.785 0.715832 0.69819 0.0107618 75.1136 7.19628e-05 -0.0154858 0.99988 1.21411
0.69799 -0.715968 -0.0141238 122.385 0.71602 0.698077 -0.0018156 75.6992 0.0111594 -0.00884568 0.999899 1.22326
0.697376 -0.716638 -0.00981773 122.99 0.716685 0.697395 0.00194336 76.3039 0.00545415 -0.00839147 0.99995 1.23598
0.696416 -0.717614 0.0058805 123.602 0.717457 0.696401 0.016788 76.9215 -0.0161425 -0.00747242 0.999842 1.25011
0.695195 -0.718606 0.0175905 124.209 0.718019 0.695368 0.0302113 77.5352 -0.0339419 -0.00837239 0.999389 1.2634
0.694823 -0.719057 0.0133444 124.796 0.718586 0.694884 0.0277578 78.1284 -0.0292322 -0.00969763 0.999526 1.25576
0.6942 -0.719781 -0.000658718 125.371 0.719653 0.694059 0.0194993 78.7124 -0.013578 -0.0140105 0.99981 1.23701
0.693442 -0.720485 -0.00626794 125.953 0.720499 0.69335 0.0121499 79.2947 -0.00440793 -0.0129413 0.999907 1.22055
0.692099 -0.721789 -0.00440367 126.542 0.721798 0.692057 0.00805139 79.88 -0.00276381 -0.00875092 0.999958 1.22075
0.690135 -0.723677 -0.00226695 127.121 0.723654 0.690079 0.0107228 80.4792 -0.00619546 -0.00904066 0.99994 1.22135
0.687582 -0.726101 -0.00281763 127.689 0.726092 0.687539 0.00895109 81.0734 -0.00456217 -0.00820048 0.999956 1.21032
0.68406 -0.729413 -0.0043834 128.255 0.729423 0.684026 0.00715087 81.6648 -0.00221758 -0.00808898 0.999965 1.19539
0.681703 -0.731593 -0.00725304 128.811 0.731622 0.681619 0.011148 82.265 -0.00321196 -0.0129061 0.999912 1.19136
0.68005 -0.733051 -0.0129808 129.365 0.733165 0.679909 0.0139196 82.8655 -0.00137797 -0.0189831 0.999819 1.18434
0.67867 -0.734322 -0.013339 129.923 0.734434 0.678455 0.0174679 83.4662 -0.00377715 -0.0216516 0.999758 1.1834
0.677612 -0.735358 -0.00947762 130.486 0.735371 0.677363 0.020222 84.0638 -0.00845059 -0.0206722 0.999751 1.18254
0.676648 -0.736261 -0.00823342 131.043 0.736251 0.676417 0.0198697 84.6573 -0.00906002 -0.0195066 0.999769 1.18157
0.674779 -0.737967 -0.0087657 131.595 0.737999 0.674625 0.0154428 85.2513 -0.0054827 -0.0168895 0.999842 1.17928
0.671479 -0.740991 -0.00698662 132.143 0.741019 0.671412 0.00985901 85.8381 -0.00261454 -0.0117973 0.999927 1.17333
0.66664 -0.745359 -0.00556148 132.688 0.74538 0.666615 0.00574431 86.4374 -0.000574209 -0.0079748 0.999968 1.17243
0.661583 -0.749868 -0.00250283 133.227 0.749856 0.661544 0.00866516 87.0498 -0.00484199 -0.00760949 0.999959 1.1755
0.656858 -0.754005 0.00365328 133.767 0.75389 0.65683 0.0149625 87.6673 -0.0136814 -0.00707409 0.999881 1.17971
0.653505 -0.756834 0.0115769 134.297 0.756588 0.653595 0.0197003 88.2896 -0.0224765 -0.00411524 0.999739 1.17487
0.650338 -0.759597 0.00849391 134.814 0.759183 0.650292 0.027575 88.9153 -0.0264695 -0.0114847 0.999584 1.16726
0.647029 -0.762458 0.00331521 135.324 0.762155 0.646884 0.0257152 89.5351 -0.0217514 -0.0141118 0.999664 1.15755
0.641802 -0.766867 -0.00232575 135.835 0.766783 0.64168 0.0170475 90.1465 -0.0115808 -0.0127245 0.999852 1.14549
0.636788 -0.771031 -0.00365604 136.349 0.771024 0.636737 0.00939882 90.766 -0.00491884 -0.00880395 0.999949 1.13288
0.631632 -0.775265 -0.00238205 136.864 0.775252 0.631595 0.00853822 91.3983 -0.00511489 -0.0072397 0.999961 1.12923
0.625585 -0.780135 -0.00563969 137.37 0.780105 0.625445 0.0159821 92.0465 -0.00894086 -0.0143977 0.999856 1.13343
0.619425 -0.784982 -0.0107686 137.868 0.785014 0.619193 0.0187637 92.6958 -0.00806135 -0.0200762 0.999766 1.13261
0.611647 -0.790969 -0.0159761 138.365 0.791127 0.611457 0.0154804 93.3381 -0.00247586 -0.0221077 0.999753 1.12862
0.604769 -0.796231 -0.0164353 138.861 0.796401 0.604651 0.0119505 93.9843 0.000422265 -0.0203164 0.999794 1.12108
0.598301 -0.801115 -0.0158089 139.356 0.80127 0.598161 0.0130043 94.6431 -0.000961743 -0.0204477 0.99979 1.11768
0.591972 -0.805822 -0.0148115 139.838 0.80592 0.591666 0.0205886 95.317 -0.00782725 -0.0241247 0.999678 1.11352
0.585459 -0.810574 -0.0143841 140.314 0.810587 0.584986 0.0271954 95.9972 -0.0136294 -0.0275813 0.999527 1.11254
0.579275 -0.815044 -0.0119648 140.788 0.814943 0.578763 0.0300314 96.6733 -0.0175522 -0.0271471 0.999477 1.10911
0.57404 -0.818751 -0.0111549 141.259 0.818603 0.573512 0.0311866 97.3497 -0.0191366 -0.0270338 0.999451 1.10331
0.570412 -0.82128 -0.0113484 141.725 0.82116 0.569917 0.029825 98.0285 -0.018027 -0.0263314 0.999491 1.09836
0.566748 -0.823695 -0.0179687 142.182 0.823804 0.566239 0.0268245 98.708 -0.0119206 -0.0300054 0.999479 1.09462
0.5638 -0.82548 -0.026702 142.628 0.825887 0.563242 0.025871 99.3922 -0.00631631 -0.0366389 0.999309 1.08803
0.561522 -0.826938 -0.0294335 143.077 0.827457 0.561046 0.0232704 100.078 -0.0027296 -0.0374218 0.999296 1.07948
0.55894 -0.828737 -0.027945 143.537 0.829165 0.558246 0.0291214 100.776 -0.00853376 -0.0394481 0.999185 1.07162
0.55712 -0.830057 -0.0249427 143.993 0.830239 0.556092 0.0382733 101.481 -0.0178986 -0.0420312 0.998956 1.06259
0.554379 -0.831986 -0.021538 144.449 0.831852 0.553104 0.0457986 102.183 -0.026191 -0.0433062 0.998718 1.05441
0.550436 -0.834614 -0.0209936 144.899 0.834527 0.549301 0.0428198 102.873 -0.0242062 -0.0410892 0.998862 1.04162
0.546114 -0.837544 -0.0167311 145.353 0.837561 0.545528 0.0298439 103.551 -0.0158683 -0.0303114 0.999415 1.02595
0.540354 -0.841288 -0.0158664 145.799 0.841394 0.540039 0.020314 104.236 -0.00852149 -0.0243266 0.999668 1.00571
0.534517 -0.844957 -0.0184232 146.231 0.845099 0.534094 0.0234955 104.941 -0.010013 -0.0281281 0.999554 0.991279
0.528255 -0.848963 -0.0144644 146.668 0.848954 0.527795 0.0266323 105.651 -0.0149756 -0.0263483 0.999541 0.981568
0.521929 -0.852946 -0.00859364 147.109 0.85276 0.521529 0.028426 106.363 -0.019764 -0.0221647 0.999559 0.970378
0.51696 -0.856009 -0.000296134 147.55 0.855725 0.516779 0.0259549 107.079 -0.0220646 -0.013671 0.999663 0.954249
0.51174 -0.859131 0.00403089 147.985 0.858834 0.511677 0.0243098 107.801 -0.0229478 -0.00897842 0.999696 0.941711
0.506534 -0.862209 0.00424136 148.409 0.862041 0.506523 0.0178718 108.521 -0.0175576 -0.00539645 0.999831 0.929471
0.500526 -0.865702 0.00573945 148.829 0.86569 0.500554 0.0052588 109.235 -0.00742546 0.00233641 0.99997 0.913767
0.494549 -0.869065 0.0121541 149.255 0.86915 0.494495 -0.00733257 109.95 0.000362338 0.01419 0.999899 0.90377
0.488947 -0.872196 0.0143234 149.67 0.872282 0.489004 0.000489938 110.693 -0.00743152 0.0122545 0.999897 0.896996
0.484198 -0.874875 0.0120987 150.072 0.874721 0.484343 0.016573 111.455 -0.0203592 0.00255833 0.999789 0.892292
0.479777 -0.877323 0.0109338 150.471 0.876904 0.479888 0.0273332 112.213 -0.0292271 -0.00352594 0.999567 0.887609
0.476318 -0.879212 0.0103522 150.868 0.878839 0.47642 0.0258161 112.958 -0.0276298 -0.00319875 0.999613 0.873287
0.474836 -0.880064 0.00415049 151.258 0.879906 0.474833 0.0172775 113.7 -0.0171761 -0.00455196 0.999842 0.856393
0.472514 -0.881267 -0.00997238 151.637 0.881294 0.472376 0.013436 114.448 -0.00712994 -0.0151373 0.99986 0.844169
0.470778 -0.882171 -0.0119553 152.029 0.882244 0.470676 0.0104341 115.2 -0.00357755 -0.0154597 0.999874 0.836442
0.468357 -0.883526 -0.00480714 152.438 0.883512 0.468292 0.0104458 115.953 -0.00697799 -0.00913952 0.999934 0.834353
0.46793 -0.883766 -0.000426438 152.84 0.883621 0.467844 0.0183311 116.717 -0.0160009 -0.00895446 0.999832 0.831403
0.468145 -0.883651 0.00103067 153.237 0.883369 0.468025 0.0247344 117.485 -0.022339 -0.0106689 0.999694 0.830385
0.466708 -0.88441 0.001432 153.635 0.884161 0.466614 0.0230248 118.243 -0.0210315 -0.00947974 0.999734 0.827752
0.464982 -0.885319 -0.00158716 154.028 0.885216 0.464899 0.0161551 118.996 -0.0135645 -0.00891679 0.999868 0.824126
0.46319 -0.886257 0.0016607 154.431 0.886257 0.463192 0.00141763 119.739 -0.00202561 0.000815174 0.999998 0.819346
0.461251 -0.887222 0.00919413 154.837 0.887263 0.461183 -0.00858834 120.484 0.00337958 0.012119 0.999921 0.819662
0.460148 -0.887785 0.0100835 155.233 0.887842 0.460131 -0.00409455 121.249 -0.00100464 0.0108366 0.999941 0.82455
0.45892 -0.88842 0.0100996 155.623 0.888417 0.458992 0.0064946 122.02 -0.0104056 0.00599215 0.999928 0.834737
0.457335 -0.889231 0.0106718 156.008 0.889147 0.457445 0.0126955 122.78 -0.016171 0.00368274 0.999862 0.840259
0.45652 -0.889649 0.0107018 156.395 0.889627 0.456611 0.00839398 123.526 -0.0123542 0.00568855 0.999907 0.838587
0.456528 -0.889679 0.00734032 156.779 0.889689 0.456558 0.00293701 124.269 -0.00596427 0.00518978 0.999969 0.835107
0.456336 -0.889807 0.000539306 157.153 0.889797 0.456334 0.00443392 125.022 -0.00419143 -0.00154349 0.99999 0.834428
0.45591 -0.890026 -0.000249171 157.532 0.889986 0.455887 0.0095805 125.775 -0.0084133 -0.00458961 0.999954 0.837747
0.455137 -0.890419 -0.00193889 157.91 0.890348 0.455071 0.013846 126.525 -0.0114464 -0.00802812 0.999902 0.841707
0.454811 -0.890582 -0.00324869 158.287 0.890472 0.454689 0.0178245 127.273 -0.014397 -0.0109996 0.999836 0.839952
0.454343 -0.890801 -0.00681376 158.657 0.890712 0.454148 0.0195141 128.02 -0.0142887 -0.0149352 0.999786 0.837767
0.453837 -0.891061 -0.00641902 159.028 0.891002 0.453686 0.0168648 128.759 -0.0121154 -0.0133732 0.999837 0.836134
0.452993 -0.891446 -0.0109976 159.39 0.891492 0.45286 0.012609 129.488 -0.00625988 -0.015516 0.99986 0.831404
0.451892 -0.891984 -0.0125562 159.75 0.892058 0.451758 0.0121378 130.219 -0.00515431 -0.0166858 0.999847 0.824997
0.454407 -0.890701 -0.0128984 160.074 0.890783 0.454281 0.0116399 130.853 -0.00450817 -0.0167789 0.999849 0.818672
0.457095 -0.88932 -0.0131985 160.396 0.88941 0.456976 0.0111262 131.483 -0.00386334 -0.0168246 0.999851 0.812356
0.459778 -0.887931 -0.013502 160.718 0.888028 0.459667 0.0106143 132.114 -0.00321832 -0.0168704 0.999852 0.806038
0.462457 -0.886534 -0.0138086 161.04 0.886638 0.462354 0.0101044 132.744 -0.00257346 -0.0169161 0.999854 0.799721
0.465131 -0.885129 -0.0141184 161.362 0.88524 0.465036 0.00959657 133.374 -0.00192865 -0.0169618 0.999854 0.793404
0.467801 -0.883716 -0.0144314 161.684 0.883833 0.467715 0.00909056 134.004 -0.00128368 -0.0170075 0.999855 0.787086
0.470467 -0.882294 -0.0147476 162.006 0.882417 0.470389 0.00858652 134.634 -0.000638714 -0.0170532 0.999854 0.780766
0.473128 -0.880865 -0.015067 162.328 0.880993 0.473059 0.00808447 135.264 6.27642e-06 -0.0170989 0.999854 0.774446
0.475785 -0.879427 -0.0153896 162.65 0.879561 0.475725 0.00758443 135.894 0.000651268 -0.0171446 0.999853 0.768126
0.478438 -0.877981 -0.0157153 162.972 0.87812 0.478387 0.00708641 136.524 0.00129627 -0.0171903 0.999851 0.761805
0.481086 -0.876527 -0.0160441 163.294 0.876671 0.481044 0.00659044 137.154 0.00194125 -0.017236 0.99985 0.755484
