0.498057 -0.866575 0.0313963 0.704795 0.866938 0.498401 0.00373787 0.544794 -0.0188871 0.025357 0.9995 0.775947
0.494974 -0.868371 0.0305426 0.819192 0.868709 0.495307 0.00395927 0.764427 -0.0185661 0.0245729 0.999526 0.778006
0.490718 -0.870849 0.0286043 1.15785 0.871123 0.491039 0.00506124 1.34106 -0.0184534 0.0224342 0.999579 0.762056
0.486047 -0.873515 0.0269932 1.57031 0.87374 0.486357 0.00598442 2.06608 -0.0183558 0.0206763 0.999619 0.740821
0.481643 -0.875971 0.0263313 1.99461 0.876155 0.481972 0.0075702 2.80565 -0.0193222 0.0194241 0.999627 0.72296
0.477767 -0.878042 0.0279446 2.42604 0.878225 0.478162 0.00926927 3.56041 -0.0215009 0.0201131 0.99957 0.705514
0.474448 -0.879801 0.0291246 2.84724 0.879989 0.474888 0.0102349 4.3043 -0.0228356 0.0207733 0.999528 0.691308
0.472176 -0.880999 0.0298644 3.26062 0.881205 0.472631 0.0101594 5.04624 -0.0230653 0.0215195 0.999508 0.668705
0.470187 -0.882042 0.0304444 3.67116 0.882278 0.47064 0.00947523 5.78332 -0.022686 0.0224052 0.999498 0.66082
0.468701 -0.882813 0.0310236 4.08122 0.883075 0.469155 0.0089475 6.52106 -0.0224539 0.0232024 0.999486 0.653556
0.467308 -0.883505 0.0322969 4.48889 0.883819 0.467769 0.00805428 7.27586 -0.0222236 0.0247806 0.999454 0.642476
0.466047 -0.884167 0.0324171 4.89004 0.884506 0.466486 0.007099 8.04701 -0.0213989 0.0253644 0.999458 0.629974
0.464745 -0.88487 0.0319351 5.28426 0.885229 0.465134 0.00552862 8.82323 -0.0197464 0.0257004 0.999485 0.611756
0.46346 -0.885628 0.0295202 5.67257 0.885948 0.463777 0.00443823 9.62339 -0.0176216 0.0240963 0.999565 0.598472
0.46209 -0.886414 0.027353 6.05906 0.886687 0.462366 0.00422624 10.4269 -0.0163935 0.0223005 0.999629 0.581289
0.460914 -0.887061 0.0262191 6.45874 0.887296 0.461188 0.00502151 11.2365 -0.0165465 0.0209495 0.999657 0.565622
0.459789 -0.887649 0.0261242 6.86244 0.887865 0.460082 0.00603285 12.0525 -0.0173746 0.0204209 0.999655 0.553022
0.458759 -0.888175 0.0264105 7.2731 0.888376 0.45908 0.00714055 12.8832 -0.0184668 0.0201866 0.999641 0.545502
0.457677 -0.888714 0.0270987 7.68709 0.888921 0.45802 0.00753389 13.7106 -0.0191074 0.0206404 0.999621 0.537582
0.45664 -0.88922 0.0280361 8.10699 0.889455 0.456991 0.00706815 14.5382 -0.0190976 0.0217092 0.9996 0.530402
0.455783 -0.889629 0.0290647 8.5405 0.889887 0.456153 0.00704374 15.3747 -0.0195245 0.0226538 0.999572 0.519633
0.455287 -0.889871 0.0295046 8.98206 0.890103 0.455705 0.00874412 16.2086 -0.0212266 0.022281 0.999546 0.505837
0.455447 -0.88976 0.0304414 9.42097 0.889953 0.455945 0.0113582 17.0416 -0.0239857 0.0219183 0.999493 0.486969
0.456261 -0.889303 0.0316666 9.85981 0.889445 0.456855 0.0143464 17.875 -0.0272253 0.0216199 0.999418 0.465035
0.457749 -0.888484 0.0332316 10.2898 0.888592 0.458438 0.0166052 18.7022 -0.0299879 0.0219282 0.999334 0.44352
0.459823 -0.887362 0.0346282 10.716 0.887511 0.460547 0.0162056 19.531 -0.0303279 0.0232811 0.999295 0.419291
0.461795 -0.886337 0.0347087 11.1319 0.886556 0.462465 0.0137956 20.3566 -0.0282788 0.0244003 0.99933 0.402822
0.463381 -0.885557 0.0335392 11.5437 0.885851 0.463921 0.0097583 21.1972 -0.0242009 0.0251888 0.999419 0.394501
0.464571 -0.884997 0.0319031 11.9705 0.885309 0.465008 0.00711328 22.0533 -0.0211304 0.0249393 0.999497 0.381895
0.465239 -0.884692 0.0306808 12.4186 0.884956 0.465671 0.007944 22.9348 -0.0213151 0.0234551 0.999531 0.36125
0.46527 -0.88462 0.0323428 12.8786 0.884878 0.465787 0.0099 23.8213 -0.0238224 0.0240131 0.999463 0.3363
0.464773 -0.884676 0.037593 13.343 0.885053 0.465443 0.0106287 24.7132 -0.0269 0.0283316 0.999274 0.312258
0.463678 -0.884998 0.0432103 13.8123 0.885582 0.464466 0.00943232 25.6008 -0.0284167 0.0338923 0.999061 0.297201
0.462014 -0.88565 0.0475196 14.2856 0.886492 0.46279 0.00585758 26.4843 -0.0271788 0.0394189 0.998895 0.289989
0.460004 -0.886619 0.0489784 14.7451 0.887604 0.460687 0.0027012 27.3633 -0.0249582 0.0422302 0.99884 0.271805
0.457975 -0.8877 0.0484566 15.2059 0.888703 0.458575 0.00107461 28.2438 -0.0231746 0.0425707 0.998871 0.246066
0.456348 -0.88864 0.0465861 15.6636 0.889554 0.456926 0.00160688 29.1274 -0.0227141 0.0407069 0.998961 0.221159
0.455154 -0.889396 0.0438271 16.1258 0.890146 0.45576 0.00400348 30.0215 -0.023535 0.0371897 0.999081 0.210669
0.454098 -0.890006 0.0424427 16.5906 0.890634 0.454775 0.00694213 30.9243 -0.02548 0.0346479 0.999127 0.193378
0.453394 -0.890356 0.0426851 17.0519 0.890898 0.454197 0.010425 31.8232 -0.0286687 0.0333008 0.999089 0.172651
0.453072 -0.89049 0.0433524 17.506 0.890933 0.454024 0.0143632 32.7281 -0.0324723 0.0321159 0.999013 0.154234
0.45307 -0.89048 0.0436323 17.9556 0.890839 0.454119 0.0171174 33.6319 -0.0350556 0.0311133 0.99896 0.128854
0.4532 -0.890413 0.0437272 18.4064 0.890744 0.454279 0.0179543 34.5385 -0.0358496 0.0308122 0.998943 0.106037
0.453616 -0.890238 0.0430361 18.8516 0.890584 0.454639 0.0169089 35.4373 -0.0346173 0.0306564 0.998994 0.0811564
0.453738 -0.890251 0.0415102 19.2897 0.890598 0.454668 0.015513 36.33 -0.0326824 0.0299293 0.999083 0.0618479
0.453163 -0.890598 0.0404022 19.7335 0.89094 0.454033 0.0146495 37.2322 -0.0313894 0.0293566 0.999144 0.0435584
0.452454 -0.890966 0.0403269 20.1902 0.891318 0.453309 0.0142261 38.1315 -0.0309541 0.0295066 0.999156 0.0193136
0.451652 -0.891312 0.0417347 20.6443 0.891734 0.452524 0.0133344 39.0176 -0.0307695 0.0311928 0.999113 0.000615794
0.450829 -0.891727 0.0418712 21.0857 0.89221 0.451645 0.0114401 39.9001 -0.0291108 0.0321994 0.999134 -0.0186295
0.450276 -0.892091 0.0401112 21.5146 0.892572 0.450982 0.00950212 40.7831 -0.0265648 0.0315225 0.999229 -0.0369017
0.449908 -0.892352 0.0385112 21.9485 0.892802 0.450549 0.00871489 41.6613 -0.0251266 0.0304609 0.999302 -0.0529684
0.449972 -0.892299 0.0390885 22.3904 0.8927 0.450705 0.0112172 42.5124 -0.0276247 0.0298457 0.999257 -0.0716949
0.44995 -0.892262 0.0402794 22.8269 0.892627 0.450791 0.0136431 43.3652 -0.0303286 0.0298145 0.999182 -0.0834364
0.449834 -0.892242 0.0420925 23.2617 0.892628 0.450765 0.0146886 44.228 -0.032077 0.0309641 0.999096 -0.0972726
0.449647 -0.892248 0.0440252 23.6957 0.892709 0.450626 0.0142113 45.0891 -0.032516 0.03291 0.999022 -0.109853
0.449261 -0.892374 0.0454935 24.1269 0.89292 0.450251 0.013093 45.9551 -0.0321643 0.034738 0.998975 -0.128333
0.448601 -0.892586 0.0478922 24.5605 0.893238 0.449646 0.012439 46.826 -0.0326341 0.037197 0.998874 -0.147292
0.447563 -0.89292 0.0513403 24.9952 0.89367 0.448765 0.0134542 47.7063 -0.0350494 0.0398573 0.998693 -0.163359
0.446488 -0.893291 0.0542629 25.4301 0.894073 0.447893 0.0158012 48.5855 -0.0384144 0.0414574 0.998508 -0.191148
0.445589 -0.893648 0.0558576 25.852 0.894443 0.447113 0.017125 49.4505 -0.0402732 0.042328 0.998402 -0.23098
0.444884 -0.894033 0.0553987 26.2621 0.894892 0.446298 0.0149737 50.2951 -0.0381064 0.0429115 0.998466 -0.253977
0.444051 -0.894636 0.0523724 26.6647 0.895523 0.445168 0.010513 51.1277 -0.0327157 0.0422294 0.99869 -0.261131
0.443087 -0.895373 0.0478444 27.0624 0.896166 0.443943 0.00746001 51.9437 -0.0279162 0.0395683 0.998948 -0.281102
0.442136 -0.896106 0.0427838 27.4521 0.896721 0.442839 0.00693266 52.7481 -0.0251557 0.0352973 0.999186 -0.304236
0.441143 -0.89678 0.0388816 27.8339 0.897223 0.441801 0.00853059 53.5588 -0.024825 0.0311198 0.999337 -0.309749
0.440151 -0.897338 0.0373784 28.2175 0.897675 0.440841 0.0108118 54.3561 -0.0261763 0.0287925 0.999377 -0.317249
0.439105 -0.897869 0.0370815 28.5965 0.898135 0.439852 0.0130523 55.1413 -0.0280256 0.0275704 0.999366 -0.324538
0.437658 -0.898559 0.0376636 28.9772 0.898789 0.43847 0.0147697 55.9243 -0.0297812 0.027385 0.999325 -0.338806
0.436264 -0.899226 0.0381127 29.3441 0.899424 0.437129 0.0161393 56.6908 -0.0311679 0.0272359 0.999292 -0.35221
0.435027 -0.899798 0.0389275 29.7035 0.899993 0.435939 0.0168643 57.436 -0.0321389 0.0276953 0.999254 -0.363781
0.433801 -0.900364 0.0397159 30.0552 0.900548 0.434767 0.0178004 58.1716 -0.0332878 0.0280414 0.999212 -0.381773
0.43274 -0.900901 0.0392944 30.3952 0.900986 0.433761 0.0202835 58.8971 -0.0353109 0.0266233 0.999187 -0.40652
0.431605 -0.901469 0.0389482 30.7356 0.901442 0.432688 0.0230507 59.6122 -0.037624 0.0251578 0.999147 -0.428406
0.43026 -0.902155 0.038129 31.0561 0.902044 0.431353 0.0246594 60.3084 -0.0386853 0.0237811 0.999147 -0.446726
0.429079 -0.902834 0.0354708 31.3763 0.902695 0.430054 0.0237537 60.9842 -0.0366919 0.0218242 0.999273 -0.44691
0.428 -0.903489 0.0318871 31.6833 0.903401 0.428774 0.0199612 61.6352 -0.0317002 0.0202607 0.999484 -0.447987
0.427069 -0.904076 0.0277273 31.9828 0.904038 0.427635 0.0152645 62.2633 -0.0256522 0.0185451 0.999698 -0.45248
0.426427 -0.904514 0.0232299 32.2719 0.904444 0.426855 0.0132733 62.8793 -0.0219175 0.0153478 0.999848 -0.477512
0.425629 -0.904943 0.0213878 32.556 0.904822 0.426033 0.0143013 63.4935 -0.0220495 0.013263 0.999882 -0.506643
0.424726 -0.905353 0.022337 32.8291 0.905217 0.425169 0.0153402 64.0911 -0.0233803 0.0137023 0.999853 -0.510341
0.424465 -0.905404 0.0253884 33.0988 0.905345 0.424959 0.0139088 64.662 -0.0233769 0.017079 0.999809 -0.494918
0.425169 -0.90496 0.0294109 33.3652 0.905068 0.425676 0.00983348 65.2078 -0.0214136 0.0224351 0.999754 -0.477477
0.427266 -0.903931 0.0308981 33.6227 0.904143 0.427719 0.00620578 65.7354 -0.0188212 0.0252816 0.999746 -0.467543
0.430799 -0.902291 0.0300191 33.8678 0.902505 0.431199 0.00456749 66.2541 -0.0170619 0.0251215 0.99979 -0.478087
0.435354 -0.900176 0.02796 34.0992 0.900316 0.435753 0.00578261 66.7647 -0.0173852 0.0226523 0.999851 -0.498565
0.440595 -0.897641 0.0276399 34.3368 0.897707 0.441064 0.00904231 67.2694 -0.0203025 0.0208255 0.999844 -0.517465
0.446767 -0.894496 0.0306341 34.5786 0.894544 0.44738 0.0124121 67.7572 -0.0248003 0.0218549 0.999729 -0.528853
0.454863 -0.890291 0.0340285 34.8213 0.89032 0.455647 0.0156286 68.2237 -0.0294092 0.0231837 0.999582 -0.525257
0.465926 -0.884516 0.0351138 35.0639 0.88448 0.466808 0.0182058 68.6674 -0.0324833 0.0225711 0.999509 -0.517441
0.479524 -0.877279 0.0337286 35.3121 0.877117 0.480419 0.0206984 69.1019 -0.0343497 0.0196549 0.999516 -0.520738
0.49698 -0.867584 0.0319165 35.5725 0.867313 0.497846 0.0224169 69.5183 -0.0353249 0.0165376 0.999547 -0.539709
0.520757 -0.853512 0.0323428 35.8221 0.853246 0.521632 0.0218953 69.9004 -0.0355454 0.0161909 0.999554 -0.564159
0.544989 -0.838211 0.0333431 36.0929 0.837949 0.545899 0.021638 70.2758 -0.0363249 0.016144 0.999535 -0.571086
0.570877 -0.820742 0.0347916 36.3753 0.820462 0.57185 0.0220823 70.636 -0.0380041 0.0159355 0.999485 -0.575806
0.599178 -0.800236 0.0365943 36.6669 0.799916 0.600239 0.0230768 70.9819 -0.0404152 0.0154418 0.999407 -0.585185
0.630428 -0.775794 0.0378936 36.9733 0.775414 0.631558 0.0241403 71.3005 -0.0426415 0.0141612 0.999342 -0.598251
0.664434 -0.746814 0.0390916 37.2737 0.746392 0.665617 0.0245457 71.6073 -0.0443315 0.0128654 0.999295 -0.616912
0.699534 -0.714033 0.0392307 37.5712 0.713566 0.700717 0.0245544 71.9032 -0.0450019 0.0108142 0.999299 -0.631855
0.738201 -0.674071 0.0375821 37.8721 0.673576 0.739291 0.0237891 72.18 -0.0437998 0.00775102 0.999389 -0.630997
0.776319 -0.629876 0.0361085 38.1781 0.629353 0.777327 0.0232051 72.433 -0.0426651 0.00470876 0.999466 -0.641687
0.813336 -0.58134 0.03524 38.4858 0.580765 0.814289 0.0234123 72.6501 -0.0422866 0.00142307 0.999501 -0.654055
0.848183 -0.529242 0.0345702 38.7981 0.528646 0.849085 0.0230381 72.84 -0.0415266 -0.00126551 0.999542 -0.676967
0.880773 -0.473039 0.0342841 39.1459 0.472473 0.881641 0.0214694 72.9955 -0.0403635 -0.00271131 0.999595 -0.699633
0.909991 -0.414045 0.034377 39.5135 0.413509 0.910843 0.0198855 73.1215 -0.0395273 -0.00388006 0.999634 -0.713912
0.935067 -0.353717 0.0350939 39.8981 0.353173 0.935925 0.0192134 73.2166 -0.0396228 -0.00557083 0.999631 -0.721814
0.95588 -0.292668 0.036608 40.2931 0.292055 0.956764 0.0198796 73.2917 -0.0408237 -0.0083094 0.999573 -0.727664
0.972449 -0.231384 0.0388462 40.6899 0.230672 0.973381 0.0209433 73.3457 -0.0426371 -0.0114032 0.999475 -0.739353
0.984877 -0.170486 0.0408197 41.075 0.169716 0.985853 0.0209152 73.3741 -0.0437859 -0.0136681 0.999407 -0.758123
0.993216 -0.112112 0.040999 41.4555 0.111453 0.994205 0.0174748 73.3812 -0.042699 -0.0127838 0.999474 -0.775673
0.998039 -0.0547799 0.0407491 41.83 0.0541786 0.99901 0.015379 73.3797 -0.0415303 -0.0131379 0.999528 -0.777864
0.999592 0.00113034 0.0396828 42.2133 -0.00176222 1.00048 0.0157706 73.3646 -0.0396641 -0.01583 0.999574 -0.764014
0.998154 0.0546309 0.0385483 42.5962 -0.0553506 0.998921 0.0179572 73.3244 -0.037507 -0.0200524 0.999591 -0.767345
0.994465 0.102255 0.037261 42.9769 -0.10297 0.995145 0.0181338 73.2859 -0.0352086 -0.0218642 0.999646 -0.828652
0.988865 0.14716 0.0363294 43.3544 -0.147707 0.989578 0.0133682 73.2276 -0.0339671 -0.0185802 0.999765 -0.868618
0.981798 0.188688 0.0364393 43.7137 -0.189032 0.982596 0.00689461 73.1556 -0.0344872 -0.0136533 0.999836 -0.881329
0.973606 0.227383 0.0356816 44.019 -0.227564 0.974422 0.0019056 73.0953 -0.0343187 -0.00997224 0.999895 -0.852131
0.964684 0.262902 0.0343415 44.3054 -0.263035 0.96546 0.000373435 73.0425 -0.033041 -0.00939051 0.999954 -0.806489
0.956207 0.292478 0.0326636 44.6253 -0.292821 0.956825 0.00745409 73.0098 -0.0290597 -0.016687 0.999992 -0.802253
0.947893 0.318594 0.0310785 44.9853 -0.319124 0.948288 0.0154422 72.9611 -0.0245413 -0.0245474 0.999961 -0.831724
0.940042 0.341238 0.0295693 45.3882 -0.341856 0.940227 0.021197 72.8899 -0.0205611 -0.0300244 0.999911 -0.882226
0.93263 0.361392 0.0249276 45.7898 -0.361868 0.932721 0.0210042 72.7709 -0.0156561 -0.0285999 1.00005 -0.881234
0.925158 0.380514 0.0185574 46.1896 -0.380793 0.9252 0.0193041 72.6292 -0.00982492 -0.0249175 1.00023 -0.880483
0.917872 0.398013 0.0132912 46.6007 -0.398153 0.917908 0.0174584 72.4668 -0.00525631 -0.0213095 1.00036 -0.895195
0.911136 0.413266 0.0122262 47.0295 -0.413371 0.9112 0.0154505 72.2818 -0.00476084 -0.0191252 1.00042 -0.919607
0.904663 0.427254 0.0131334 47.4722 -0.42736 0.904772 0.0129647 72.0882 -0.00634793 -0.0173357 1.00045 -0.928082
0.898427 0.440163 0.0156781 47.906 -0.440293 0.898588 0.010677 71.8713 -0.0093907 -0.01649 1.00045 -0.924258
0.892819 0.451365 0.0181912 48.3413 -0.451506 0.893044 0.00800292 71.642 -0.0126329 -0.0153535 1.00044 -0.915185
0.887836 0.461073 0.0193466 48.8014 -0.461204 0.8881 0.00591615 71.3929 -0.0144521 -0.0141706 1.00045 -0.906036
0.883651 0.469053 0.0197657 49.258 -0.469183 0.883925 0.00530176 71.1402 -0.0149824 -0.0139539 1.00045 -0.902447
0.880372 0.475225 0.0193124 49.7281 -0.475349 0.880636 0.00514932 70.8903 -0.0145583 -0.0137088 1.00047 -0.911443
0.877979 0.479701 0.0182363 50.2049 -0.479825 0.87821 0.00605666 70.6374 -0.0131093 -0.014063 1.00049 -0.920161
0.875653 0.483995 0.0173119 50.6891 -0.484124 0.875848 0.00738953 70.3747 -0.0115867 -0.0148465 1.00051 -0.937441
0.873506 0.487928 0.0161467 51.2053 -0.488038 0.873688 0.00703359 70.0889 -0.0106768 -0.0140192 1.00054 -0.9501
0.871734 0.491126 0.0157548 51.7537 -0.491227 0.871914 0.0064903 69.7904 -0.010551 -0.0133924 1.00056 -0.953393
0.870188 0.493877 0.0160491 52.32 -0.493984 0.870367 0.00643853 69.4695 -0.0107903 -0.013526 1.00057 -0.955169
0.868931 0.496119 0.0158474 52.8921 -0.496212 0.869119 0.00523673 69.1347 -0.0111766 -0.0124099 1.00059 -0.963586
0.868252 0.497353 0.0151817 53.4773 -0.497411 0.868457 0.00267566 68.7753 -0.0118548 -0.00987203 1.00062 -0.969165
0.868154 0.497561 0.0148309 54.0735 -0.497597 0.868366 0.000931373 68.4164 -0.0124157 -0.00818672 1.00064 -0.980085
0.868997 0.496134 0.0140415 54.6953 -0.496139 0.869212 -0.00133879 68.0532 -0.0128695 -0.005803 1.00066 -0.990446
0.87073 0.493152 0.0125586 55.339 -0.493115 0.870934 -0.00430704 67.6977 -0.013062 -0.0024447 1.00068 -0.994832
0.872915 0.489328 0.0113078 55.9963 -0.489259 0.873103 -0.00679895 67.3386 -0.0132 0.000398337 1.00069 -1.00053
0.875378 0.484944 0.0107689 56.6644 -0.484856 0.875553 -0.00851297 66.9842 -0.0135571 0.00222521 1.00069 -1.01158
0.877737 0.480681 0.0110088 57.3397 -0.480575 0.877908 -0.00988447 66.6162 -0.0144153 0.00337899 1.00069 -1.02227
0.880035 0.476456 0.0121875 58.0328 -0.476332 0.880216 -0.0109756 66.2448 -0.0159549 0.00384674 1.00067 -1.04872
0.881971 0.472798 0.0153334 58.7378 -0.472704 0.882205 -0.00893026 65.8554 -0.0177456 0.000623398 1.00066 -1.06115
0.883963 0.468994 0.0179831 59.4515 -0.468947 0.88424 -0.00665171 65.4717 -0.0190159 -0.00255567 1.00064 -1.06594
0.885779 0.465543 0.0189508 60.1751 -0.465563 0.886057 -0.00342611 65.0864 -0.0183818 -0.00578811 1.00065 -1.04809
0.887328 0.462674 0.0173229 60.9004 -0.462748 0.887548 0.000307685 64.7075 -0.0152306 -0.0082875 1.0007 -1.02749
0.888349 0.460798 0.0156497 61.6203 -0.46093 0.888487 0.00580454 64.3192 -0.0112315 -0.0123652 1.00072 -1.01857
0.889008 0.459585 0.0146384 62.3508 -0.459754 0.889061 0.0107854 63.9221 -0.0080622 -0.0163107 1.0007 -1.03513
0.889317 0.459021 0.0144323 63.09 -0.459211 0.889313 0.0137654 63.5337 -0.00652219 -0.0188596 1.00068 -1.0527
0.889384 0.45891 0.0146979 63.8382 -0.459107 0.889381 0.0135781 63.1445 -0.00684669 -0.0188142 1.00069 -1.06363
0.889485 0.458681 0.0165107 64.5767 -0.458922 0.889477 0.014288 62.7569 -0.00813684 -0.0202749 1.00066 -1.06958
0.889495 0.458602 0.0188004 65.308 -0.4589 0.889489 0.0149321 62.3782 -0.00987783 -0.0218967 1.00062 -1.06494
0.889461 0.458604 0.0209063 66.0374 -0.458966 0.889447 0.0160904 62.011 -0.0112176 -0.0238922 1.00057 -1.05676
0.889242 0.458988 0.0223558 66.7711 -0.459407 0.889202 0.0176158 61.6434 -0.0117945 -0.0259184 1.00052 -1.0443
0.888769 0.459886 0.0232352 67.5065 -0.460352 0.888688 0.0193853 61.2809 -0.0117349 -0.0279067 1.00048 -1.03766
0.887672 0.461965 0.0244494 68.2318 -0.462494 0.887539 0.0214604 60.9157 -0.0117868 -0.0303363 1.00042 -1.03985
0.885832 0.465425 0.0260032 68.9535 -0.466025 0.885661 0.0230671 60.5408 -0.0122944 -0.0325282 1.00035 -1.04556
0.883184 0.470325 0.028289 69.6804 -0.471021 0.882991 0.0243533 60.1597 -0.0135241 -0.0348071 1.00027 -1.05912
0.879825 0.4765 0.0299951 70.4162 -0.477267 0.879625 0.0249505 59.7602 -0.0144937 -0.03624 1.00022 -1.06334
0.875927 0.48359 0.0309908 71.1615 -0.484403 0.875712 0.0254942 59.3456 -0.0148081 -0.0373139 1.00018 -1.05923
0.871449 0.491645 0.0308955 71.893 -0.492451 0.871231 0.0252405 58.9308 -0.0145059 -0.037181 1.0002 -1.04744
0.866202 0.500906 0.0300429 72.6089 -0.501674 0.865982 0.0246739 58.5326 -0.0136564 -0.0364155 1.00025 -1.05642
0.860543 0.510582 0.030198 73.3087 -0.511358 0.860304 0.0249031 58.1385 -0.0132638 -0.0368426 1.00025 -1.06216
0.854522 0.520591 0.0306755 73.9946 -0.521381 0.85429 0.0245594 57.7332 -0.0134197 -0.0369502 1.00025 -1.06305
0.848287 0.530688 0.0310964 74.6739 -0.531487 0.848067 0.0240481 57.3279 -0.013609 -0.0368968 1.00026 -1.05961
0.841897 0.540781 0.0312754 75.3396 -0.541582 0.841679 0.0237177 56.9206 -0.0134971 -0.0368755 1.00028 -1.05385
0.835568 0.550507 0.0317064 75.9895 -0.551331 0.835326 0.0242147 56.4984 -0.0131544 -0.037682 1.00026 -1.04664
0.829345 0.559882 0.0313357 76.6361 -0.560699 0.829066 0.0247086 56.0726 -0.0121461 -0.0380293 1.00027 -1.0436
0.823456 0.568578 0.0304252 77.2669 -0.569363 0.823145 0.0250219 55.6455 -0.0108195 -0.0378949 1.0003 -1.04451
0.817897 0.57663 0.0292131 77.8807 -0.57737 0.817562 0.0250504 55.2143 -0.00944229 -0.0373232 1.00035 -1.04828
0.812559 0.584208 0.028042 78.4767 -0.584895 0.81224 0.0240284 54.7744 -0.0087437 -0.0358952 1.00042 -1.04974
0.8074 0.591344 0.027902 79.0662 -0.592023 0.807088 0.0235555 54.3306 -0.00859466 -0.0355066 1.00045 -1.04274
0.802473 0.598037 0.0278588 79.6589 -0.598698 0.802214 0.0217689 53.8872 -0.00933417 -0.0341185 1.0005 -1.03434
0.797905 0.604105 0.0285609 80.2526 -0.604775 0.797701 0.0201234 53.4457 -0.0106292 -0.0333007 1.00053 -1.02336
0.794097 0.609074 0.0295879 80.8431 -0.609756 0.793963 0.0180743 53.0031 -0.0124841 -0.0323661 1.00055 -1.02208
0.791593 0.612321 0.0300741 81.4306 -0.612979 0.791556 0.0149827 52.5644 -0.0146299 -0.0302691 1.00059 -1.01942
0.789941 0.614453 0.030471 82.0023 -0.615092 0.789969 0.012773 52.1258 -0.0162198 -0.028808 1.00062 -1.02402
0.789269 0.615319 0.0308473 82.5542 -0.615966 0.789307 0.0124121 51.7003 -0.0167071 -0.0287727 1.00063 -1.03381
0.789499 0.615098 0.0297737 83.0985 -0.615703 0.789539 0.0115537 51.285 -0.0163977 -0.0274303 1.00068 -1.03181
0.790954 0.613335 0.0279483 83.6347 -0.613882 0.790981 0.0107572 50.8689 -0.0155067 -0.0256445 1.00076 -1.02184
0.793853 0.609665 0.0265302 84.158 -0.610183 0.793849 0.0110333 50.4699 -0.0143336 -0.024927 1.0008 -1.02185
0.797917 0.604405 0.0254801 84.675 -0.604909 0.797879 0.0116987 50.0875 -0.0132597 -0.0247278 1.00084 -1.02525
0.80337 0.59716 0.0255399 85.1742 -0.597686 0.803293 0.0131342 49.7241 -0.0126739 -0.0257948 1.00083 -1.02858
0.810529 0.5874 0.0262683 85.666 -0.587973 0.810409 0.015031 49.3911 -0.0124601 -0.0276039 1.00079 -1.03578
0.818818 0.575814 0.0263257 86.1553 -0.576411 0.818655 0.0165705 49.0705 -0.0120118 -0.0287166 1.00078 -1.04029
0.828827 0.56139 0.0252543 86.6423 -0.561977 0.828609 0.0180582 48.7744 -0.0107913 -0.0291326 1.00079 -1.04438
0.842013 0.541566 0.0224989 87.1001 -0.542098 0.841712 0.0200879 48.5141 -0.00806488 -0.029084 1.00083 -1.0381
0.856004 0.519279 0.0206766 87.5694 -0.51978 0.855634 0.0220425 48.2501 -0.00625374 -0.029588 1.00084 -1.02788
0.871065 0.493668 0.0198588 88.0344 -0.494161 0.870662 0.0230326 47.9997 -0.00592864 -0.0298481 1.00085 -1.0266
0.887346 0.463777 0.0205763 88.5141 -0.4643 0.886955 0.02292 47.7748 -0.00762744 -0.029863 1.00085 -1.03768
0.904112 0.430152 0.0220852 89.0165 -0.430723 0.903759 0.0222592 47.5822 -0.0103887 -0.0296088 1.00084 -1.044
0.921185 0.392121 0.0252223 89.504 -0.392783 0.920902 0.0215602 47.4087 -0.0147719 -0.0297385 1.0008 -1.05382
0.939501 0.345621 0.0300873 89.9744 -0.34643 0.939326 0.0214543 47.2916 -0.0208385 -0.0305482 1.00068 -1.05922
0.956402 0.295165 0.0351998 90.4644 -0.296163 0.956334 0.0228753 47.1909 -0.0268954 -0.0322682 1.00049 -1.05949
0.971368 0.241153 0.0374317 90.9608 -0.24224 0.971371 0.0239118 47.1053 -0.0305737 -0.0322595 1.0004 -1.07603
0.984248 0.182043 0.0357173 91.4666 -0.18301 0.98429 0.0222883 47.0554 -0.0310784 -0.0284445 1.00051 -1.06872
0.993891 0.119733 0.0323873 91.963 -0.120542 0.993913 0.0206388 47.0352 -0.0297004 -0.0243939 1.00067 -1.05367
0.999781 0.053911 0.0279425 92.4492 -0.0545382 0.999755 0.0184655 47.0522 -0.0269252 -0.0199697 1.00086 -1.04813
1.00129 -0.013639 0.0231051 92.9367 0.0131427 1.00117 0.0175671 47.1071 -0.0233614 -0.017275 1.00101 -1.04526
0.998047 -0.0829903 0.0185806 93.4165 0.0825693 0.997843 0.0182695 47.2025 -0.0200503 -0.0166898 1.0011 -1.06814
0.989815 -0.152969 0.0152566 93.8843 0.152601 0.989551 0.0189355 47.326 -0.0179899 -0.0164051 1.00116 -1.10955
0.976515 -0.222762 0.0138571 94.3432 0.222437 0.97625 0.0182263 47.4613 -0.017585 -0.0147093 1.00121 -1.14982
0.958411 -0.290961 0.0146364 94.7928 0.290651 0.958184 0.0174154 47.616 -0.0190868 -0.0124339 1.00122 -1.1564
0.935812 -0.356888 0.0182484 95.2322 0.356551 0.935676 0.0175362 47.7942 -0.0233233 -0.00990462 1.00117 -1.15703
0.909057 -0.420135 0.0238424 95.6571 0.419725 0.909073 0.0193245 47.9884 -0.0297757 -0.00756329 1.00103 -1.15381
0.878834 -0.479786 0.0306147 96.055 0.479256 0.879085 0.022671 48.1977 -0.0377624 -0.00525788 1.00079 -1.15619
0.845976 -0.535245 0.0365029 96.4242 0.534568 0.846491 0.0268225 48.4237 -0.0452184 -0.00318631 1.0005 -1.15741
0.814252 -0.582249 0.0385824 96.793 0.581374 0.814892 0.0319984 48.6797 -0.0500272 -0.00363075 1.00029 -1.16437
0.782402 -0.624391 0.0387901 97.1563 0.623227 0.783076 0.0385885 48.9672 -0.0544187 -0.00601834 1.00006 -1.18751
0.751492 -0.661431 0.0361341 97.5243 0.660058 0.752045 0.0436006 49.2734 -0.055959 -0.00891099 0.999965 -1.21511
0.722365 -0.693299 0.0327832 97.8871 0.691847 0.72277 0.0462467 49.5812 -0.0557027 -0.0107188 0.999974 -1.25155
0.694863 -0.720937 0.031313 98.2394 0.719577 0.695254 0.0453643 49.9054 -0.054422 -0.00898566 1.00007 -1.28809
0.671107 -0.742931 0.0353988 98.5847 0.741898 0.671787 0.0394096 50.2312 -0.0530088 -0.000197163 1.0002 -1.34281
0.651356 -0.760218 0.0375242 98.956 0.759393 0.652168 0.0360425 50.5678 -0.0518241 0.00499829 1.00027 -1.35747
0.635855 -0.773236 0.0377022 99.329 0.772459 0.636693 0.0354972 50.9304 -0.0514047 0.00652879 1.00029 -1.36663
0.623356 -0.78343 0.0363003 99.6938 0.782536 0.624152 0.0378799 51.3263 -0.0522832 0.0047735 1.00027 -1.37861
0.615003 -0.790174 0.0328264 100.066 0.789212 0.615639 0.0390689 51.737 -0.0510311 0.00186445 1.00036 -1.37478
0.611824 -0.792882 0.0268429 100.447 0.791823 0.612167 0.0410832 52.1559 -0.0489587 -0.00388574 1.00047 -1.38731
0.613378 -0.791817 0.023161 100.845 0.790843 0.613558 0.0395082 52.5798 -0.0454507 -0.00591834 1.00063 -1.42402
0.616688 -0.7893 0.0218836 101.23 0.788594 0.616843 0.0331153 52.9945 -0.0396026 -0.00317193 1.00091 -1.45791
0.620077 -0.78673 0.0192612 101.588 0.786178 0.620149 0.0289371 53.4193 -0.0346839 -0.00280922 1.0011 -1.49468
0.623775 -0.783904 0.0155951 101.94 0.783351 0.623724 0.0292136 53.861 -0.0326036 -0.00600941 1.00117 -1.52928
0.627875 -0.780703 0.0123658 102.297 0.780073 0.627697 0.0321513 54.3169 -0.0328369 -0.0105353 1.00114 -1.54899
0.63216 -0.777286 0.0104694 102.666 0.776514 0.631858 0.0368246 54.7892 -0.0352077 -0.0151347 1.00101 -1.56692
0.636121 -0.774053 0.0116823 103.042 0.773049 0.635775 0.0422714 55.2849 -0.0401079 -0.0178376 1.00079 -1.5929
0.639591 -0.771146 0.0153055 103.435 0.769862 0.639314 0.0470947 55.7856 -0.0460516 -0.0183146 1.00054 -1.63076
0.642426 -0.768638 0.0222154 103.848 0.76719 0.64247 0.0480208 56.2851 -0.0511247 -0.0137897 1.00038 -1.66145
0.644714 -0.766491 0.0296259 104.27 0.765159 0.645181 0.0442068 56.8065 -0.0529374 -0.00582949 1.00037 -1.6788
0.646309 -0.764978 0.0341543 104.682 0.763981 0.647026 0.0374154 57.3308 -0.0506646 0.00189948 1.00052 -1.6857
0.647287 -0.76412 0.0352838 105.102 0.763531 0.648018 0.0288018 57.8801 -0.0448275 0.00827256 1.00077 -1.6892
0.646793 -0.764663 0.0329676 105.513 0.764368 0.647355 0.0209236 58.4416 -0.0373097 0.0116337 1.00106 -1.69467
0.645304 -0.766167 0.0272208 105.917 0.765877 0.645652 0.0189337 59.0125 -0.0320585 0.00860198 1.00128 -1.71883
0.642385 -0.76882 0.0214349 106.358 0.768258 0.642578 0.0263548 59.578 -0.0340071 -0.000472965 1.00127 -1.76342
0.639616 -0.771241 0.0177441 106.811 0.770369 0.63964 0.0352335 60.1384 -0.0384845 -0.00886019 1.00108 -1.8079
0.63735 -0.77316 0.0166151 107.287 0.771999 0.637252 0.0424621 60.7098 -0.0433686 -0.0142188 1.00083 -1.84086
0.635055 -0.775079 0.0160659 107.78 0.773737 0.634876 0.0465631 61.2844 -0.0462341 -0.0171154 1.00067 -1.86549
0.632774 -0.777012 0.0135433 108.288 0.775662 0.632469 0.0475569 61.8657 -0.0454626 -0.0195588 1.00067 -1.87234
0.629977 -0.779328 0.0120063 108.809 0.778079 0.629647 0.0458021 62.4619 -0.0432031 -0.0194836 1.00078 -1.89272
0.626683 -0.78202 0.0106676 109.316 0.780897 0.626357 0.0432002 63.0917 -0.0404187 -0.0187151 1.00093 -1.92965
0.623063 -0.784917 0.0115724 109.812 0.783867 0.622825 0.0407439 63.7436 -0.0391443 -0.0162918 1.00103 -1.97403
0.619898 -0.787422 0.0127941 110.31 0.786401 0.619737 0.0393431 64.3997 -0.0388652 -0.0143077 1.00108 -2.00612
0.617825 -0.789043 0.0144077 110.818 0.788006 0.61774 0.0390079 65.0603 -0.0396342 -0.0127294 1.00109 -2.03998
0.616963 -0.789675 0.0175477 111.341 0.788592 0.617011 0.0390695 65.71 -0.0416304 -0.0102531 1.00104 -2.06617
0.616764 -0.789786 0.0202765 111.86 0.788639 0.616929 0.0397814 66.3621 -0.0438743 -0.00853404 1.00098 -2.10021
0.617319 -0.789322 0.0221986 112.375 0.788146 0.617573 0.0399186 67.0239 -0.0451614 -0.00713796 1.00094 -2.13657
0.618188 -0.788666 0.0221199 112.881 0.787482 0.618444 0.0398931 67.6918 -0.0450854 -0.00723318 1.00096 -2.17245
0.619233 -0.787958 0.0185936 113.386 0.786761 0.619331 0.0407206 68.3614 -0.043547 -0.0105713 1.00101 -2.20296
0.620814 -0.786841 0.0133995 113.892 0.785601 0.620663 0.0431244 69.0345 -0.0421951 -0.0162194 1.001 -2.22932
0.622559 -0.785566 0.00707779 114.414 0.784267 0.622063 0.0473919 69.7193 -0.0415781 -0.0239123 1.00088 -2.25213
0.624479 -0.784093 0.00204628 114.948 0.782772 0.623681 0.0510115 70.4148 -0.0412188 -0.0302003 1.00074 -2.27907
0.6264 -0.782583 0.000413105 115.494 0.781286 0.625525 0.0515318 71.1025 -0.0405319 -0.0318995 1.00073 -2.3064
0.628327 -0.781056 0.00233767 116.052 0.77978 0.6276 0.0493673 71.7981 -0.0399727 -0.0291432 1.00085 -2.32763
0.629665 -0.779972 0.00704359 116.611 0.778742 0.629245 0.0449159 72.4822 -0.0394144 -0.0227557 1.00104 -2.35324
0.630589 -0.77921 0.0103244 117.169 0.778022 0.630366 0.0419322 73.1706 -0.0391324 -0.0183761 1.00116 -2.37741
0.631619 -0.778385 0.0112764 117.735 0.777173 0.631441 0.041877 73.8667 -0.0396655 -0.0176542 1.00116 -2.40451
0.632718 -0.77752 0.0108974 118.299 0.776167 0.632467 0.0452798 74.5583 -0.0420405 -0.0201532 1.00103 -2.43198
0.633678 -0.776761 0.0109373 118.852 0.77518 0.633327 0.0502406 75.2488 -0.045884 -0.0233127 1.0008 -2.48434
0.634498 -0.776116 0.0108646 119.396 0.774399 0.634083 0.0529906 75.9207 -0.0479422 -0.0251592 1.00068 -2.52046
0.635026 -0.775726 0.00944127 119.919 0.77441 0.634752 0.0444443 76.5466 -0.0404141 -0.0208713 1.00112 -2.53223
0.635388 -0.775472 0.00782767 120.439 0.774518 0.635238 0.0350186 77.1788 -0.0320936 -0.0161573 1.00152 -2.54559
0.635197 -0.775665 0.00650462 120.959 0.774895 0.635104 0.0290813 77.8348 -0.0266672 -0.0134075 1.00173 -2.55928
0.634882 -0.775922 0.00896625 121.493 0.775122 0.634867 0.0287566 78.5001 -0.0279811 -0.0112861 1.00173 -2.59282
0.634384 -0.77625 0.0155438 122.052 0.775218 0.634537 0.0336238 79.1793 -0.0359198 -0.00926152 1.00151 -2.6438
0.633557 -0.776825 0.020861 122.594 0.775488 0.633874 0.0398029 79.8534 -0.0440786 -0.0090195 1.0012 -2.68102
0.632102 -0.777994 0.0223705 123.111 0.776325 0.63243 0.0463327 80.517 -0.0501132 -0.0118929 1.0009 -2.72798
0.630679 -0.77922 0.0206719 123.627 0.77739 0.630884 0.0497726 81.1726 -0.0517386 -0.015286 1.00078 -2.77471
0.629418 -0.780356 0.0168995 124.134 0.778582 0.629442 0.0497303 81.8158 -0.0493626 -0.0181039 1.00087 -2.80545
0.627326 -0.782137 0.0131352 124.644 0.780466 0.627198 0.0488872 82.4576 -0.0463994 -0.0203729 1.00098 -2.85726
0.624811 -0.784228 0.00945249 125.141 0.782678 0.624554 0.0476936 83.0985 -0.043238 -0.0223538 1.00109 -2.89995
0.621474 -0.786932 0.00650514 125.64 0.785521 0.621151 0.0457116 83.7439 -0.0399524 -0.0232496 1.00122 -2.921
0.617711 -0.789937 0.00340049 126.146 0.788647 0.617316 0.0441857 84.3974 -0.0369501 -0.0245607 1.00132 -2.93146
0.614336 -0.7926 0.000267256 126.648 0.791378 0.613839 0.0441795 85.0492 -0.0351317 -0.0268734 1.00134 -2.94047
0.612742 -0.793859 -0.000290468 127.167 0.792594 0.612197 0.0455539 85.7128 -0.0359337 -0.0280838 1.00129 -2.94306
0.611515 -0.794831 0.000389862 127.692 0.793459 0.610946 0.0476342 86.3841 -0.038041 -0.028758 1.0012 -2.95941
0.610622 -0.795542 0.00196926 128.215 0.794033 0.610064 0.0497178 87.0557 -0.0406878 -0.0287323 1.00111 -2.99544
0.609467 -0.796448 0.00329454 128.72 0.794839 0.608938 0.0509984 87.725 -0.0425518 -0.0283999 1.00106 -3.02903
0.60762 -0.797873 0.00542199 129.209 0.796245 0.607223 0.0498254 88.3839 -0.0429734 -0.0258983 1.00112 -3.05733
0.604359 -0.800362 0.00693344 129.68 0.798787 0.604096 0.0474498 89.0438 -0.0420945 -0.0230838 1.00124 -3.0761
0.59958 -0.803964 0.0081971 130.143 0.802427 0.599423 0.0456014 89.7016 -0.041506 -0.0207136 1.00133 -3.105
0.594012 -0.808095 0.0100774 130.599 0.806522 0.593953 0.0452937 90.3569 -0.0425146 -0.01873 1.00134 -3.1508
0.588434 -0.812173 0.0116766 131.06 0.810456 0.588414 0.0476472 91.0003 -0.0454866 -0.0185258 1.00122 -3.22202
0.583441 -0.815778 0.0128342 131.523 0.813829 0.583411 0.0518204 91.6442 -0.0496663 -0.0197378 1.00102 -3.29341
0.579115 -0.818871 0.0135394 131.992 0.816697 0.579056 0.0557287 92.296 -0.0533673 -0.0211603 1.00081 -3.33632
0.574636 -0.822042 0.0139848 132.464 0.819782 0.574592 0.0569158 92.9535 -0.0547103 -0.0211851 1.00075 -3.33895
0.569884 -0.825355 0.0149638 132.933 0.823259 0.56998 0.0533061 93.6091 -0.0524196 -0.0180088 1.00095 -3.31677
0.564794 -0.828888 0.0143177 133.39 0.826943 0.564923 0.0503424 94.2784 -0.0497182 -0.0165455 1.00112 -3.31739
0.559191 -0.832748 0.0117619 133.842 0.830905 0.559235 0.0489182 94.96 -0.0472225 -0.017532 1.00124 -3.33631
0.552838 -0.837049 0.0084298 134.289 0.835284 0.552756 0.0482923 95.6582 -0.0449967 -0.0196029 1.00132 -3.36366
0.545616 -0.84184 0.00373143 134.725 0.840157 0.545341 0.0483927 96.3822 -0.0426938 -0.0232082 1.00135 -3.39565
0.538067 -0.846724 0.000634131 135.166 0.84516 0.537714 0.0469037 97.1106 -0.0399831 -0.0246378 1.00145 -3.43056
0.530425 -0.851563 -0.00045035 135.606 0.850086 0.530091 0.0449607 97.8397 -0.0379816 -0.024168 1.00155 -3.46736
0.52317 -0.856069 -0.00134722 136.038 0.854604 0.522818 0.0447971 98.5742 -0.0375792 -0.0245234 1.00157 -3.52371
0.516239 -0.860294 -0.00269104 136.474 0.858752 0.515785 0.0472754 99.3045 -0.0392107 -0.026647 1.00146 -3.57442
0.509327 -0.864434 -0.00289619 136.899 0.862761 0.508796 0.0502451 100.033 -0.0418783 -0.0280167 1.00133 -3.62008
0.503024 -0.868148 -0.00232293 137.322 0.8663 0.502437 0.0535536 100.764 -0.0452317 -0.028875 1.00118 -3.64877
0.497623 -0.871287 -0.00112365 137.737 0.869252 0.497023 0.0564665 101.487 -0.0485346 -0.0289983 1.00103 -3.67395
0.493348 -0.873742 -0.00158872 138.147 0.871596 0.492673 0.0587031 102.22 -0.0503958 -0.0302648 1.00091 -3.68096
0.490004 -0.87564 -0.00439178 138.543 0.873525 0.489175 0.0595735 102.956 -0.0499042 -0.0329407 1.00087 -3.69007
0.487517 -0.877024 -0.00852443 138.934 0.875083 0.486532 0.0586649 103.684 -0.0471985 -0.0359663 1.00091 -3.71458
0.485209 -0.878287 -0.0122206 139.323 0.876496 0.484086 0.0581184 104.408 -0.0450304 -0.0388112 1.00092 -3.74107
0.483146 -0.879411 -0.0148213 139.714 0.877678 0.481889 0.0588559 105.149 -0.0445186 -0.0413387 1.00085 -3.76473
0.481003 -0.880599 -0.0155562 140.114 0.87875 0.4796 0.0617821 105.9 -0.0468377 -0.0432766 1.00068 -3.79008
0.478022 -0.882284 -0.0134108 140.513 0.880208 0.476631 0.0642465 106.641 -0.0501723 -0.0424049 1.00056 -3.82523
0.474117 -0.88447 -0.00926921 140.899 0.882205 0.472947 0.0643546 107.36 -0.0524078 -0.0385841 1.00062 -3.87502
0.468705 -0.887421 -0.0032256 141.284 0.885095 0.46798 0.0611413 108.067 -0.0526193 -0.03142 1.00087 -3.92971
0.462371 -0.890774 0.000123036 141.651 0.888476 0.461917 0.0584129 108.776 -0.0519618 -0.0268148 1.00105 -3.98988
0.455653 -0.894259 0.000738289 142.014 0.891977 0.455272 0.0574564 109.496 -0.0515898 -0.0254393 1.00112 -4.04324
0.448469 -0.897915 0.000268404 142.37 0.895646 0.44809 0.0570925 110.232 -0.0512573 -0.025281 1.00115 -4.08239
0.441448 -0.901419 0.000286858 142.719 0.899151 0.441095 0.0567364 110.972 -0.051142 -0.0247058 1.00118 -4.10305
0.435185 -0.904488 0.00186266 143.078 0.902179 0.434935 0.0564908 111.725 -0.0517744 -0.0228239 1.00121 -4.10924
0.429545 -0.907194 0.00565439 143.457 0.904878 0.42954 0.0548707 112.49 -0.0520741 -0.0183811 1.0013 -4.12352
0.424234 -0.909645 0.0129028 143.834 0.907481 0.424687 0.049714 113.253 -0.0505736 -0.00932642 1.00151 -4.14626
0.418848 -0.91205 0.0194868 144.22 0.910194 0.419668 0.0425573 114.01 -0.0468774 -5.08985e-05 1.00175 -4.17199
0.412954 -0.914718 0.0215499 144.585 0.913033 0.413873 0.0386871 114.788 -0.044201 0.00372981 1.00187 -4.21711
0.40702 -0.91743 0.0204345 144.925 0.915696 0.407903 0.0395312 115.589 -0.0444947 0.00265378 1.00187 -4.26486
0.40216 -0.919621 0.0194511 145.266 0.91767 0.403017 0.0440102 116.403 -0.048189 0.00018712 1.00172 -4.31738
0.398353 -0.921297 0.0198492 145.609 0.919086 0.39924 0.0489845 117.216 -0.0529118 -0.00123079 1.00149 -4.3452
0.395792 -0.922402 0.021024 145.952 0.920021 0.396753 0.0519247 118.018 -0.0560812 -0.00116983 1.00133 -4.36892
0.394569 -0.923074 0.0148435 146.267 0.920796 0.395215 0.050257 118.791 -0.0521161 -0.00611353 1.00154 -4.39914
0.393225 -0.92375 0.00898859 146.566 0.921639 0.393614 0.0476959 119.561 -0.0474732 -0.010414 1.00175 -4.44361
0.39176 -0.924413 0.00755367 146.874 0.922465 0.392132 0.0442132 120.342 -0.0437233 -0.0102958 1.00193 -4.4966
0.390423 -0.925004 0.00782991 147.197 0.923151 0.390844 0.041674 121.124 -0.0415068 -0.00898726 1.00205 -4.53415
0.389841 -0.925238 0.0114545 147.526 0.923362 0.390429 0.0413708 121.898 -0.0426425 -0.0055027 1.00204 -4.5682
0.388974 -0.925596 0.0139322 147.854 0.923652 0.389677 0.0424484 122.683 -0.0446027 -0.0035977 1.00197 -4.58835
0.387872 -0.926082 0.0142282 148.178 0.924046 0.388595 0.0442248 123.477 -0.0463603 -0.00396033 1.00191 -4.60225
0.386317 -0.926769 0.0136417 148.511 0.924728 0.387026 0.0441488 124.261 -0.0460712 -0.00439389 1.00193 -4.62215
0.384472 -0.927527 0.0159414 148.853 0.925655 0.385306 0.0400191 125.049 -0.0431478 -0.000590194 1.00208 -4.64452
0.382774 -0.92823 0.0174838 149.18 0.926497 0.383681 0.036469 125.839 -0.0404567 0.00227397 1.0022 -4.67649
0.381012 -0.92894 0.0196294 149.496 0.927317 0.382005 0.0336242 126.642 -0.0386368 0.00542027 1.00227 -4.70341
0.379705 -0.929426 0.0229835 149.822 0.92788 0.380827 0.0320057 127.455 -0.038403 0.0091947 1.00227 -4.72308
0.378879 -0.929724 0.0255466 150.14 0.928211 0.380108 0.031553 128.262 -0.0389461 0.0117741 1.00223 -4.73729
0.379029 -0.929742 0.0235645 150.451 0.928162 0.380204 0.0324697 129.043 -0.039047 0.00958464 1.00226 -4.73728
0.378844 -0.929938 0.019562 150.75 0.928257 0.379889 0.0340328 129.84 -0.0389792 0.00529311 1.00231 -4.74323
0.378519 -0.930157 0.0165247 151.045 0.928406 0.379463 0.035248 130.639 -0.038956 0.00203318 1.00234 -4.75922
0.377877 -0.930483 0.014297 151.341 0.928661 0.378748 0.0367422 131.43 -0.0394996 -0.000568663 1.00233 -4.79378
0.377452 -0.930714 0.0122371 151.649 0.928799 0.378249 0.0388656 132.221 -0.0406926 -0.00326097 1.00229 -4.83988
0.377041 -0.930935 0.0099729 151.958 0.928922 0.377746 0.0412503 133.014 -0.0420534 -0.00624049 1.00223 -4.88862
0.376636 -0.931141 0.00864837 152.279 0.929077 0.37729 0.0424044 133.795 -0.0426292 -0.00788439 1.00221 -4.90761
0.37585 -0.931505 0.00658018 152.595 0.929465 0.376435 0.0419627 134.566 -0.041452 -0.00960039 1.00226 -4.90595
0.374928 -0.93192 0.00414066 152.896 0.929913 0.375432 0.0414693 135.329 -0.0400928 -0.011638 1.0023 -4.90828
0.373466 -0.932542 0.00289039 153.194 0.930505 0.373922 0.0422772 136.094 -0.0403963 -0.0130371 1.00229 -4.94243
0.371809 -0.933214 0.00663733 153.498 0.930935 0.372388 0.0465731 136.839 -0.045799 -0.0110792 1.00209 -5.00623
0.370044 -0.933884 0.0125972 153.789 0.931352 0.370891 0.0504128 137.57 -0.0515882 -0.00687296 1.00186 -5.078
0.368846 -0.934308 0.0175135 154.078 0.931632 0.369959 0.0524355 138.283 -0.0552875 -0.00298276 1.0017 -5.09882
0.368868 -0.934312 0.0183549 154.352 0.931633 0.370042 0.0522412 138.975 -0.0554168 -0.00212986 1.00171 -5.0994
0.369765 -0.93406 0.0140333 154.613 0.931508 0.37073 0.0499644 139.647 -0.0517042 -0.00535579 1.00191 -5.09184
0.371055 -0.933611 0.0114412 154.878 0.931301 0.371934 0.0450855 140.312 -0.0462043 -0.00602415 1.00218 -5.0852
0.372774 -0.93296 0.0108401 155.136 0.930924 0.373676 0.0385317 140.959 -0.0398843 -0.00422406 1.00248 -5.0895
0.375944 -0.931715 0.0105599 155.396 0.929916 0.376871 0.0318258 141.601 -0.0335462 -0.00209875 1.00273 -5.09902
0.380747 -0.929781 0.0108008 155.648 0.928109 0.381705 0.0275346 142.246 -0.0296553 -0.000415244 1.00287 -5.11929
0.38784 -0.926835 0.0129554 155.897 0.924996 0.388885 0.0324874 142.872 -0.0350537 -0.000573244 1.00271 -5.1963
0.39476 -0.923923 0.0132847 156.142 0.921717 0.395814 0.0416444 143.504 -0.0435986 -0.00414772 1.00238 -5.24334
0.4005 -0.921456 0.0142247 156.394 0.91887 0.40157 0.0494231 144.123 -0.051081 -0.00667366 1.00203 -5.27457
0.406223 -0.918965 0.0144359 156.669 0.916387 0.407319 0.0490909 144.7 -0.0508204 -0.00666309 1.00206 -5.2701
0.412379 -0.916269 0.0123332 156.936 0.913867 0.413411 0.0456559 145.273 -0.0467784 -0.00750375 1.00226 -5.26387
